// Start Time: Unknown
// Update Rate: 40.0Hz
// Filter Profile: human (46.1)
// Firmware Version: 4.6.0
PacketCounter	SampleTimeFine	Acc_X	Acc_Y	Acc_Z	Gyr_X	Gyr_Y	Gyr_Z	Mag_X	Mag_Y	Mag_Z	Quat_q0	Quat_q1	Quat_q2	Quat_q3
07338		9.528870	0.198425	-2.265030	-0.007844	-0.002532	-0.005722	-0.827148	-0.083496	0.734619	-0.051577	-0.783061	0.049051	-0.617858
07339		9.540442	0.224665	-2.270704	-0.009254	-0.001477	-0.005154	-0.827148	-0.085449	0.740234	-0.051706	-0.783070	0.049073	-0.617835
07340		9.546356	0.204471	-2.286759	-0.017275	-0.001364	-0.002407	-0.828369	-0.083252	0.734619	-0.051895	-0.783074	0.049183	-0.617805
07341		9.537931	0.138065	-2.293785	-0.009055	-0.005410	-0.001051	-0.823486	-0.086914	0.728027	-0.051988	-0.783111	0.049246	-0.617745
07342		9.541008	0.165948	-2.270958	0.006807	-0.008131	-0.006303	-0.821289	-0.086182	0.733887	-0.051961	-0.783184	0.049140	-0.617664
07343		9.546292	0.213471	-2.261982	-0.001764	-0.005146	-0.005055	-0.826416	-0.077148	0.738525	-0.052007	-0.783227	0.049113	-0.617607
07344		9.545710	0.213096	-2.272524	-0.003416	-0.003075	-0.006442	-0.822998	-0.078125	0.724854	-0.052083	-0.783253	0.049082	-0.617571
07345		9.545431	0.214546	-2.273560	-0.011490	-0.005942	-0.002163	-0.819824	-0.075684	0.742188	-0.052204	-0.783292	0.049157	-0.617504
07346		9.540807	0.142772	-2.260652	-0.004328	-0.007872	-0.002844	-0.826416	-0.079102	0.748291	-0.052261	-0.783352	0.049170	-0.617422
07347		9.541561	0.157968	-2.305108	0.002921	-0.007845	-0.009316	-0.824463	-0.078857	0.730225	-0.052286	-0.783418	0.049072	-0.617344
07348		9.540352	0.190467	-2.312481	-0.004560	-0.004119	-0.008795	-0.827637	-0.073486	0.743652	-0.052376	-0.783451	0.049041	-0.617297
07349		9.548368	0.184508	-2.262199	-0.000989	-0.003805	-0.012058	-0.821533	-0.078857	0.732178	-0.052448	-0.783494	0.048953	-0.617244
07350		9.531263	0.196644	-2.294254	0.006437	-0.003953	-0.014164	-0.828857	-0.083740	0.738770	-0.052470	-0.783536	0.048789	-0.617202
07351		9.536597	0.245746	-2.284626	0.006469	-0.003773	-0.012315	-0.819092	-0.092773	0.734619	-0.052473	-0.783578	0.048645	-0.617159
07352		9.530978	0.203391	-2.286796	0.007561	-0.005704	-0.008433	-0.820557	-0.085938	0.736816	-0.052469	-0.783635	0.048519	-0.617098
07353		9.543596	0.167219	-2.291376	0.018391	-0.007973	-0.012945	-0.827637	-0.077881	0.742676	-0.052374	-0.783721	0.048271	-0.617015
07354		9.557954	0.218423	-2.283330	0.020928	-0.004161	-0.010282	-0.820801	-0.082031	0.728271	-0.052199	-0.783780	0.048039	-0.616973
07355		9.545058	0.225335	-2.285522	0.015955	-0.007302	-0.007945	-0.825684	-0.069824	0.742432	-0.052088	-0.783841	0.047868	-0.616919
07356		9.538843	0.214075	-2.284470	0.007605	-0.005464	-0.005966	-0.818604	-0.084229	0.734619	-0.051983	-0.783901	0.047778	-0.616859
07357		9.532783	0.168133	-2.296962	0.022901	-0.010758	-0.004741	-0.815918	-0.086182	0.741943	-0.051795	-0.784000	0.047577	-0.616764
07358		9.547265	0.219422	-2.280340	0.028110	-0.008694	-0.005744	-0.824951	-0.081787	0.739990	-0.051561	-0.784109	0.047324	-0.616664
07359		9.539932	0.200888	-2.308609	0.021427	-0.008861	-0.001760	-0.822998	-0.075928	0.735840	-0.051333	-0.784188	0.047169	-0.616595
07360		9.536979	0.178701	-2.306417	0.023250	-0.008491	-0.001238	-0.825195	-0.075928	0.734131	-0.051061	-0.784258	0.047012	-0.616540
07361		9.533098	0.187379	-2.310298	0.015113	-0.009065	-0.005258	-0.815918	-0.077881	0.735840	-0.050897	-0.784318	0.046885	-0.616488
07362		9.530405	0.132886	-2.320928	0.010297	-0.007102	-0.008394	-0.815186	-0.071289	0.743896	-0.050834	-0.784393	0.046753	-0.616407
07363		9.547992	0.175323	-2.311760	0.016569	-0.008361	-0.013478	-0.816406	-0.076416	0.740479	-0.050661	-0.784520	0.046522	-0.616277
07364		9.548476	0.183732	-2.285130	0.009692	-0.008424	-0.014475	-0.826416	-0.073730	0.743164	-0.050614	-0.784623	0.046339	-0.616164
07365		9.544130	0.157944	-2.321019	0.007730	-0.008384	-0.016902	-0.822021	-0.081543	0.739014	-0.050546	-0.784697	0.046157	-0.616088
07366		9.552157	0.197386	-2.320355	-0.001991	-0.006468	-0.017989	-0.826660	-0.082520	0.739502	-0.050683	-0.784744	0.046039	-0.616026
07367		9.531311	0.176080	-2.306027	0.006135	-0.007166	-0.020705	-0.827148	-0.079102	0.739746	-0.050756	-0.784785	0.045835	-0.615984
07368		9.535909	0.224748	-2.307082	0.005695	-0.007558	-0.017536	-0.818848	-0.072021	0.736084	-0.050764	-0.784824	0.045669	-0.615945
07369		9.536635	0.244213	-2.342265	-0.003853	-0.009819	-0.016973	-0.825439	-0.074219	0.737793	-0.050814	-0.784893	0.045583	-0.615859
07370		9.526203	0.161608	-2.336306	-0.015827	-0.008616	-0.014791	-0.815430	-0.074707	0.742432	-0.050966	-0.784920	0.045607	-0.615811
07371		9.533097	0.152450	-2.315897	0.005789	-0.009431	-0.024217	-0.824219	-0.083984	0.739258	-0.050973	-0.785053	0.045339	-0.615660
07372		9.526615	0.225731	-2.341428	0.009633	-0.007216	-0.027689	-0.820801	-0.083496	0.737061	-0.051092	-0.785096	0.045047	-0.615617
07373		9.529527	0.222974	-2.341147	-0.000168	-0.004533	-0.026975	-0.819824	-0.079346	0.733154	-0.051319	-0.785116	0.044840	-0.615588
07374		9.526075	0.240002	-2.334273	-0.000823	-0.003729	-0.023915	-0.820068	-0.080322	0.745117	-0.051478	-0.785109	0.044679	-0.615596
07375		9.532832	0.229819	-2.322492	-0.005925	-0.006469	-0.023464	-0.814453	-0.073730	0.737305	-0.051619	-0.785202	0.044500	-0.615478
07376		9.510970	0.203911	-2.337076	0.011293	-0.009328	-0.026928	-0.818359	-0.083740	0.734131	-0.051549	-0.785310	0.044180	-0.615369
07377		9.532337	0.245546	-2.307096	0.013620	-0.005398	-0.029269	-0.816406	-0.081299	0.744141	-0.051676	-0.785330	0.043863	-0.615355
07378		9.527715	0.256628	-2.329238	0.011735	-0.004930	-0.027378	-0.820068	-0.087158	0.736572	-0.051685	-0.785437	0.043507	-0.615243
07379		9.522270	0.299485	-2.347789	0.003632	-0.004134	-0.023421	-0.820801	-0.085205	0.741699	-0.051906	-0.785435	0.043315	-0.615241
07380		9.538285	0.291862	-2.336683	-0.013092	-0.003377	-0.016649	-0.814697	-0.088379	0.742188	-0.052155	-0.785452	0.043278	-0.615200
07381		9.505861	0.205475	-2.358178	0.007040	-0.007867	-0.016947	-0.813232	-0.086914	0.744141	-0.052282	-0.785565	0.043084	-0.615059
07382		9.527509	0.246344	-2.318906	0.037545	-0.008301	-0.020520	-0.819580	-0.090088	0.740479	-0.052086	-0.785730	0.042613	-0.614897
07383		9.528972	0.316291	-2.364719	0.013173	-0.007472	-0.017835	-0.821533	-0.089111	0.739746	-0.052191	-0.785781	0.042380	-0.614840
07384		9.516997	0.247702	-2.330969	-0.000936	-0.004777	-0.015086	-0.821045	-0.088135	0.739746	-0.052388	-0.785778	0.042277	-0.614834
07385		9.536185	0.227525	-2.327919	0.019376	-0.003843	-0.017802	-0.815918	-0.085205	0.740234	-0.052376	-0.785786	0.041987	-0.614845
07386		9.527181	0.276501	-2.348396	0.030899	-0.005512	-0.018066	-0.822510	-0.087158	0.743164	-0.052192	-0.785860	0.041604	-0.614792
07387		9.530389	0.317550	-2.377760	0.019423	-0.003593	-0.015337	-0.821777	-0.080078	0.743408	-0.052120	-0.785880	0.041324	-0.614792
07388		9.544110	0.284205	-2.371374	0.010136	-0.000051	-0.012849	-0.814453	-0.088379	0.749756	-0.051954	-0.785878	0.041114	-0.614822
07389		9.534171	0.269639	-2.327801	0.010416	-0.000929	-0.009653	-0.820557	-0.081543	0.740723	-0.051956	-0.785999	0.040942	-0.614679
07390		9.526678	0.286751	-2.341335	0.017653	-0.002488	-0.007273	-0.822021	-0.084717	0.745117	-0.051728	-0.785997	0.040749	-0.614714
07391		9.519562	0.305162	-2.345304	0.017353	-0.000503	-0.005589	-0.814453	-0.083252	0.746582	-0.051547	-0.786006	0.040561	-0.614730
07392		9.529635	0.276560	-2.349780	0.008018	-0.000059	-0.002790	-0.817627	-0.082275	0.741699	-0.051425	-0.786082	0.040471	-0.614648
07393		9.538980	0.244231	-2.373405	0.005672	-0.001342	-0.005069	-0.814453	-0.087891	0.749512	-0.051342	-0.786092	0.040395	-0.614648
07394		9.533702	0.235253	-2.360989	0.007346	0.002290	-0.009240	-0.818359	-0.086182	0.744629	-0.051373	-0.786177	0.040238	-0.614546
07395		9.519371	0.271226	-2.377276	0.004498	0.000238	-0.012048	-0.821045	-0.081299	0.746094	-0.051425	-0.786196	0.040093	-0.614528
07396		9.525414	0.288526	-2.369857	-0.014421	0.005027	-0.010574	-0.815674	-0.079346	0.751465	-0.051520	-0.786158	0.040096	-0.614568
07397		9.526924	0.214396	-2.332750	-0.019412	0.001605	-0.010670	-0.818115	-0.083496	0.744141	-0.051596	-0.786244	0.040120	-0.614450
07398		9.545415	0.227095	-2.325218	-0.002838	-0.001621	-0.017204	-0.814453	-0.087891	0.742188	-0.051680	-0.786271	0.039988	-0.614416
07399		9.525177	0.300490	-2.369321	0.007079	-0.002076	-0.021272	-0.818359	-0.085693	0.750488	-0.051809	-0.786320	0.039750	-0.614359
07400		9.540727	0.327062	-2.344649	-0.024928	0.000113	-0.015310	-0.822754	-0.087646	0.740479	-0.052085	-0.786375	0.039768	-0.614264
07401		9.522500	0.239491	-2.344580	-0.020950	-0.000906	-0.014109	-0.812012	-0.091309	0.735352	-0.052397	-0.786302	0.039817	-0.614327
07402		9.542862	0.273934	-2.342177	-0.001079	-0.004451	-0.017614	-0.822754	-0.084961	0.738037	-0.052673	-0.786312	0.039723	-0.614297
07403		9.535817	0.298340	-2.336956	-0.011287	-0.003193	-0.017362	-0.808350	-0.085205	0.745605	-0.052835	-0.786243	0.039677	-0.614375
07404		9.511023	0.279724	-2.351982	-0.004295	-0.003668	-0.016326	-0.810791	-0.086914	0.741699	-0.052910	-0.786379	0.039570	-0.614200
07405		9.517668	0.266020	-2.349719	0.001774	-0.006470	-0.018146	-0.823242	-0.096924	0.741455	-0.052991	-0.786477	0.039419	-0.614078
07406		9.545032	0.283964	-2.335836	0.020599	-0.010558	-0.019065	-0.821289	-0.095947	0.748535	-0.053072	-0.786505	0.039095	-0.614056
07407		9.513637	0.335426	-2.357212	0.019078	-0.008855	-0.017932	-0.815674	-0.088867	0.741699	-0.053093	-0.786601	0.038760	-0.613952
07408		9.539471	0.295386	-2.361226	0.010812	-0.007752	-0.016485	-0.819336	-0.080566	0.739258	-0.053084	-0.786662	0.038550	-0.613889
07409		9.510794	0.284351	-2.379583	0.012812	-0.011717	-0.016164	-0.822754	-0.093262	0.747803	-0.052861	-0.786700	0.038331	-0.613873
07410		9.516406	0.353029	-2.386051	0.023208	-0.007365	-0.016995	-0.821533	-0.084717	0.749756	-0.052771	-0.786759	0.037974	-0.613826
07411		9.518621	0.331241	-2.352504	0.004002	-0.003360	-0.009803	-0.811279	-0.091797	0.738281	-0.052623	-0.786801	0.037827	-0.613795
07412		9.526809	0.283367	-2.352634	0.005719	0.000597	-0.010891	-0.804443	-0.086914	0.747559	-0.052743	-0.786785	0.037743	-0.613810
07413		9.521245	0.322534	-2.370173	0.016295	0.000598	-0.011917	-0.813232	-0.086914	0.743164	-0.052612	-0.786923	0.037527	-0.613658
07414		9.522026	0.377667	-2.370962	0.005707	0.004676	-0.007557	-0.814453	-0.084717	0.746826	-0.052555	-0.786901	0.037437	-0.613696
07415		9.518701	0.338311	-2.351174	-0.002879	0.004791	-0.002873	-0.814453	-0.087158	0.751221	-0.052471	-0.786898	0.037434	-0.613708
07416		9.509170	0.282236	-2.347676	-0.001560	0.004412	-0.002884	-0.817627	-0.085449	0.741455	-0.052399	-0.786938	0.037391	-0.613665
07417		9.523280	0.294697	-2.369704	0.009108	0.003690	-0.005087	-0.811035	-0.093262	0.743896	-0.052265	-0.786874	0.037309	-0.613764
07418		9.522180	0.327561	-2.365721	0.015341	0.003461	-0.006549	-0.817871	-0.092041	0.743652	-0.052252	-0.786893	0.037152	-0.613750
07419		9.515582	0.347733	-2.358886	0.005445	0.004018	-0.001237	-0.818115	-0.085205	0.742920	-0.052248	-0.786841	0.037110	-0.613819
07420		9.509263	0.280191	-2.363332	-0.001435	0.003878	-0.002213	-0.821289	-0.086426	0.746094	-0.052180	-0.786782	0.037118	-0.613900
07421		9.524440	0.298680	-2.356638	0.004559	0.004780	-0.004403	-0.819580	-0.099365	0.737061	-0.052064	-0.786728	0.037030	-0.613985
07422		9.517920	0.319380	-2.349399	0.002523	0.005646	-0.004414	-0.816895	-0.096436	0.741699	-0.052312	-0.786596	0.037021	-0.614133
07423		9.526264	0.317498	-2.377812	-0.001060	0.005182	-0.002360	-0.815918	-0.094727	0.746094	-0.052485	-0.786532	0.037034	-0.614199
07424		9.529130	0.294092	-2.341893	0.003696	0.002769	-0.004166	-0.816895	-0.089600	0.745117	-0.052559	-0.786540	0.036975	-0.614186
07425		9.532224	0.322267	-2.317196	0.004288	0.002813	-0.004818	-0.815430	-0.081299	0.741211	-0.052521	-0.786534	0.036903	-0.614202
07426		9.527407	0.323823	-2.356563	-0.004812	0.002089	-0.001282	-0.812500	-0.088867	0.742676	-0.052399	-0.786505	0.036952	-0.614246
07427		9.517176	0.303610	-2.331338	0.001444	0.001992	-0.001505	-0.816650	-0.093262	0.741699	-0.052384	-0.786514	0.036960	-0.614235
07428		9.526003	0.305294	-2.341556	0.000955	0.001285	-0.001415	-0.822998	-0.085938	0.744385	-0.052452	-0.786488	0.036967	-0.614263
07429		9.527048	0.271818	-2.353861	-0.005572	0.002318	-0.003775	-0.815674	-0.084229	0.738525	-0.052406	-0.786430	0.036957	-0.614342
07430		9.495011	0.304103	-2.348751	0.005543	0.002048	-0.008533	-0.809082	-0.086182	0.740479	-0.052315	-0.786390	0.036868	-0.614406
07431		9.532039	0.323766	-2.333495	0.001314	0.001215	-0.008916	-0.818359	-0.084961	0.735107	-0.052326	-0.786419	0.036822	-0.614371
07432		9.524005	0.288002	-2.344663	0.002198	0.003356	-0.007917	-0.819824	-0.090576	0.740967	-0.052289	-0.786319	0.036773	-0.614505
07433		9.526346	0.313108	-2.339127	0.008047	0.001762	-0.009846	-0.817139	-0.086914	0.746582	-0.052287	-0.786276	0.036637	-0.614568
07434		9.524424	0.343162	-2.354451	-0.001533	0.003292	-0.007773	-0.811035	-0.087646	0.740234	-0.052257	-0.786282	0.036556	-0.614567
07435		9.506454	0.288528	-2.331243	0.000048	0.001915	-0.005818	-0.820557	-0.083496	0.748535	-0.052277	-0.786290	0.036545	-0.614556
07436		9.526240	0.316064	-2.347079	0.010594	0.001736	-0.008689	-0.813721	-0.078613	0.743896	-0.052035	-0.786310	0.036329	-0.614565
07437		9.527560	0.334636	-2.370255	0.002344	0.002952	-0.006009	-0.818359	-0.089111	0.742432	-0.051816	-0.786324	0.036242	-0.614570
07438		9.524574	0.297701	-2.341137	-0.009668	0.003909	-0.005038	-0.816895	-0.092041	0.734863	-0.051926	-0.786275	0.036283	-0.614620
07439		9.539166	0.264194	-2.332824	-0.002138	0.006083	-0.009910	-0.818115	-0.082275	0.740723	-0.052125	-0.786166	0.036294	-0.614742
07440		9.523973	0.336389	-2.326035	0.008889	0.003648	-0.011318	-0.815430	-0.089844	0.743408	-0.051957	-0.786130	0.036117	-0.614813
07441		9.532198	0.335994	-2.354869	0.003247	0.003914	-0.010513	-0.811523	-0.085449	0.742188	-0.051987	-0.786126	0.036001	-0.614822
07442		9.521640	0.315522	-2.339067	-0.006123	0.001211	-0.007395	-0.816650	-0.085449	0.743408	-0.052014	-0.786154	0.035993	-0.614785
07443		9.537049	0.297719	-2.364391	-0.010107	0.005111	-0.010770	-0.818115	-0.088867	0.739746	-0.052079	-0.786125	0.035957	-0.614819
07444		9.523581	0.291073	-2.331059	0.002938	0.001690	-0.013398	-0.814453	-0.093994	0.739014	-0.052127	-0.786094	0.035840	-0.614862
07445		9.530877	0.327673	-2.338243	0.001372	0.000228	-0.012568	-0.820068	-0.084961	0.732910	-0.052301	-0.786090	0.035775	-0.614856
07446		9.532218	0.298389	-2.341368	0.007492	0.000610	-0.014080	-0.819336	-0.089111	0.741211	-0.052264	-0.786008	0.035650	-0.614971
07447		9.527315	0.344375	-2.330773	0.002064	-0.003355	-0.012228	-0.827881	-0.079834	0.732666	-0.052283	-0.786021	0.035531	-0.614959
07448		9.526320	0.291803	-2.339604	0.006136	-0.002176	-0.014372	-0.813721	-0.094727	0.741455	-0.052126	-0.785913	0.035370	-0.615120
07449		9.530105	0.339421	-2.339717	0.007225	-0.001357	-0.014497	-0.812500	-0.086426	0.741211	-0.052250	-0.785953	0.035230	-0.615066
07450		9.519904	0.333100	-2.367557	-0.001671	-0.000526	-0.014256	-0.823242	-0.091064	0.734619	-0.052280	-0.785990	0.035114	-0.615023
07451		9.513456	0.309057	-2.331569	0.001331	-0.000035	-0.015042	-0.817139	-0.092041	0.734375	-0.052408	-0.785905	0.035035	-0.615125
07452		9.528137	0.330368	-2.325996	0.004575	-0.000672	-0.015096	-0.816895	-0.087646	0.732910	-0.052539	-0.785866	0.034948	-0.615169
07453		9.521243	0.313227	-2.361657	0.007799	-0.001438	-0.016386	-0.820557	-0.094727	0.737549	-0.052550	-0.785830	0.034795	-0.615222
07454		9.514736	0.340699	-2.336881	0.005750	-0.000645	-0.017018	-0.823975	-0.089111	0.747070	-0.052697	-0.785796	0.034660	-0.615262
07455		9.525463	0.317736	-2.331732	0.006353	-0.000533	-0.017052	-0.816895	-0.094727	0.741699	-0.052618	-0.785813	0.034380	-0.615262
07456		9.527106	0.342608	-2.336400	0.013571	0.000745	-0.018074	-0.812256	-0.088623	0.746338	-0.052665	-0.785827	0.034143	-0.615253
07457		9.511177	0.364047	-2.320265	0.007716	-0.003611	-0.013037	-0.812744	-0.091797	0.742920	-0.052572	-0.785932	0.033928	-0.615139
07458		9.521038	0.387289	-2.345954	0.002209	-0.003827	-0.010938	-0.816650	-0.085938	0.738037	-0.052611	-0.786002	0.033828	-0.615052
07459		9.528536	0.373457	-2.332983	-0.003782	0.002561	-0.004500	-0.815918	-0.089844	0.741455	-0.052561	-0.785960	0.033823	-0.615110
07460		9.524468	0.328295	-2.342307	-0.005492	0.001496	-0.005578	-0.815918	-0.099121	0.743164	-0.052593	-0.785953	0.033820	-0.615116
07461		9.526807	0.354842	-2.327840	0.018056	-0.001044	-0.007430	-0.815430	-0.103271	0.747070	-0.052585	-0.785989	0.033668	-0.615080
07462		9.525727	0.349491	-2.356915	0.011325	-0.001618	-0.006500	-0.819336	-0.092285	0.749268	-0.052692	-0.786051	0.033573	-0.614997
07463		9.522276	0.361574	-2.349442	0.007224	-0.000037	-0.007763	-0.818848	-0.086914	0.746582	-0.052599	-0.786094	0.033403	-0.614959
07464		9.529915	0.347123	-2.336054	0.003668	0.002648	-0.005409	-0.817139	-0.093750	0.745117	-0.052442	-0.786099	0.033275	-0.614973
07465		9.516704	0.349240	-2.355266	0.003096	0.002733	-0.003522	-0.810791	-0.094971	0.740967	-0.052421	-0.786099	0.033218	-0.614977
07466		9.524152	0.332149	-2.351030	-0.000023	0.002833	-0.002793	-0.813477	-0.089600	0.738281	-0.052502	-0.786104	0.033251	-0.614963
07467		9.511875	0.340415	-2.341629	0.001269	0.002264	-0.004657	-0.816895	-0.092529	0.747314	-0.052494	-0.786084	0.033245	-0.614989
07468		9.533424	0.337370	-2.350939	0.005612	0.002521	-0.004217	-0.816650	-0.095215	0.740723	-0.052416	-0.786104	0.033141	-0.614975
07469		9.529810	0.346957	-2.352451	0.002952	0.000168	-0.003876	-0.810303	-0.090576	0.748535	-0.052457	-0.786098	0.033127	-0.614981
07470		9.529862	0.347582	-2.352150	0.006224	0.002699	-0.003633	-0.813232	-0.100098	0.741455	-0.052353	-0.786161	0.033032	-0.614914
07471		9.513785	0.310791	-2.343180	0.004069	0.001187	-0.002147	-0.813477	-0.095703	0.748047	-0.052460	-0.786167	0.033045	-0.614897
07472		9.532621	0.322253	-2.325655	0.004203	0.003686	-0.002411	-0.810547	-0.087158	0.739502	-0.052450	-0.786195	0.032995	-0.614863
07473		9.541184	0.322179	-2.345193	0.013161	0.001884	-0.006303	-0.813965	-0.094727	0.742188	-0.052304	-0.786209	0.032881	-0.614864
07474		9.528345	0.379493	-2.356643	0.008148	0.002440	-0.003677	-0.810547	-0.083496	0.743408	-0.052285	-0.786211	0.032824	-0.614867
07475		9.536492	0.366226	-2.333036	-0.009100	0.005230	0.001038	-0.818359	-0.093262	0.738281	-0.052225	-0.786206	0.032917	-0.614873
07476		9.518534	0.305643	-2.328429	0.000882	0.002214	0.001614	-0.813232	-0.087402	0.746338	-0.052221	-0.786156	0.032974	-0.614934
07477		9.534821	0.342219	-2.336557	0.013377	0.001949	-0.000064	-0.816162	-0.081299	0.739258	-0.051985	-0.786196	0.032867	-0.614910
07478		9.524029	0.367884	-2.341344	0.006817	0.004136	0.003073	-0.817627	-0.085938	0.734131	-0.051733	-0.786155	0.032863	-0.614982
07479		9.527166	0.351431	-2.366812	0.003151	0.007484	0.005983	-0.815918	-0.093262	0.740234	-0.051608	-0.786047	0.032964	-0.615126
07480		9.536203	0.340117	-2.323209	0.001265	0.008008	0.008497	-0.817139	-0.091797	0.744141	-0.051568	-0.785978	0.033083	-0.615211
07481		9.516718	0.360596	-2.325800	0.000964	0.007166	0.012972	-0.821289	-0.096680	0.739502	-0.051443	-0.785934	0.033210	-0.615271
07482		9.528596	0.332683	-2.308780	-0.006908	0.009794	0.016733	-0.814697	-0.084717	0.732422	-0.051464	-0.785814	0.033469	-0.615409
07483		9.524835	0.280395	-2.325911	-0.002845	0.007949	0.015528	-0.815430	-0.094238	0.738281	-0.051331	-0.785709	0.033715	-0.615541
07484		9.518334	0.296575	-2.318420	0.012508	0.005603	0.012720	-0.817871	-0.085449	0.745117	-0.051192	-0.785663	0.033815	-0.615606
07485		9.536933	0.300097	-2.318949	0.005776	0.007996	0.012086	-0.813721	-0.089111	0.734619	-0.050938	-0.785626	0.033869	-0.615670
07486		9.517956	0.322150	-2.311346	0.002930	0.013096	0.012279	-0.813965	-0.088135	0.735840	-0.050857	-0.785507	0.034045	-0.615818
07487		9.519131	0.321167	-2.298582	0.002095	0.014178	0.012195	-0.812500	-0.092529	0.745605	-0.050765	-0.785389	0.034213	-0.615968
07488		9.551738	0.283183	-2.319010	-0.018792	0.010264	0.018970	-0.820801	-0.086914	0.740723	-0.050857	-0.785349	0.034580	-0.615991
07489		9.515487	0.210644	-2.320870	-0.013000	0.005257	0.014286	-0.817139	-0.097656	0.738281	-0.050822	-0.785288	0.034828	-0.616057
07490		9.528516	0.203393	-2.318849	-0.000136	0.004818	0.004503	-0.821289	-0.089111	0.742920	-0.050938	-0.785245	0.034956	-0.616096
07491		9.508891	0.277297	-2.333243	0.007740	0.005143	-0.000809	-0.824219	-0.093750	0.735352	-0.050840	-0.785217	0.034895	-0.616143
07492		9.531548	0.279718	-2.312989	0.011546	0.007251	-0.005538	-0.817383	-0.087646	0.739502	-0.050835	-0.785121	0.034794	-0.616271
07493		9.525805	0.306501	-2.276814	0.008418	0.007290	-0.005432	-0.813721	-0.095703	0.731445	-0.050780	-0.785082	0.034712	-0.616331
07494		9.546722	0.245488	-2.302761	0.013457	0.003960	-0.004636	-0.819092	-0.085693	0.744141	-0.050846	-0.785041	0.034688	-0.616378
07495		9.506846	0.239979	-2.300523	0.044090	-0.002793	-0.005628	-0.817139	-0.090088	0.738281	-0.050388	-0.785121	0.034307	-0.616335
07496		9.543262	0.306779	-2.306829	0.040700	0.001132	-0.009677	-0.821777	-0.085938	0.737061	-0.050105	-0.785144	0.033961	-0.616348
07497		9.534207	0.303045	-2.305800	0.037006	0.001326	-0.007071	-0.816650	-0.081055	0.740723	-0.049760	-0.785136	0.033628	-0.616404
07498		9.541889	0.287063	-2.292015	0.022623	0.005103	-0.004467	-0.824951	-0.082275	0.741699	-0.049488	-0.785133	0.033430	-0.616441
07499		9.539125	0.248675	-2.262291	0.019378	0.005737	-0.004421	-0.810303	-0.099609	0.735596	-0.049230	-0.785090	0.033217	-0.616528
07500		9.545500	0.274113	-2.306995	0.016446	0.004310	-0.006667	-0.819092	-0.084717	0.742188	-0.049383	-0.785085	0.033186	-0.616524
07501		9.552753	0.308771	-2.314400	-0.015945	-0.002054	-0.002345	-0.821289	-0.089600	0.744873	-0.049525	-0.785108	0.033318	-0.616476
07502		9.518769	0.123312	-2.322365	-0.006644	-0.002843	-0.008841	-0.821533	-0.087158	0.738281	-0.049676	-0.785147	0.033315	-0.616414
07503		9.543159	0.205590	-2.301125	0.026314	-0.001068	-0.022071	-0.812988	-0.084473	0.737061	-0.049576	-0.785165	0.032926	-0.616421
07504		9.550803	0.301730	-2.292221	0.005290	-0.003036	-0.026124	-0.820312	-0.090576	0.735107	-0.049724	-0.785216	0.032707	-0.616355
07505		9.548016	0.229380	-2.305249	-0.014826	-0.002589	-0.026715	-0.818848	-0.083252	0.739258	-0.050119	-0.785208	0.032614	-0.616338
07506		9.557581	0.202398	-2.338292	-0.000269	-0.002168	-0.037282	-0.819580	-0.087891	0.737549	-0.050334	-0.785240	0.032277	-0.616298
07507		9.523490	0.330202	-2.323652	-0.004270	0.001631	-0.041304	-0.818848	-0.094971	0.736572	-0.050678	-0.785228	0.031943	-0.616302
07508		9.534150	0.365070	-2.328316	-0.034969	0.006490	-0.033871	-0.814453	-0.087158	0.739014	-0.051364	-0.785152	0.031949	-0.616342
07509		9.519727	0.303049	-2.329872	-0.019992	0.010189	-0.032291	-0.813477	-0.098145	0.738281	-0.051778	-0.785091	0.031838	-0.616390
07510		9.537328	0.358953	-2.288738	-0.006731	0.006768	-0.029888	-0.816162	-0.090820	0.736816	-0.052196	-0.785063	0.031704	-0.616399
07511		9.520578	0.375733	-2.308629	-0.009293	0.008179	-0.023696	-0.812500	-0.087646	0.731445	-0.052458	-0.785004	0.031595	-0.616456
07512		9.549140	0.347298	-2.269664	-0.014306	0.008795	-0.020463	-0.816895	-0.092529	0.739746	-0.052716	-0.784929	0.031563	-0.616532
07513		9.539287	0.340274	-2.305263	0.011084	0.003777	-0.020175	-0.814453	-0.095947	0.737793	-0.052751	-0.784930	0.031332	-0.616540
07514		9.535142	0.403989	-2.317801	0.009706	0.002251	-0.014336	-0.816162	-0.094238	0.733398	-0.052819	-0.784939	0.031204	-0.616529
07515		9.542906	0.390721	-2.303734	-0.003073	0.004944	-0.006678	-0.816406	-0.089111	0.743164	-0.052919	-0.784888	0.031226	-0.616583
07516		9.527237	0.354846	-2.293647	-0.003984	0.007022	-0.003115	-0.823730	-0.087158	0.730225	-0.052917	-0.784868	0.031263	-0.616607
07517		9.540797	0.354465	-2.272252	-0.005403	0.005159	-0.000366	-0.819092	-0.092285	0.733154	-0.052843	-0.784772	0.031278	-0.616735
07518		9.550084	0.302457	-2.279943	-0.001284	0.003731	0.002149	-0.816895	-0.090576	0.735107	-0.052814	-0.784721	0.031350	-0.616799
07519		9.533811	0.316479	-2.281913	0.017408	0.002849	-0.005273	-0.824707	-0.092529	0.732910	-0.052644	-0.784711	0.031210	-0.616833
07520		9.520547	0.371504	-2.302698	0.005627	0.005624	-0.004544	-0.824707	-0.086914	0.736816	-0.052579	-0.784630	0.031133	-0.616945
07521		9.541502	0.353247	-2.277677	0.005539	0.006490	-0.002131	-0.817627	-0.089844	0.728760	-0.052407	-0.784564	0.031042	-0.617049
07522		9.540248	0.332188	-2.271414	0.002417	0.006580	-0.001410	-0.825195	-0.091553	0.729980	-0.052370	-0.784485	0.031069	-0.617151
07523		9.535493	0.321893	-2.257617	0.009516	0.005456	-0.001529	-0.821045	-0.098145	0.738037	-0.052247	-0.784396	0.031005	-0.617277
07524		9.526110	0.367194	-2.275983	0.002938	0.007629	0.001588	-0.818848	-0.086182	0.739502	-0.052274	-0.784337	0.031072	-0.617347
07525		9.533763	0.346809	-2.279920	-0.007024	0.007854	0.004400	-0.816406	-0.093262	0.737061	-0.052198	-0.784290	0.031168	-0.617408
07526		9.540513	0.311232	-2.250462	-0.004481	0.007851	0.005567	-0.818359	-0.095215	0.736084	-0.052219	-0.784241	0.031327	-0.617461
07527		9.543734	0.348191	-2.277335	0.002142	0.006084	0.006161	-0.827637	-0.092529	0.747559	-0.052194	-0.784197	0.031449	-0.617513
07528		9.553257	0.350302	-2.276507	-0.013952	0.008857	0.008901	-0.817871	-0.100586	0.731934	-0.052189	-0.784139	0.031617	-0.617578
07529		9.549138	0.286950	-2.250732	-0.009240	0.007476	0.010769	-0.822754	-0.097656	0.735596	-0.052335	-0.784059	0.031920	-0.617652
07530		9.549147	0.281009	-2.268070	-0.001106	0.006702	0.006203	-0.818115	-0.095459	0.729248	-0.052355	-0.783992	0.032057	-0.617728
07531		9.527876	0.283922	-2.257359	-0.000334	0.001990	0.001676	-0.821045	-0.096191	0.733887	-0.052408	-0.783956	0.032176	-0.617763
07532		9.541935	0.295810	-2.279713	0.004308	0.002962	-0.003586	-0.824463	-0.083740	0.738525	-0.052442	-0.783927	0.032187	-0.617797
07533		9.546039	0.290087	-2.267420	-0.002328	0.004597	-0.005419	-0.821289	-0.087158	0.737061	-0.052347	-0.783895	0.032122	-0.617848
07534		9.549789	0.280936	-2.273716	0.002092	0.006896	-0.009564	-0.825684	-0.094727	0.731934	-0.052312	-0.783854	0.032026	-0.617908
07535		9.548192	0.315490	-2.269407	0.005549	0.004814	-0.011957	-0.826904	-0.090820	0.731689	-0.052358	-0.783793	0.031914	-0.617987
07536		9.544939	0.328949	-2.260402	0.001476	0.006646	-0.010769	-0.822510	-0.094482	0.729248	-0.052370	-0.783712	0.031812	-0.618094
07537		9.538160	0.297686	-2.251757	0.005430	0.002383	-0.011068	-0.815918	-0.089600	0.736816	-0.052429	-0.783672	0.031740	-0.618144
07538		9.526919	0.323999	-2.266230	0.011479	0.003799	-0.008914	-0.815918	-0.096436	0.727783	-0.052357	-0.783682	0.031628	-0.618143
07539		9.554595	0.340613	-2.249244	0.004499	0.004326	-0.008744	-0.822510	-0.093506	0.739502	-0.052477	-0.783642	0.031644	-0.618183
07540		9.539596	0.318171	-2.282392	-0.005002	0.005056	-0.007889	-0.818115	-0.097900	0.737305	-0.052576	-0.783618	0.031652	-0.618205
07541		9.546101	0.285668	-2.253438	0.000285	0.006550	-0.009472	-0.822754	-0.094971	0.729736	-0.052726	-0.783591	0.031665	-0.618225
07542		9.547959	0.309098	-2.256796	0.002449	0.005107	-0.009387	-0.815918	-0.089844	0.734619	-0.052791	-0.783532	0.031620	-0.618297
07543		9.553187	0.321637	-2.268367	-0.001297	0.001850	-0.009543	-0.822021	-0.091064	0.736084	-0.052852	-0.783541	0.031612	-0.618280
07544		9.543020	0.303294	-2.243087	0.004837	0.002337	-0.010419	-0.821777	-0.094727	0.737061	-0.052838	-0.783537	0.031513	-0.618292
07545		9.544899	0.329028	-2.237579	0.008795	0.004132	-0.012617	-0.822021	-0.092285	0.737305	-0.052854	-0.783525	0.031385	-0.618312
07546		9.546420	0.350574	-2.250880	-0.001767	0.004299	-0.009167	-0.830811	-0.093994	0.729980	-0.052911	-0.783505	0.031356	-0.618335
07547		9.533962	0.302294	-2.258661	0.000530	0.002397	-0.007785	-0.823975	-0.083740	0.732666	-0.052913	-0.783441	0.031284	-0.618419
07548		9.537704	0.295726	-2.256417	0.000128	0.000684	-0.011343	-0.818359	-0.091553	0.735352	-0.052840	-0.783431	0.031160	-0.618444
07549		9.548080	0.321209	-2.271365	-0.003836	0.001847	-0.010716	-0.825195	-0.099365	0.731934	-0.052935	-0.783435	0.031151	-0.618431
07550		9.543170	0.315985	-2.249083	-0.000612	0.000962	-0.013228	-0.818848	-0.096680	0.733643	-0.053094	-0.783410	0.031110	-0.618452
07551		9.555330	0.307651	-2.276361	0.002153	0.002663	-0.014125	-0.822754	-0.088867	0.731934	-0.053224	-0.783403	0.031055	-0.618452
07552		9.547179	0.315986	-2.236402	-0.000746	0.004448	-0.015477	-0.820312	-0.089355	0.735840	-0.053263	-0.783364	0.030934	-0.618503
07553		9.552112	0.328098	-2.257585	0.003441	0.001893	-0.017840	-0.824463	-0.093750	0.734863	-0.053288	-0.783373	0.030768	-0.618498
07554		9.552127	0.332167	-2.256927	-0.004966	0.003568	-0.015876	-0.812500	-0.090332	0.730225	-0.053417	-0.783344	0.030691	-0.618528
07555		9.544990	0.298697	-2.267623	0.003171	0.002748	-0.021054	-0.818115	-0.087891	0.736816	-0.053534	-0.783350	0.030561	-0.618516
07556		9.547236	0.333364	-2.233635	0.011213	0.002796	-0.023819	-0.818115	-0.092773	0.731689	-0.053507	-0.783372	0.030270	-0.618506
07557		9.530333	0.348287	-2.254704	0.010847	0.004515	-0.024621	-0.818604	-0.095703	0.734375	-0.053570	-0.783358	0.030022	-0.618530
07558		9.534326	0.346962	-2.242264	0.009518	0.004809	-0.025238	-0.821045	-0.094482	0.728760	-0.053675	-0.783349	0.029781	-0.618544
07559		9.556045	0.351008	-2.241747	0.013356	0.001020	-0.026830	-0.825684	-0.096436	0.745605	-0.053739	-0.783343	0.029499	-0.618559
07560		9.544576	0.382616	-2.247206	0.011471	0.001741	-0.022467	-0.823242	-0.104004	0.734863	-0.053734	-0.783379	0.029190	-0.618529
07561		9.543217	0.368243	-2.232499	0.003898	0.002258	-0.021035	-0.826416	-0.100342	0.735352	-0.053931	-0.783369	0.029050	-0.618531
07562		9.549027	0.332005	-2.233332	0.016883	-0.000433	-0.023656	-0.822021	-0.094727	0.735107	-0.053951	-0.783382	0.028745	-0.618527
07563		9.535022	0.393487	-2.246059	0.018181	-0.001136	-0.026755	-0.820557	-0.095459	0.727051	-0.053934	-0.783417	0.028396	-0.618500
07564		9.566932	0.422253	-2.252153	0.003043	0.000024	-0.022650	-0.817139	-0.097168	0.731201	-0.054073	-0.783405	0.028248	-0.618511
07565		9.548299	0.347556	-2.234079	-0.002840	-0.001612	-0.021035	-0.826416	-0.100586	0.729004	-0.054279	-0.783426	0.028171	-0.618469
07566		9.562343	0.370357	-2.229036	0.005146	-0.003357	-0.017338	-0.821045	-0.095215	0.731445	-0.054371	-0.783427	0.028043	-0.618466
07567		9.524562	0.406427	-2.256733	0.007440	-0.005384	-0.017189	-0.818359	-0.098389	0.740479	-0.054389	-0.783473	0.027887	-0.618413
07568		9.537298	0.408958	-2.237905	0.009625	-0.003446	-0.014964	-0.820557	-0.100586	0.732422	-0.054395	-0.783544	0.027734	-0.618329
07569		9.546958	0.432250	-2.263696	0.001125	-0.003957	-0.009629	-0.814697	-0.094727	0.731201	-0.054482	-0.783573	0.027730	-0.618285
07570		9.569422	0.379365	-2.262564	0.000902	-0.002492	-0.007275	-0.826172	-0.102783	0.728027	-0.054512	-0.783605	0.027752	-0.618241
07571		9.541100	0.350797	-2.245791	0.003910	-0.001900	-0.007435	-0.823975	-0.094727	0.739746	-0.054561	-0.783584	0.027744	-0.618263
07572		9.538269	0.380369	-2.262515	0.014355	-0.001420	-0.010951	-0.825195	-0.093018	0.730469	-0.054413	-0.783621	0.027544	-0.618239
07573		9.550935	0.377390	-2.261849	0.012043	0.000398	-0.012958	-0.823486	-0.093262	0.730957	-0.054305	-0.783605	0.027361	-0.618276
07574		9.535970	0.419299	-2.250034	0.007580	0.003920	-0.012577	-0.830078	-0.096924	0.732422	-0.054251	-0.783566	0.027225	-0.618337
07575		9.539712	0.410859	-2.256826	0.004583	0.003464	-0.011180	-0.825195	-0.100098	0.732422	-0.054226	-0.783513	0.027111	-0.618411
07576		9.544105	0.410367	-2.225790	0.009442	0.001736	-0.007383	-0.827881	-0.094727	0.734131	-0.054187	-0.783489	0.027042	-0.618447
07577		9.548432	0.413515	-2.275946	0.000651	0.001857	-0.007119	-0.814209	-0.095947	0.735840	-0.054146	-0.783459	0.026988	-0.618491
07578		9.543729	0.406809	-2.253272	-0.002225	0.004037	-0.004762	-0.815674	-0.100586	0.734863	-0.054189	-0.783457	0.027037	-0.618489
07579		9.551542	0.390358	-2.248635	-0.005572	0.002341	-0.002590	-0.828125	-0.098389	0.721191	-0.054303	-0.783454	0.027164	-0.618476
07580		9.541567	0.370282	-2.223753	0.009735	-0.002131	-0.003205	-0.819580	-0.103760	0.733643	-0.054238	-0.783412	0.027181	-0.618534
07581		9.544046	0.412995	-2.233960	0.013941	-0.001367	-0.004049	-0.820312	-0.098145	0.729736	-0.054200	-0.783436	0.027161	-0.618509
07582		9.544770	0.427970	-2.267669	-0.007938	-0.000883	0.000974	-0.819580	-0.103516	0.729980	-0.054277	-0.783424	0.027338	-0.618509
07583		9.536151	0.358321	-2.221930	-0.007686	-0.002004	0.001716	-0.817627	-0.099365	0.735596	-0.054418	-0.783423	0.027563	-0.618488
07584		9.544511	0.355881	-2.251934	0.001546	-0.001893	-0.002974	-0.815186	-0.099609	0.729248	-0.054442	-0.783455	0.027623	-0.618443
07585		9.554767	0.383740	-2.248944	0.001904	-0.003816	-0.004028	-0.821533	-0.101807	0.728760	-0.054503	-0.783487	0.027714	-0.618393
07586		9.537212	0.386072	-2.209839	0.009337	-0.003992	-0.008004	-0.816650	-0.103516	0.729736	-0.054515	-0.783506	0.027690	-0.618369
07587		9.537470	0.399495	-2.254163	0.006989	-0.007008	-0.002583	-0.822266	-0.097168	0.736328	-0.054556	-0.783560	0.027778	-0.618292
07588		9.544782	0.382238	-2.251845	0.002291	-0.005393	-0.001986	-0.822510	-0.102051	0.732910	-0.054509	-0.783607	0.027805	-0.618235
07589		9.547350	0.356979	-2.227354	0.010937	-0.005192	-0.004790	-0.822998	-0.099365	0.726807	-0.054469	-0.783645	0.027784	-0.618192
07590		9.549180	0.395768	-2.257703	0.018750	-0.007015	-0.007346	-0.824707	-0.098389	0.729248	-0.054341	-0.783681	0.027669	-0.618163
07591		9.538523	0.443912	-2.269942	0.002286	-0.005463	-0.002603	-0.823486	-0.095703	0.729980	-0.054314	-0.783696	0.027704	-0.618145
07592		9.545897	0.354210	-2.250852	-0.000828	-0.005256	-0.000646	-0.819336	-0.096191	0.740479	-0.054273	-0.783713	0.027766	-0.618124
07593		9.551106	0.371258	-2.235874	0.011303	-0.003744	-0.003711	-0.816162	-0.097900	0.736816	-0.054153	-0.783773	0.027706	-0.618061
07594		9.545405	0.426970	-2.269387	0.008673	-0.002753	-0.001228	-0.821045	-0.100586	0.731934	-0.054091	-0.783818	0.027736	-0.618008
07595		9.539009	0.394857	-2.252868	0.001495	-0.003696	0.003496	-0.818848	-0.097900	0.735840	-0.054080	-0.783833	0.027878	-0.617984
07596		9.545836	0.367664	-2.287885	0.006903	-0.002692	0.002583	-0.823242	-0.095215	0.731201	-0.053997	-0.783863	0.027951	-0.617950
07597		9.537465	0.371593	-2.249453	0.009309	-0.002215	0.002452	-0.826904	-0.098633	0.736572	-0.053837	-0.783865	0.027966	-0.617961
07598		9.538480	0.389484	-2.264417	0.012317	-0.001619	0.002288	-0.815918	-0.093750	0.730713	-0.053670	-0.783870	0.027953	-0.617969
07599		9.537110	0.366941	-2.260113	0.011243	-0.002383	0.003034	-0.818359	-0.092529	0.738037	-0.053522	-0.783892	0.028001	-0.617952
07600		9.536871	0.363321	-2.270104	0.009080	-0.000815	0.004184	-0.817383	-0.092529	0.734863	-0.053347	-0.783918	0.028031	-0.617933
07601		9.549912	0.359248	-2.259700	0.003639	0.001065	0.002897	-0.821045	-0.099609	0.737061	-0.053253	-0.783918	0.028109	-0.617938
07602		9.532087	0.350927	-2.257264	0.004595	0.002493	0.002707	-0.822754	-0.095703	0.732910	-0.053223	-0.783902	0.028211	-0.617956
07603		9.533319	0.369294	-2.271265	0.007225	0.001499	0.000224	-0.827881	-0.100342	0.728027	-0.053135	-0.783880	0.028242	-0.617990
07604		9.546744	0.370128	-2.241650	0.006286	0.000282	0.002272	-0.829346	-0.098145	0.737549	-0.053083	-0.783835	0.028329	-0.618047
07605		9.537852	0.365435	-2.240430	0.007850	0.001899	0.002667	-0.825928	-0.095459	0.731689	-0.052961	-0.783807	0.028350	-0.618092
07606		9.554100	0.343956	-2.265722	0.007850	0.001899	0.002667	-0.821289	-0.090820	0.733887	-0.052837	-0.783770	0.028390	-0.618147
07607		9.536026	0.333128	-2.273114	0.005949	-0.000815	0.004286	-0.820557	-0.092773	0.728027	-0.052684	-0.783774	0.028443	-0.618153
07608		9.529912	0.303192	-2.246466	0.012620	-0.000948	-0.003441	-0.826904	-0.099121	0.735596	-0.052573	-0.783769	0.028419	-0.618171
07609		9.548262	0.387012	-2.246347	0.018549	0.001260	-0.000121	-0.820312	-0.089600	0.732910	-0.052414	-0.783754	0.028375	-0.618205
07610		9.539030	0.378146	-2.264021	-0.004074	0.002019	0.003041	-0.820801	-0.096436	0.734619	-0.052373	-0.783729	0.028499	-0.618234
07611		9.546499	0.282888	-2.261651	0.000037	0.003729	0.005223	-0.824707	-0.086670	0.735107	-0.052363	-0.783695	0.028668	-0.618270
07612		9.535258	0.310589	-2.257700	0.012638	-0.000738	-0.001584	-0.826660	-0.092529	0.728516	-0.052127	-0.783703	0.028561	-0.618286
07613		9.569741	0.374392	-2.283191	0.004071	0.001215	-0.002151	-0.821045	-0.089600	0.732666	-0.052073	-0.783661	0.028594	-0.618342
07614		9.549466	0.327042	-2.261283	-0.002427	0.002546	-0.000834	-0.825195	-0.098633	0.725830	-0.052054	-0.783633	0.028674	-0.618375
07615		9.528226	0.333355	-2.241251	0.002595	0.005118	-0.003796	-0.834229	-0.093018	0.730713	-0.052133	-0.783554	0.028788	-0.618463
07616		9.555581	0.347456	-2.233652	-0.007863	0.004498	-0.001505	-0.826172	-0.098145	0.731934	-0.052149	-0.783469	0.028867	-0.618565
07617		9.543741	0.367913	-2.267039	-0.001487	0.003761	-0.002883	-0.821045	-0.096191	0.729736	-0.052228	-0.783417	0.028981	-0.618619
07618		9.555902	0.349075	-2.232026	-0.015185	0.000642	-0.000207	-0.826172	-0.095215	0.733154	-0.052427	-0.783387	0.029248	-0.618628
07619		9.562033	0.306672	-2.241690	-0.011215	0.002735	0.000056	-0.823242	-0.092041	0.729736	-0.052527	-0.783342	0.029424	-0.618669
07620		9.549502	0.314796	-2.232512	-0.000532	0.001885	-0.004583	-0.823730	-0.086914	0.729980	-0.052537	-0.783311	0.029468	-0.618705
07621		9.549205	0.311711	-2.251137	-0.002348	0.001387	-0.005723	-0.820801	-0.088867	0.727295	-0.052497	-0.783285	0.029455	-0.618741
07622		9.544476	0.311087	-2.300519	0.007867	-0.000034	-0.009028	-0.820068	-0.092285	0.725098	-0.052437	-0.783277	0.029388	-0.618760
07623		9.546758	0.347384	-2.248264	0.001959	0.001272	-0.008984	-0.823242	-0.093018	0.735107	-0.052499	-0.783247	0.029424	-0.618790
07624		9.555731	0.353428	-2.248926	-0.000711	0.001773	-0.010836	-0.829346	-0.097412	0.732910	-0.052557	-0.783237	0.029395	-0.618800
07625		9.558357	0.327842	-2.232702	0.004752	-0.003127	-0.008580	-0.826660	-0.097412	0.735840	-0.052578	-0.783243	0.029376	-0.618791
07626		9.540017	0.319884	-2.240883	0.012691	-0.002241	-0.009563	-0.815674	-0.100098	0.734131	-0.052532	-0.783264	0.029284	-0.618773
07627		9.555334	0.361114	-2.240963	0.008362	-0.002412	-0.008778	-0.818848	-0.101318	0.725586	-0.052632	-0.783302	0.029342	-0.618714
07628		9.553551	0.337224	-2.255535	0.000654	-0.001396	-0.008016	-0.823730	-0.093506	0.734863	-0.052824	-0.783293	0.029500	-0.618702
07629		9.549708	0.350243	-2.248336	0.005568	-0.001318	-0.010693	-0.825439	-0.099365	0.733398	-0.052819	-0.783307	0.029429	-0.618688
07630		9.535637	0.338104	-2.235223	0.008846	-0.001625	-0.008256	-0.815674	-0.093994	0.729004	-0.052839	-0.783314	0.029419	-0.618678
07631		9.536395	0.356490	-2.259569	0.001863	-0.001087	-0.007464	-0.818604	-0.101562	0.732178	-0.052912	-0.783324	0.029487	-0.618656
07632		9.560642	0.326857	-2.253229	0.002235	-0.002871	-0.007275	-0.820068	-0.095703	0.725098	-0.053066	-0.783346	0.029617	-0.618608
07633		9.539020	0.334433	-2.234548	0.002324	-0.000586	-0.009417	-0.823242	-0.089355	0.728760	-0.053140	-0.783331	0.029648	-0.618619
07634		9.543761	0.346896	-2.247512	0.007139	-0.002933	-0.011190	-0.825684	-0.097412	0.737549	-0.053059	-0.783344	0.029514	-0.618616
07635		9.530127	0.347333	-2.277871	0.002474	-0.004203	-0.008387	-0.821045	-0.098389	0.726562	-0.053102	-0.783379	0.029518	-0.618568
07636		9.550610	0.329022	-2.264322	0.001494	-0.002610	-0.009162	-0.820312	-0.093994	0.729492	-0.053214	-0.783379	0.029586	-0.618556
07637		9.547257	0.348696	-2.228634	0.007254	-0.000292	-0.010240	-0.819824	-0.091797	0.729736	-0.053211	-0.783377	0.029537	-0.618560
07638		9.542764	0.352479	-2.259309	0.015458	-0.000371	-0.009243	-0.833008	-0.089111	0.740234	-0.053090	-0.783384	0.029409	-0.618567
07639		9.548075	0.370498	-2.243599	0.009471	-0.001217	-0.005817	-0.825195	-0.095459	0.735107	-0.052870	-0.783394	0.029217	-0.618583
07640		9.537320	0.340063	-2.266269	0.002221	0.000290	-0.007006	-0.822998	-0.104736	0.738037	-0.052884	-0.783388	0.029218	-0.618590
07641		9.542747	0.358053	-2.250066	0.007662	0.001730	-0.004210	-0.825439	-0.093750	0.737793	-0.052967	-0.783381	0.029327	-0.618586
07642		9.538915	0.366898	-2.251812	0.011070	0.000905	-0.001091	-0.815186	-0.090820	0.729980	-0.052819	-0.783381	0.029290	-0.618600
07643		9.541365	0.332367	-2.263453	-0.001225	0.002852	-0.000284	-0.819824	-0.096191	0.736084	-0.052824	-0.783360	0.029413	-0.618620
07644		9.541274	0.330363	-2.272601	0.006118	0.000323	-0.002745	-0.827881	-0.101074	0.735352	-0.052816	-0.783369	0.029477	-0.618607
07645		9.551967	0.362091	-2.249947	0.004086	0.001437	-0.000297	-0.818848	-0.092773	0.730713	-0.052828	-0.783345	0.029585	-0.618632
07646		9.528903	0.339616	-2.253992	0.002769	0.001934	0.000944	-0.824951	-0.091797	0.733887	-0.052790	-0.783326	0.029689	-0.618653
07647		9.550124	0.323352	-2.220156	0.013357	0.002052	-0.000669	-0.819824	-0.097900	0.738770	-0.052606	-0.783311	0.029635	-0.618691
07648		9.538033	0.342015	-2.254507	0.013873	-0.000110	0.001443	-0.821533	-0.096680	0.732910	-0.052522	-0.783333	0.029706	-0.618667
07649		9.548621	0.370167	-2.241332	0.003408	0.002557	0.005243	-0.824463	-0.094727	0.731689	-0.052492	-0.783306	0.029882	-0.618694
07650		9.544677	0.298483	-2.254360	0.000520	0.001289	0.004855	-0.819580	-0.091064	0.725586	-0.052448	-0.783280	0.030035	-0.618724
07651		9.550319	0.316769	-2.228735	0.010004	0.000212	0.000277	-0.822266	-0.097168	0.730225	-0.052332	-0.783265	0.030072	-0.618751
07652		9.538374	0.337902	-2.253687	0.009278	0.000686	0.000246	-0.825439	-0.097168	0.734619	-0.052295	-0.783250	0.030169	-0.618768
07653		9.533335	0.324857	-2.250559	0.005549	0.000631	0.001001	-0.829590	-0.089600	0.737061	-0.052269	-0.783238	0.030276	-0.618780
07654		9.569089	0.336987	-2.263977	0.004704	0.001772	0.001526	-0.823242	-0.084961	0.728760	-0.052115	-0.783218	0.030268	-0.618819
07655		9.542985	0.334276	-2.222428	-0.005290	0.001705	0.002487	-0.821533	-0.101318	0.729736	-0.052033	-0.783186	0.030349	-0.618863
07656		9.550169	0.307441	-2.256125	0.004222	0.000985	0.001004	-0.822510	-0.092773	0.736572	-0.052116	-0.783164	0.030564	-0.618873
07657		9.556806	0.345207	-2.245168	0.006991	-0.000462	-0.000175	-0.821289	-0.096680	0.725342	-0.052051	-0.783176	0.030624	-0.618861
07658		9.537672	0.316142	-2.238138	-0.001187	-0.000024	0.001924	-0.818848	-0.089111	0.727539	-0.052117	-0.783149	0.030837	-0.618879
07659		9.555000	0.314409	-2.277972	0.005761	0.002318	-0.001081	-0.827393	-0.092529	0.737061	-0.052046	-0.783125	0.030885	-0.618913
07660		9.537494	0.311269	-2.256546	0.008541	0.001015	-0.001022	-0.825684	-0.090332	0.733643	-0.051942	-0.783118	0.030888	-0.618930
07661		9.555700	0.320901	-2.248633	0.010439	0.003729	-0.002651	-0.816895	-0.089600	0.732422	-0.051816	-0.783088	0.030849	-0.618981
07662		9.555579	0.316454	-2.266757	0.010315	0.004323	-0.002716	-0.821289	-0.094727	0.728271	-0.051746	-0.783068	0.030875	-0.619010
07663		9.531588	0.349761	-2.262903	0.005382	0.007410	0.000226	-0.826172	-0.094727	0.728760	-0.051749	-0.782998	0.031003	-0.619091
07664		9.540295	0.338603	-2.228467	-0.005442	0.008701	0.003565	-0.821533	-0.084961	0.732666	-0.051799	-0.782903	0.031207	-0.619198
07665		9.540946	0.339927	-2.216998	0.000486	0.007622	0.005380	-0.828613	-0.100342	0.739746	-0.051673	-0.782844	0.031295	-0.619279
07666		9.541105	0.333647	-2.234235	-0.005490	0.007000	0.010664	-0.830566	-0.083496	0.727783	-0.051737	-0.782780	0.031623	-0.619337
07667		9.570803	0.307626	-2.247691	-0.011938	0.005737	0.016663	-0.829346	-0.090332	0.731201	-0.051567	-0.782695	0.031836	-0.619448
07668		9.567333	0.239147	-2.240827	-0.014866	0.003893	0.011321	-0.824219	-0.092285	0.728760	-0.051580	-0.782632	0.032127	-0.619511
07669		9.541734	0.245321	-2.251505	0.010258	0.002470	0.003152	-0.831055	-0.091309	0.733154	-0.051475	-0.782603	0.032215	-0.619552
07670		9.544674	0.291663	-2.241969	0.007434	0.003124	-0.002480	-0.835205	-0.085693	0.734863	-0.051384	-0.782569	0.032202	-0.619604
07671		9.542051	0.319447	-2.257821	-0.001218	0.002925	0.000330	-0.816650	-0.096436	0.729980	-0.051252	-0.782528	0.032181	-0.619667
07672		9.547902	0.266642	-2.214626	-0.001118	0.001969	-0.002700	-0.818115	-0.089111	0.730713	-0.051420	-0.782515	0.032417	-0.619657
07673		9.555299	0.245166	-2.229681	0.004813	-0.002422	-0.002384	-0.826416	-0.091309	0.735840	-0.051412	-0.782543	0.032507	-0.619618
07674		9.535936	0.291312	-2.230976	0.021183	-0.003163	-0.005333	-0.821045	-0.087646	0.732666	-0.051240	-0.782583	0.032400	-0.619587
07675		9.556204	0.341092	-2.243683	0.011919	-0.000245	-0.001609	-0.827393	-0.098389	0.735352	-0.051122	-0.782597	0.032404	-0.619579
07676		9.545842	0.313323	-2.247233	0.002078	-0.000466	0.003124	-0.826172	-0.091797	0.733643	-0.051169	-0.782593	0.032612	-0.619569
07677		9.552951	0.282743	-2.200325	-0.001522	-0.001040	0.004561	-0.819824	-0.082520	0.736084	-0.051162	-0.782592	0.032796	-0.619561
07678		9.547903	0.274774	-2.269362	0.008224	-0.003172	0.001357	-0.829346	-0.092285	0.731445	-0.051004	-0.782638	0.032814	-0.619515
07679		9.557461	0.288973	-2.223796	0.003421	-0.003985	0.002860	-0.831787	-0.086914	0.733398	-0.050950	-0.782652	0.032932	-0.619497
07680		9.552659	0.285887	-2.274026	-0.000826	-0.001950	0.000880	-0.831055	-0.092773	0.725586	-0.050869	-0.782650	0.032981	-0.619503
07681		9.565604	0.282738	-2.263782	-0.002382	-0.000116	0.003227	-0.821777	-0.089600	0.729980	-0.050874	-0.782611	0.033152	-0.619542
07682		9.546534	0.255805	-2.247459	-0.001895	-0.002639	0.002248	-0.822754	-0.093018	0.733643	-0.050899	-0.782623	0.033339	-0.619515
07683		9.557083	0.287073	-2.225668	-0.001293	-0.002519	0.002215	-0.827881	-0.098145	0.733643	-0.050955	-0.782639	0.033550	-0.619478
07684		9.545852	0.250301	-2.268107	0.006309	-0.006103	0.001129	-0.822021	-0.088867	0.731689	-0.050976	-0.782677	0.033714	-0.619421
07685		9.551154	0.269357	-2.243876	-0.004198	-0.004002	-0.000028	-0.822021	-0.091309	0.737549	-0.051029	-0.782702	0.033887	-0.619375
07686		9.553571	0.239897	-2.237643	0.001793	-0.003168	-0.003456	-0.824463	-0.086182	0.737061	-0.051085	-0.782738	0.034009	-0.619318
07687		9.550770	0.270695	-2.245349	0.006467	-0.001834	-0.005645	-0.823730	-0.092773	0.737305	-0.051030	-0.782764	0.033995	-0.619290
07688		9.550465	0.269384	-2.255339	0.001540	-0.002052	-0.004205	-0.820557	-0.081787	0.724365	-0.051102	-0.782787	0.034114	-0.619249
07689		9.554389	0.264007	-2.244147	0.004284	-0.000483	-0.006358	-0.823975	-0.092285	0.739014	-0.051033	-0.782780	0.034079	-0.619265
07690		9.541433	0.270345	-2.245481	0.000923	-0.002390	-0.006028	-0.826660	-0.093750	0.734131	-0.051117	-0.782810	0.034178	-0.619216
07691		9.554305	0.269025	-2.235372	0.000550	-0.000607	-0.006222	-0.821777	-0.090332	0.729004	-0.051201	-0.782807	0.034266	-0.619207
07692		9.546166	0.283183	-2.258549	0.007422	-0.000404	-0.005842	-0.830811	-0.092285	0.729492	-0.051200	-0.782807	0.034301	-0.619206
07693		9.551323	0.298627	-2.252420	0.005285	-0.001782	-0.003103	-0.821045	-0.089600	0.732178	-0.051157	-0.782798	0.034324	-0.619219
07694		9.540887	0.271559	-2.256188	0.002780	-0.001303	0.000060	-0.822754	-0.095459	0.732422	-0.051157	-0.782807	0.034458	-0.619200
07695		9.556487	0.238943	-2.238868	0.000114	-0.000740	-0.001173	-0.826660	-0.090576	0.740234	-0.051256	-0.782806	0.034653	-0.619182
07696		9.535668	0.259265	-2.253657	0.005903	-0.001443	-0.001281	-0.826904	-0.092285	0.735352	-0.051223	-0.782827	0.034731	-0.619155
07697		9.548373	0.254548	-2.253214	0.007931	-0.002636	-0.004346	-0.822754	-0.095703	0.732666	-0.051204	-0.782847	0.034770	-0.619129
07698		9.549452	0.276187	-2.258802	0.008896	-0.001062	-0.003306	-0.824463	-0.086182	0.731445	-0.051235	-0.782854	0.034879	-0.619110
07699		9.540465	0.272822	-2.257820	0.006592	0.000955	-0.003465	-0.824463	-0.088867	0.738770	-0.051159	-0.782844	0.034878	-0.619130
07700		9.549593	0.279255	-2.249302	0.004315	-0.000046	-0.002646	-0.821533	-0.093506	0.735596	-0.051153	-0.782853	0.034962	-0.619113
07701		9.547864	0.251667	-2.272794	0.005037	-0.000594	-0.003234	-0.813477	-0.087891	0.735840	-0.051215	-0.782864	0.035102	-0.619087
07702		9.530183	0.249469	-2.251982	0.000814	-0.001581	-0.004235	-0.823975	-0.085693	0.736084	-0.051324	-0.782896	0.035289	-0.619027
07703		9.556981	0.261844	-2.255349	0.002956	-0.000131	-0.006357	-0.824219	-0.087646	0.728516	-0.051323	-0.782903	0.035313	-0.619016
07704		9.560619	0.251951	-2.263031	-0.003511	-0.001681	-0.002827	-0.826172	-0.089600	0.731689	-0.051348	-0.782899	0.035401	-0.619014
07705		9.538744	0.254344	-2.263143	0.004756	0.000157	-0.007078	-0.825439	-0.086670	0.734131	-0.051346	-0.782891	0.035400	-0.619025
07706		9.548995	0.282841	-2.259912	-0.002443	-0.000993	-0.004197	-0.822998	-0.095215	0.734375	-0.051371	-0.782893	0.035473	-0.619016
07707		9.542759	0.252739	-2.242657	-0.000279	-0.002635	-0.005960	-0.818604	-0.086426	0.733887	-0.051507	-0.782911	0.035625	-0.618973
07708		9.534850	0.271356	-2.247160	-0.000508	-0.001154	-0.003615	-0.821289	-0.093994	0.737549	-0.051556	-0.782926	0.035750	-0.618943
07709		9.565809	0.279167	-2.229740	0.001677	-0.002502	-0.002902	-0.820068	-0.085449	0.733154	-0.051658	-0.782952	0.035937	-0.618890
07710		9.545709	0.239650	-2.270741	0.002528	-0.003570	-0.002805	-0.819580	-0.089355	0.734863	-0.051644	-0.782984	0.036019	-0.618847
07711		9.553539	0.225353	-2.257570	0.002836	0.000537	-0.005805	-0.829346	-0.084229	0.727051	-0.051707	-0.782987	0.036122	-0.618831
07712		9.545713	0.244261	-2.261671	0.007998	-0.000648	-0.008975	-0.829590	-0.096924	0.732910	-0.051570	-0.782976	0.035950	-0.618868
07713		9.537396	0.251262	-2.222513	0.009308	0.002163	-0.008719	-0.820068	-0.083496	0.727783	-0.051594	-0.782949	0.035939	-0.618901
07714		9.546998	0.271096	-2.257107	0.009316	-0.001148	-0.010216	-0.830566	-0.085205	0.731934	-0.051527	-0.782959	0.035843	-0.618898
07715		9.554840	0.257868	-2.243794	0.006063	-0.000490	-0.009558	-0.818604	-0.094238	0.732422	-0.051444	-0.782953	0.035718	-0.618921
07716		9.549372	0.242849	-2.259846	0.002329	-0.000620	-0.009420	-0.826904	-0.084473	0.731445	-0.051594	-0.782961	0.035836	-0.618891
07717		9.538752	0.292381	-2.271123	0.009532	0.000609	-0.011685	-0.822266	-0.090820	0.739014	-0.051510	-0.782955	0.035686	-0.618915
07718		9.538873	0.296754	-2.261521	-0.002243	0.000536	-0.007522	-0.820801	-0.096436	0.737061	-0.051642	-0.782959	0.035814	-0.618890
07719		9.549595	0.253399	-2.240617	-0.002227	0.000757	-0.005665	-0.829834	-0.088379	0.740479	-0.051827	-0.782957	0.036023	-0.618865
07720		9.554440	0.264958	-2.253213	-0.001845	-0.000951	-0.004850	-0.825928	-0.087158	0.734863	-0.051858	-0.782964	0.036089	-0.618850
07721		9.553122	0.244896	-2.248731	-0.001688	-0.004563	-0.003804	-0.829590	-0.089355	0.734131	-0.051868	-0.782994	0.036160	-0.618807
07722		9.541061	0.272344	-2.256117	-0.002661	-0.006288	-0.006082	-0.819336	-0.092041	0.735596	-0.051898	-0.783030	0.036198	-0.618757
07723		9.540769	0.195018	-2.268394	0.001152	-0.003952	-0.008993	-0.825439	-0.085449	0.738037	-0.052022	-0.783069	0.036305	-0.618691
07724		9.555606	0.235041	-2.278556	0.012054	-0.003101	-0.015732	-0.818604	-0.088135	0.731934	-0.051984	-0.783109	0.036152	-0.618653
07725		9.542906	0.250303	-2.252046	0.004821	-0.004777	-0.017180	-0.824707	-0.092041	0.734131	-0.052081	-0.783155	0.036099	-0.618590
07726		9.546292	0.243485	-2.260617	0.005872	-0.004309	-0.020411	-0.826660	-0.091553	0.730957	-0.052195	-0.783192	0.035993	-0.618539
07727		9.543069	0.277855	-2.268938	0.017790	-0.004598	-0.022658	-0.827393	-0.092285	0.736328	-0.052174	-0.783231	0.035730	-0.618506
07728		9.549309	0.322387	-2.249615	0.012990	-0.001889	-0.017795	-0.825195	-0.094482	0.735107	-0.052184	-0.783253	0.035575	-0.618487
07729		9.548819	0.320920	-2.268867	0.005183	0.000210	-0.012758	-0.825439	-0.094238	0.731201	-0.052265	-0.783251	0.035562	-0.618483
07730		9.542625	0.289621	-2.260807	0.006913	-0.001625	-0.010088	-0.814697	-0.092041	0.731689	-0.052288	-0.783256	0.035537	-0.618477
07731		9.555640	0.291085	-2.241378	0.004655	-0.002410	-0.007408	-0.824463	-0.091553	0.741211	-0.052369	-0.783282	0.035639	-0.618431
07732		9.544798	0.258535	-2.273803	0.004170	-0.003275	-0.008546	-0.825928	-0.091064	0.735107	-0.052423	-0.783318	0.035689	-0.618378
07733		9.536598	0.275699	-2.287800	-0.005263	-0.000234	-0.008590	-0.817139	-0.091553	0.735352	-0.052528	-0.783311	0.035754	-0.618374
07734		9.555422	0.218379	-2.253833	0.004599	-0.003225	-0.014220	-0.826172	-0.089844	0.730713	-0.052647	-0.783349	0.035778	-0.618314
07735		9.545542	0.292258	-2.261633	0.012059	-0.003094	-0.015742	-0.823242	-0.092285	0.730957	-0.052597	-0.783370	0.035593	-0.618302
07736		9.540871	0.297666	-2.292693	0.002130	-0.001071	-0.018163	-0.816162	-0.094971	0.740479	-0.052712	-0.783374	0.035515	-0.618292
07737		9.549103	0.291240	-2.260247	0.001290	0.000217	-0.016403	-0.828125	-0.098389	0.731934	-0.052939	-0.783394	0.035605	-0.618242
07738		9.548918	0.295307	-2.260500	0.002982	-0.002210	-0.018687	-0.825195	-0.102051	0.730225	-0.053071	-0.783400	0.035521	-0.618229
07739		9.547915	0.282934	-2.237150	0.009026	-0.004147	-0.019289	-0.814941	-0.091553	0.738770	-0.053196	-0.783424	0.035436	-0.618192
07740		9.531169	0.314803	-2.275016	0.009282	-0.005335	-0.019158	-0.827148	-0.089600	0.742676	-0.053325	-0.783493	0.035410	-0.618095
07741		9.552713	0.320178	-2.266848	0.004696	-0.004341	-0.018495	-0.818359	-0.087402	0.734863	-0.053400	-0.783540	0.035312	-0.618035
07742		9.532515	0.274184	-2.255561	0.001957	-0.005995	-0.016951	-0.827393	-0.088135	0.728760	-0.053488	-0.783597	0.035254	-0.617958
07743		9.545825	0.294590	-2.261571	0.016772	-0.008429	-0.021561	-0.821533	-0.089111	0.728760	-0.053367	-0.783659	0.034905	-0.617909
07744		9.537661	0.330292	-2.301567	0.015705	-0.009195	-0.020808	-0.827637	-0.090088	0.738037	-0.053307	-0.783734	0.034644	-0.617834
07745		9.546348	0.342708	-2.285368	0.009037	-0.004000	-0.018059	-0.829346	-0.087891	0.731934	-0.053297	-0.783770	0.034462	-0.617800
07746		9.531352	0.311262	-2.267577	0.006166	-0.005137	-0.017198	-0.822021	-0.088135	0.734131	-0.053251	-0.783799	0.034244	-0.617779
07747		9.552633	0.311687	-2.278249	0.005185	-0.003406	-0.016744	-0.818848	-0.092529	0.735352	-0.053271	-0.783829	0.034113	-0.617747
07748		9.547808	0.309768	-2.247817	0.007632	-0.006001	-0.016518	-0.825684	-0.089844	0.734619	-0.053331	-0.783885	0.034038	-0.617674
07749		9.537807	0.299992	-2.286120	0.011969	-0.005725	-0.016700	-0.822266	-0.094238	0.731201	-0.053274	-0.783931	0.033840	-0.617632
07750		9.561169	0.346885	-2.288399	0.010868	-0.003252	-0.015073	-0.824463	-0.098877	0.735840	-0.053275	-0.783953	0.033726	-0.617610
07751		9.547173	0.333723	-2.284506	-0.006162	0.000267	-0.013025	-0.817139	-0.094727	0.730469	-0.053471	-0.783939	0.033799	-0.617606
07752		9.546316	0.318376	-2.269901	-0.005779	-0.001588	-0.013446	-0.815674	-0.095215	0.740234	-0.053654	-0.783943	0.033867	-0.617582
07753		9.534007	0.347450	-2.276711	0.004751	-0.003597	-0.012309	-0.822510	-0.089355	0.729492	-0.053755	-0.783990	0.033906	-0.617512
07754		9.528889	0.337510	-2.274163	0.003042	-0.001324	-0.011265	-0.822266	-0.090820	0.741699	-0.053736	-0.783988	0.033818	-0.617520
07755		9.554304	0.327729	-2.282528	0.007699	-0.005095	-0.009087	-0.816650	-0.093994	0.740723	-0.053695	-0.784041	0.033769	-0.617459
07756		9.523255	0.326600	-2.282420	0.003705	-0.004064	-0.009074	-0.818115	-0.096436	0.737061	-0.053756	-0.784089	0.033819	-0.617391
07757		9.535012	0.303024	-2.277256	0.004276	-0.004391	-0.012828	-0.812256	-0.092041	0.737793	-0.053849	-0.784130	0.033832	-0.617330
07758		9.556452	0.305145	-2.278585	0.008120	-0.005129	-0.015388	-0.822021	-0.097412	0.736084	-0.053915	-0.784192	0.033794	-0.617247
07759		9.530517	0.322892	-2.262746	0.010969	-0.004289	-0.018733	-0.808838	-0.085205	0.732666	-0.053968	-0.784231	0.033669	-0.617200
07760		9.508768	0.344105	-2.288013	0.009899	-0.005132	-0.018596	-0.822998	-0.102295	0.741211	-0.053977	-0.784293	0.033525	-0.617128
07761		9.543044	0.342240	-2.288618	0.007637	-0.006075	-0.017148	-0.817871	-0.091309	0.730225	-0.054098	-0.784348	0.033491	-0.617050
07762		9.537069	0.314675	-2.272252	0.013885	-0.006310	-0.019854	-0.816162	-0.092041	0.740479	-0.054071	-0.784401	0.033280	-0.616996
07763		9.525761	0.384303	-2.300239	0.022818	-0.006924	-0.020093	-0.824463	-0.095703	0.736816	-0.053998	-0.784486	0.033047	-0.616907
07764		9.543283	0.400130	-2.285313	0.005387	-0.006872	-0.014459	-0.822754	-0.100830	0.733643	-0.054031	-0.784534	0.032966	-0.616846
07765		9.536009	0.343393	-2.292553	0.011715	-0.009813	-0.013697	-0.825195	-0.098877	0.733154	-0.054046	-0.784604	0.032896	-0.616760
07766		9.523178	0.371804	-2.301067	0.012660	-0.008300	-0.013285	-0.821533	-0.097412	0.734863	-0.054013	-0.784659	0.032781	-0.616700
07767		9.518361	0.380420	-2.314659	0.007009	-0.008020	-0.011233	-0.818604	-0.099121	0.748047	-0.054029	-0.784715	0.032746	-0.616629
07768		9.534659	0.357170	-2.270812	0.006026	-0.011496	-0.007001	-0.811768	-0.098633	0.739014	-0.054079	-0.784823	0.032831	-0.616482
07769		9.533306	0.349078	-2.311325	0.007560	-0.010009	-0.007866	-0.820312	-0.093506	0.741211	-0.054138	-0.784914	0.032917	-0.616357
07770		9.528704	0.361292	-2.306633	0.009298	-0.011975	-0.006432	-0.816650	-0.102783	0.734131	-0.054071	-0.785013	0.032897	-0.616237
07771		9.527978	0.362350	-2.309464	0.007234	-0.011168	-0.006456	-0.825928	-0.095703	0.741699	-0.054117	-0.785093	0.032983	-0.616127
07772		9.526627	0.342427	-2.306575	0.003574	-0.008836	-0.006608	-0.812988	-0.094727	0.738770	-0.054095	-0.785154	0.032980	-0.616051
07773		9.531181	0.372845	-2.336296	-0.000630	-0.009720	-0.006350	-0.814209	-0.094727	0.743164	-0.054170	-0.785233	0.033088	-0.615938
07774		9.549528	0.289020	-2.317647	0.002024	-0.010554	-0.007604	-0.818115	-0.092529	0.745117	-0.054232	-0.785326	0.033168	-0.615810
07775		9.510841	0.328793	-2.318930	0.023759	-0.010681	-0.016562	-0.811035	-0.092285	0.738525	-0.054108	-0.785436	0.032949	-0.615693
07776		9.537063	0.359924	-2.349123	0.018148	-0.008368	-0.018529	-0.807373	-0.083496	0.744629	-0.054075	-0.785522	0.032775	-0.615594
07777		9.517983	0.334152	-2.343692	0.012761	-0.009277	-0.016334	-0.819580	-0.093506	0.737061	-0.054032	-0.785630	0.032628	-0.615468
07778		9.530575	0.335090	-2.335077	0.017963	-0.004609	-0.018356	-0.822754	-0.094238	0.740967	-0.053956	-0.785671	0.032395	-0.615435
07779		9.522289	0.360408	-2.321701	0.024354	-0.005273	-0.019772	-0.815674	-0.095947	0.740234	-0.053827	-0.785723	0.032097	-0.615395
07780		9.522781	0.401278	-2.352618	0.013371	-0.003646	-0.017679	-0.820312	-0.093994	0.732422	-0.053843	-0.785763	0.031965	-0.615350
07781		9.530992	0.392029	-2.330470	0.012194	-0.003590	-0.015125	-0.807129	-0.097656	0.744385	-0.053790	-0.785780	0.031796	-0.615342
07782		9.526100	0.384346	-2.318675	0.014759	-0.003286	-0.012109	-0.820801	-0.092529	0.738281	-0.053817	-0.785834	0.031785	-0.615271
07783		9.521032	0.373435	-2.316472	0.011458	-0.004769	-0.008026	-0.819824	-0.083984	0.740234	-0.053711	-0.785866	0.031687	-0.615244
07784		9.516624	0.383278	-2.319576	0.012861	-0.002610	-0.008345	-0.818848	-0.094727	0.737793	-0.053525	-0.785891	0.031505	-0.615238
07785		9.512725	0.411396	-2.337284	0.006772	-0.002669	-0.003072	-0.816650	-0.101074	0.734619	-0.053464	-0.785902	0.031532	-0.615228
07786		9.520066	0.370909	-2.337469	-0.004336	-0.000300	0.000199	-0.813477	-0.094727	0.742920	-0.053557	-0.785882	0.031748	-0.615234
07787		9.527907	0.335437	-2.318184	0.005102	0.001864	-0.004200	-0.811523	-0.095215	0.737793	-0.053555	-0.785875	0.031811	-0.615240
07788		9.515187	0.357396	-2.343256	0.004144	0.000113	-0.006467	-0.813721	-0.091797	0.736084	-0.053588	-0.785876	0.031870	-0.615233
07789		9.532065	0.343421	-2.349549	0.001319	0.001068	-0.009000	-0.812744	-0.102783	0.739502	-0.053623	-0.785863	0.031875	-0.615246
07790		9.537205	0.362937	-2.333414	0.012571	0.003771	-0.012274	-0.817383	-0.096191	0.742920	-0.053687	-0.785842	0.031882	-0.615267
07791		9.538658	0.409759	-2.334128	0.005984	0.002602	-0.009995	-0.814453	-0.095459	0.737305	-0.053717	-0.785827	0.031874	-0.615285
07792		9.529607	0.391001	-2.308229	-0.004031	0.000619	-0.003077	-0.818359	-0.098389	0.739746	-0.053789	-0.785812	0.032010	-0.615290
07793		9.517804	0.310398	-2.347764	0.004060	-0.002617	-0.008017	-0.821777	-0.097168	0.741455	-0.053830	-0.785827	0.032049	-0.615265
07794		9.515046	0.367927	-2.342197	0.012176	0.000043	-0.011169	-0.817139	-0.095947	0.741455	-0.053791	-0.785826	0.031962	-0.615274
07795		9.528907	0.405064	-2.361664	0.004722	-0.000072	-0.008987	-0.812500	-0.092773	0.730957	-0.053820	-0.785828	0.031970	-0.615269
07796		9.549844	0.368995	-2.332187	0.001581	-0.000198	-0.009485	-0.824951	-0.091797	0.740234	-0.053856	-0.785819	0.031969	-0.615278
07797		9.527004	0.345717	-2.345466	0.005917	0.000106	-0.009685	-0.820801	-0.097168	0.737061	-0.053797	-0.785808	0.031867	-0.615301
07798		9.528466	0.394611	-2.337242	0.012394	0.002185	-0.009554	-0.812988	-0.100098	0.744629	-0.053743	-0.785785	0.031794	-0.615340
07799		9.511740	0.413919	-2.321002	0.006291	0.001966	-0.005520	-0.816895	-0.094727	0.747803	-0.053793	-0.785781	0.031892	-0.615335
07800		9.519297	0.399359	-2.397185	-0.000964	0.003751	-0.003582	-0.818359	-0.099121	0.735107	-0.053835	-0.785760	0.031991	-0.615353
07801		9.549845	0.373287	-2.339850	-0.003414	0.000978	-0.001255	-0.814697	-0.089844	0.741455	-0.053900	-0.785732	0.032152	-0.615375
07802		9.523882	0.366628	-2.316444	-0.008330	0.006442	0.000767	-0.816406	-0.090332	0.745605	-0.053936	-0.785677	0.032299	-0.615434
07803		9.511029	0.369147	-2.325544	-0.008401	0.003868	0.000460	-0.814941	-0.091064	0.737549	-0.053977	-0.785648	0.032445	-0.615461
07804		9.532374	0.345552	-2.328692	-0.004955	0.004916	-0.002319	-0.814209	-0.095947	0.737793	-0.054010	-0.785601	0.032544	-0.615511
07805		9.532883	0.348793	-2.317726	-0.005484	0.007362	-0.001973	-0.816650	-0.091309	0.740479	-0.054097	-0.785536	0.032704	-0.615579
07806		9.515507	0.341822	-2.313959	0.003223	0.004416	-0.005708	-0.811279	-0.098145	0.731934	-0.054072	-0.785504	0.032702	-0.615622
07807		9.534021	0.374590	-2.311645	0.007611	0.001399	-0.007385	-0.815918	-0.089355	0.740723	-0.054100	-0.785489	0.032751	-0.615635
07808		9.533298	0.352374	-2.315473	0.012070	0.000957	-0.008754	-0.824463	-0.089844	0.733887	-0.053996	-0.785494	0.032636	-0.615645
07809		9.534575	0.398565	-2.316587	0.003008	0.002275	-0.007326	-0.815674	-0.098389	0.746582	-0.053939	-0.785457	0.032571	-0.615701
07810		9.520247	0.357693	-2.324985	-0.000862	0.002689	-0.007236	-0.818848	-0.093262	0.742676	-0.054037	-0.785447	0.032662	-0.615700
07811		9.524185	0.334654	-2.298231	0.010989	-0.000126	-0.010470	-0.818848	-0.100098	0.740479	-0.053982	-0.785458	0.032566	-0.615696
07812		9.520981	0.387264	-2.311483	0.017989	-0.000566	-0.011303	-0.819092	-0.089355	0.739258	-0.053929	-0.785471	0.032483	-0.615689
07813		9.550895	0.371047	-2.308089	0.018065	-0.003575	-0.010301	-0.818115	-0.103271	0.733643	-0.053766	-0.785507	0.032299	-0.615665
07814		9.524466	0.379105	-2.320410	0.009280	-0.003287	-0.007493	-0.819824	-0.096680	0.736328	-0.053805	-0.785521	0.032371	-0.615641
07815		9.528201	0.369443	-2.328569	0.011071	-0.003058	-0.008849	-0.822266	-0.102051	0.736084	-0.053767	-0.785540	0.032332	-0.615623
07816		9.528994	0.413006	-2.340252	0.012148	-0.002051	-0.007755	-0.819092	-0.100586	0.739502	-0.053753	-0.785545	0.032344	-0.615617
07817		9.527652	0.369207	-2.339244	0.003373	-0.001605	-0.003705	-0.813232	-0.097168	0.745117	-0.053792	-0.785550	0.032460	-0.615601
07818		9.528171	0.379820	-2.301863	0.007693	-0.001532	-0.005765	-0.820312	-0.100342	0.735596	-0.053798	-0.785577	0.032510	-0.615563
07819		9.528179	0.396704	-2.326834	0.002452	-0.002889	-0.002249	-0.826660	-0.096680	0.737549	-0.053824	-0.785582	0.032637	-0.615548
07820		9.531881	0.383679	-2.344059	-0.004813	-0.001190	-0.000933	-0.820312	-0.096191	0.741943	-0.053852	-0.785564	0.032761	-0.615561
07821		9.526555	0.336508	-2.301974	-0.000999	-0.004016	-0.000089	-0.815918	-0.094482	0.735840	-0.053860	-0.785587	0.032892	-0.615525
07822		9.534792	0.335921	-2.323103	0.004045	-0.004564	-0.003359	-0.811523	-0.097168	0.739258	-0.053840	-0.785615	0.032952	-0.615487
07823		9.522070	0.362455	-2.330336	0.003957	-0.001714	-0.005605	-0.808594	-0.099121	0.739258	-0.053885	-0.785632	0.033041	-0.615456
07824		9.534879	0.358870	-2.329997	0.001836	-0.003255	-0.004072	-0.810303	-0.093262	0.739014	-0.053969	-0.785663	0.033197	-0.615402
07825		9.516718	0.347177	-2.347017	0.007402	-0.000665	-0.008388	-0.815918	-0.099121	0.738037	-0.053968	-0.785678	0.033192	-0.615382
07826		9.534579	0.361675	-2.330791	0.012463	-0.000974	-0.009799	-0.821777	-0.092529	0.739258	-0.053961	-0.785688	0.033173	-0.615371
07827		9.526182	0.380368	-2.335059	0.012995	0.002322	-0.009604	-0.816162	-0.094482	0.733887	-0.053862	-0.785670	0.033047	-0.615411
07828		9.521988	0.390426	-2.337049	0.006673	-0.000124	-0.007799	-0.821777	-0.094727	0.738281	-0.053849	-0.785663	0.033037	-0.615421
07829		9.534445	0.366020	-2.330660	0.005489	-0.000144	-0.005861	-0.818359	-0.091553	0.746826	-0.053817	-0.785654	0.033035	-0.615435
07830		9.530583	0.380314	-2.313849	0.008371	0.001333	-0.004264	-0.824951	-0.091797	0.739014	-0.053734	-0.785656	0.033008	-0.615442
07831		9.526373	0.389134	-2.316096	0.005331	-0.001491	-0.001271	-0.815430	-0.100586	0.739990	-0.053633	-0.785653	0.033012	-0.615453
07832		9.534971	0.390333	-2.327056	0.004022	-0.000759	0.001838	-0.821045	-0.097656	0.739746	-0.053641	-0.785654	0.033197	-0.615441
07833		9.517032	0.363184	-2.309704	0.003607	0.000856	0.000388	-0.815674	-0.089600	0.738525	-0.053618	-0.785637	0.033315	-0.615460
07834		9.521767	0.375319	-2.312774	0.009609	0.002149	-0.000000	-0.812744	-0.093994	0.740967	-0.053482	-0.785621	0.033312	-0.615491
07835		9.534045	0.344295	-2.324941	0.011799	0.000523	-0.001768	-0.815918	-0.101318	0.741943	-0.053394	-0.785627	0.033342	-0.615490
07836		9.529996	0.352498	-2.326631	0.011600	0.004361	-0.000987	-0.815186	-0.091797	0.740479	-0.053364	-0.785597	0.033451	-0.615524
07837		9.529882	0.347525	-2.344665	0.006042	0.003469	-0.003189	-0.815430	-0.087402	0.742432	-0.053319	-0.785574	0.033480	-0.615556
07838		9.526848	0.384977	-2.323207	0.005913	0.004140	-0.002639	-0.820557	-0.093750	0.747559	-0.053232	-0.785550	0.033465	-0.615596
07839		9.521777	0.348800	-2.322902	0.005603	0.003148	0.000021	-0.817383	-0.086670	0.741943	-0.053171	-0.785531	0.033530	-0.615621
07840		9.517752	0.356817	-2.324529	0.016478	0.002310	-0.000908	-0.822021	-0.100586	0.738525	-0.052955	-0.785524	0.033441	-0.615653
07841		9.523180	0.392128	-2.323522	0.005759	0.002878	0.002572	-0.820801	-0.098877	0.740479	-0.052936	-0.785487	0.033611	-0.615693
07842		9.539305	0.330670	-2.327494	-0.000954	0.002448	0.006030	-0.812012	-0.095703	0.738281	-0.052944	-0.785454	0.033853	-0.615722
07843		9.533206	0.419205	-2.310233	0.015334	0.002933	0.005992	-0.824219	-0.100342	0.739990	-0.052795	-0.785436	0.033969	-0.615750
07844		9.521604	0.311160	-2.352238	-0.002729	0.002464	0.009246	-0.810791	-0.086670	0.742188	-0.052803	-0.785394	0.034265	-0.615787
07845		9.512764	0.286972	-2.334963	0.008093	0.006561	0.002644	-0.819092	-0.092529	0.737305	-0.052681	-0.785357	0.034314	-0.615842
07846		9.536750	0.354020	-2.331493	0.001069	0.006673	0.000998	-0.811523	-0.091309	0.744385	-0.052667	-0.785294	0.034436	-0.615917
07847		9.523901	0.339798	-2.315519	-0.002741	0.009577	0.000768	-0.815674	-0.096191	0.737793	-0.052712	-0.785229	0.034601	-0.615987
07848		9.541618	0.326516	-2.310113	-0.000065	0.008990	0.001374	-0.818848	-0.093018	0.729248	-0.052753	-0.785152	0.034789	-0.616070
07849		9.520264	0.326585	-2.308020	0.005412	0.007066	0.001419	-0.821777	-0.090820	0.735840	-0.052693	-0.785078	0.034884	-0.616165
07850		9.530160	0.353260	-2.303723	0.007362	0.007103	0.003234	-0.808594	-0.092041	0.734131	-0.052579	-0.785012	0.034953	-0.616255
07851		9.534436	0.338618	-2.318915	0.008823	0.006017	0.002058	-0.812012	-0.093506	0.739990	-0.052516	-0.784970	0.035068	-0.616308
07852		9.536575	0.391970	-2.281361	-0.004417	0.006990	0.008094	-0.820557	-0.095947	0.735107	-0.052546	-0.784913	0.035354	-0.616360
07853		9.521304	0.297678	-2.305658	-0.005930	0.005742	0.010831	-0.821289	-0.088623	0.737793	-0.052560	-0.784845	0.035669	-0.616428
07854		9.535576	0.319199	-2.280847	0.009682	0.003351	0.009307	-0.823242	-0.093018	0.743896	-0.052366	-0.784812	0.035770	-0.616481
07855		9.531152	0.315446	-2.319827	-0.001476	0.005140	0.008222	-0.816406	-0.092285	0.726807	-0.052335	-0.784764	0.035998	-0.616531
07856		9.530904	0.292308	-2.313406	-0.000065	0.001800	0.009230	-0.814697	-0.086670	0.733643	-0.052282	-0.784725	0.036233	-0.616572
07857		9.535129	0.279738	-2.319965	-0.001974	0.003856	0.003991	-0.810547	-0.091309	0.744141	-0.052251	-0.784686	0.036380	-0.616615
07858		9.552466	0.265908	-2.316063	0.009613	0.002139	0.000007	-0.817871	-0.085205	0.740967	-0.052205	-0.784691	0.036481	-0.616607
07859		9.536553	0.307338	-2.295407	0.008863	0.008022	-0.001983	-0.824707	-0.093506	0.737305	-0.052104	-0.784638	0.036469	-0.616684
07860		9.524383	0.330328	-2.309668	0.005273	0.007492	0.000107	-0.814453	-0.089844	0.736328	-0.052075	-0.784568	0.036571	-0.616769
07861		9.537516	0.309283	-2.282611	0.003144	0.005875	0.001022	-0.814941	-0.085449	0.742432	-0.052058	-0.784523	0.036698	-0.616820
07862		9.546654	0.312907	-2.282584	0.002807	0.004483	0.000583	-0.816162	-0.087158	0.732422	-0.052014	-0.784499	0.036781	-0.616849
07863		9.529672	0.323137	-2.294058	-0.001786	0.005599	0.002496	-0.817139	-0.088379	0.735596	-0.052003	-0.784445	0.036923	-0.616910
07864		9.538139	0.302792	-2.297955	0.000561	0.003781	0.003907	-0.815186	-0.086670	0.741455	-0.051970	-0.784409	0.037077	-0.616949
07865		9.538506	0.301916	-2.296546	-0.003510	0.007951	0.004147	-0.826660	-0.088379	0.740967	-0.051974	-0.784351	0.037256	-0.617012
07866		9.547189	0.283934	-2.290659	0.003560	0.004342	0.003097	-0.823242	-0.093750	0.743652	-0.051898	-0.784310	0.037353	-0.617065
07867		9.535065	0.308926	-2.296015	0.003612	0.006595	0.000913	-0.821045	-0.094238	0.733154	-0.051900	-0.784260	0.037500	-0.617120
07868		9.534907	0.287244	-2.288903	0.000621	0.006195	0.002963	-0.821289	-0.083740	0.731445	-0.051919	-0.784196	0.037696	-0.617187
07869		9.540100	0.301497	-2.281399	-0.000576	0.006018	0.003659	-0.823486	-0.092529	0.734863	-0.051849	-0.784134	0.037793	-0.617266
07870		9.547818	0.255163	-2.298300	0.001944	0.005617	0.001098	-0.826660	-0.087158	0.734131	-0.051852	-0.784077	0.037941	-0.617328
07871		9.544904	0.292206	-2.276531	0.000731	0.005118	-0.000686	-0.819092	-0.088135	0.734375	-0.051825	-0.784022	0.038013	-0.617397
07872		9.522322	0.261940	-2.307299	-0.004342	0.005273	-0.000526	-0.824463	-0.085205	0.736816	-0.051877	-0.783972	0.038162	-0.617447
07873		9.550349	0.307408	-2.267827	0.006149	0.006517	0.000834	-0.820557	-0.085449	0.737305	-0.051778	-0.783917	0.038196	-0.617523
07874		9.542015	0.305510	-2.255656	-0.002057	0.006702	0.001730	-0.824951	-0.088379	0.735107	-0.051767	-0.783861	0.038319	-0.617588
07875		9.537913	0.306226	-2.284520	-0.003388	0.007118	0.002354	-0.820557	-0.083008	0.734863	-0.051779	-0.783790	0.038477	-0.617666
07876		9.551089	0.287451	-2.248024	-0.007310	0.005358	0.005240	-0.825195	-0.087646	0.735107	-0.051771	-0.783737	0.038650	-0.617723
07877		9.545733	0.245471	-2.266385	-0.006044	0.002448	0.004940	-0.825928	-0.087891	0.734619	-0.051783	-0.783700	0.038852	-0.617756
07878		9.537527	0.261803	-2.270569	0.005819	-0.000377	0.001736	-0.823486	-0.087402	0.742188	-0.051703	-0.783693	0.038934	-0.617767
07879		9.539224	0.324112	-2.287409	0.000765	0.000183	0.004993	-0.820801	-0.087891	0.736084	-0.051649	-0.783692	0.039084	-0.617764
07880		9.545947	0.242791	-2.265772	-0.004984	0.003136	0.003553	-0.832031	-0.084961	0.734863	-0.051677	-0.783658	0.039281	-0.617791
07881		9.550664	0.252122	-2.278113	0.005555	0.000886	0.002213	-0.819580	-0.087158	0.734375	-0.051563	-0.783634	0.039329	-0.617828
07882		9.530356	0.299095	-2.269782	0.001157	0.003827	0.003249	-0.822998	-0.087891	0.738037	-0.051532	-0.783599	0.039473	-0.617866
07883		9.547544	0.282170	-2.275336	-0.001289	0.001304	0.007442	-0.816650	-0.087158	0.732422	-0.051490	-0.783581	0.039677	-0.617880
07884		9.542475	0.249408	-2.256719	0.004506	0.000441	0.005459	-0.819092	-0.082764	0.744629	-0.051418	-0.783574	0.039831	-0.617885
07885		9.539810	0.303432	-2.251114	0.003183	0.001018	0.007322	-0.820801	-0.090576	0.730713	-0.051296	-0.783578	0.039951	-0.617882
07886		9.548120	0.281949	-2.255676	-0.008420	0.002505	0.009428	-0.817139	-0.091309	0.730469	-0.051347	-0.783535	0.040276	-0.617911
07887		9.552066	0.261325	-2.290253	-0.013869	0.004923	0.013088	-0.823730	-0.088135	0.732666	-0.051438	-0.783472	0.040692	-0.617956
07888		9.537128	0.182058	-2.258504	-0.005423	0.002983	0.008000	-0.828125	-0.082520	0.736328	-0.051443	-0.783429	0.040945	-0.617994
07889		9.532989	0.186707	-2.269828	0.016431	0.000017	0.001316	-0.822510	-0.087646	0.732422	-0.051229	-0.783428	0.040898	-0.618015
07890		9.539550	0.261836	-2.289854	0.000939	0.001520	0.000402	-0.828613	-0.086914	0.732178	-0.051233	-0.783406	0.041033	-0.618035
07891		9.543244	0.234672	-2.272404	-0.006271	-0.000015	0.000851	-0.824951	-0.082275	0.734619	-0.051288	-0.783382	0.041210	-0.618048
07892		9.547551	0.231215	-2.251527	0.003529	-0.001889	-0.001141	-0.822266	-0.085938	0.733154	-0.051226	-0.783391	0.041250	-0.618039
07893		9.543638	0.255640	-2.278864	0.015744	-0.003010	-0.001423	-0.821045	-0.082031	0.727051	-0.051084	-0.783416	0.041239	-0.618020
07894		9.540089	0.286958	-2.277922	0.009960	-0.001901	0.002418	-0.826416	-0.096191	0.730469	-0.050947	-0.783420	0.041283	-0.618024
07895		9.529035	0.212956	-2.279729	0.023320	-0.005018	0.004243	-0.829102	-0.087402	0.730957	-0.050775	-0.783448	0.041381	-0.617995
07896		9.522684	0.155443	-2.267122	0.057809	-0.010566	-0.000040	-0.828857	-0.087158	0.732910	-0.050218	-0.783544	0.041077	-0.617940
07897		9.555021	0.226678	-2.259403	0.064336	-0.006565	-0.004585	-0.819336	-0.085205	0.744141	-0.049640	-0.783617	0.040684	-0.617920
07898		9.547622	0.283995	-2.276876	0.041107	-0.004066	-0.004091	-0.824219	-0.079834	0.737549	-0.049292	-0.783685	0.040477	-0.617875
07899		9.553779	0.197437	-2.274546	0.039039	0.002230	-0.005479	-0.821533	-0.080322	0.731934	-0.048932	-0.783689	0.040213	-0.617916
07900		9.546826	0.255860	-2.290068	0.048041	0.003815	-0.008540	-0.823730	-0.083984	0.732910	-0.048525	-0.783682	0.039869	-0.617980
07901		9.556722	0.274609	-2.233491	0.023835	0.008622	-0.003264	-0.824463	-0.083740	0.740234	-0.048350	-0.783617	0.039802	-0.618080
07902		9.538183	0.229474	-2.279964	0.013971	0.008175	0.000303	-0.821777	-0.078125	0.726807	-0.048242	-0.783559	0.039843	-0.618160
07903		9.533642	0.211034	-2.293671	-0.000577	0.005950	0.003013	-0.827881	-0.083740	0.733643	-0.048216	-0.783493	0.039978	-0.618236
07904		9.541221	0.156367	-2.257686	0.016961	0.002902	-0.001625	-0.815430	-0.078125	0.740723	-0.048091	-0.783464	0.039980	-0.618282
07905		9.563705	0.176915	-2.263254	0.017324	0.000294	-0.007599	-0.818604	-0.078613	0.745850	-0.047981	-0.783488	0.039890	-0.618267
07906		9.537663	0.187394	-2.265698	0.008893	-0.001830	-0.009537	-0.824707	-0.082031	0.733398	-0.047967	-0.783527	0.039848	-0.618221
07907		9.551962	0.240398	-2.310297	-0.001332	0.001407	-0.010864	-0.827881	-0.080322	0.737549	-0.048086	-0.783507	0.039895	-0.618233
07908		9.541249	0.163458	-2.257067	-0.016378	0.003368	-0.013741	-0.823975	-0.076172	0.732666	-0.048354	-0.783468	0.040002	-0.618255
07909		9.546314	0.193550	-2.293689	0.011570	0.004156	-0.021156	-0.816650	-0.085693	0.737305	-0.048374	-0.783443	0.039782	-0.618299
07910		9.561701	0.271997	-2.252725	-0.009842	0.002027	-0.015692	-0.827393	-0.080322	0.730225	-0.048648	-0.783432	0.039889	-0.618285
07911		9.537853	0.206419	-2.263243	-0.020069	-0.000405	-0.016896	-0.822510	-0.083008	0.732178	-0.048967	-0.783412	0.039985	-0.618280
07912		9.560961	0.258173	-2.255587	-0.013393	0.003501	-0.017656	-0.823730	-0.082520	0.730713	-0.049252	-0.783374	0.040051	-0.618300
07913		9.547559	0.249158	-2.240892	-0.022127	0.000639	-0.015074	-0.824707	-0.086426	0.733643	-0.049591	-0.783349	0.040197	-0.618295
07914		9.546929	0.238123	-2.296935	-0.011767	0.002486	-0.013795	-0.828613	-0.082275	0.738281	-0.049845	-0.783317	0.040306	-0.618308
07915		9.560354	0.247984	-2.257653	-0.022712	0.000840	-0.012561	-0.825928	-0.083740	0.736328	-0.050150	-0.783295	0.040457	-0.618302
07916		9.547134	0.248838	-2.286224	-0.020967	0.004643	-0.010604	-0.816650	-0.090088	0.745117	-0.050437	-0.783243	0.040625	-0.618333
07917		9.556072	0.245963	-2.242689	-0.024246	0.005015	-0.011802	-0.823486	-0.078369	0.732666	-0.050824	-0.783210	0.040882	-0.618327
07918		9.565036	0.254092	-2.242839	-0.014301	0.002566	-0.013720	-0.819580	-0.082520	0.731201	-0.051018	-0.783180	0.040909	-0.618346
07919		9.539402	0.282880	-2.268837	-0.022357	0.002644	-0.009035	-0.826904	-0.084229	0.733887	-0.051291	-0.783144	0.041088	-0.618357
07920		9.543499	0.270261	-2.293533	-0.040174	0.006656	-0.005793	-0.823486	-0.088623	0.735107	-0.051715	-0.783059	0.041432	-0.618407
07921		9.547952	0.256552	-2.236849	-0.032747	0.004778	-0.003915	-0.823486	-0.083740	0.738281	-0.052083	-0.782997	0.041779	-0.618432
07922		9.556999	0.265310	-2.227788	-0.019111	0.000436	-0.002556	-0.825928	-0.087402	0.726318	-0.052259	-0.782983	0.041981	-0.618420
07923		9.556595	0.256423	-2.265512	-0.006750	-0.001078	-0.001521	-0.824219	-0.095947	0.735840	-0.052337	-0.782967	0.042135	-0.618424
07924		9.539505	0.272724	-2.259353	-0.016555	0.000852	0.001087	-0.822266	-0.081787	0.736328	-0.052554	-0.782941	0.042465	-0.618416
07925		9.555660	0.215579	-2.253984	-0.021353	-0.000022	0.002625	-0.824463	-0.094482	0.735596	-0.052693	-0.782927	0.042713	-0.618405
07926		9.547971	0.259530	-2.245169	-0.013156	-0.000518	-0.000745	-0.822266	-0.088379	0.735840	-0.052874	-0.782915	0.042979	-0.618386
07927		9.543716	0.268904	-2.247653	-0.017084	-0.002445	0.000899	-0.820312	-0.083984	0.736084	-0.053031	-0.782920	0.043237	-0.618348
07928		9.543111	0.248487	-2.242488	-0.004678	-0.001871	-0.001491	-0.825439	-0.086426	0.730469	-0.053052	-0.782934	0.043333	-0.618321
07929		9.543368	0.267564	-2.258027	-0.005738	-0.002559	-0.000104	-0.827148	-0.089844	0.730957	-0.053089	-0.782937	0.043472	-0.618305
07930		9.551632	0.250900	-2.253881	-0.010612	-0.000429	0.000417	-0.817871	-0.090088	0.733398	-0.053197	-0.782917	0.043682	-0.618307
07931		9.550507	0.204661	-2.261365	-0.006835	0.001686	-0.004400	-0.822998	-0.092529	0.735352	-0.053311	-0.782901	0.043822	-0.618307
07932		9.559480	0.215370	-2.243664	0.005163	-0.001948	-0.009386	-0.815186	-0.090332	0.737305	-0.053356	-0.782920	0.043836	-0.618279
07933		9.543136	0.275133	-2.249358	0.009164	-0.003105	-0.010634	-0.825439	-0.092529	0.731201	-0.053358	-0.782964	0.043795	-0.618226
07934		9.557361	0.335358	-2.265675	-0.006617	-0.001751	-0.002071	-0.827637	-0.088623	0.726074	-0.053463	-0.782959	0.043972	-0.618210
07935		9.542934	0.279501	-2.240948	-0.016931	-0.002639	0.004072	-0.824707	-0.093506	0.733643	-0.053591	-0.782943	0.044252	-0.618199
07936		9.550750	0.252380	-2.274957	-0.010393	-0.003868	0.002745	-0.825195	-0.090576	0.734375	-0.053699	-0.782954	0.044511	-0.618158
07937		9.546110	0.246804	-2.244517	-0.010168	-0.007142	0.006313	-0.816650	-0.087891	0.737305	-0.053750	-0.782990	0.044776	-0.618089
07938		9.550475	0.260848	-2.240182	-0.004363	-0.007829	0.005571	-0.823242	-0.093994	0.732910	-0.053732	-0.783051	0.044971	-0.617999
07939		9.532584	0.265578	-2.273603	-0.010039	-0.007894	0.005143	-0.829590	-0.086670	0.726562	-0.053820	-0.783091	0.045259	-0.617919
07940		9.548660	0.225583	-2.285515	-0.009297	-0.008195	0.006417	-0.820068	-0.091309	0.732178	-0.053833	-0.783119	0.045483	-0.617865
07941		9.566412	0.244990	-2.242533	-0.010494	-0.008374	0.007112	-0.827881	-0.092285	0.726074	-0.053892	-0.783165	0.045773	-0.617780
07942		9.537960	0.177359	-2.277243	-0.005300	-0.009433	0.004545	-0.825439	-0.086914	0.736328	-0.053927	-0.783205	0.046005	-0.617710
07943		9.547592	0.230483	-2.263279	-0.001246	-0.008256	0.001731	-0.822510	-0.090332	0.732178	-0.053895	-0.783260	0.046121	-0.617634
07944		9.542452	0.217419	-2.262021	-0.001570	-0.009408	0.003150	-0.826416	-0.087158	0.732910	-0.053888	-0.783318	0.046294	-0.617548
07945		9.550275	0.200111	-2.259860	0.001406	-0.009322	-0.001379	-0.817383	-0.086670	0.745850	-0.053861	-0.783378	0.046366	-0.617469
07946		9.541226	0.214975	-2.276133	0.009874	-0.010836	-0.003374	-0.819824	-0.085693	0.735596	-0.053752	-0.783486	0.046342	-0.617344
07947		9.544993	0.211692	-2.257742	0.007473	-0.011354	-0.003224	-0.824951	-0.086914	0.732666	-0.053669	-0.783577	0.046342	-0.617234
07948		9.544055	0.207284	-2.279500	0.010129	-0.012340	-0.005715	-0.821777	-0.089844	0.728516	-0.053593	-0.783668	0.046314	-0.617128
07949		9.539036	0.214249	-2.294045	0.011787	-0.011521	-0.007141	-0.816162	-0.086182	0.737793	-0.053543	-0.783750	0.046296	-0.617030
07950		9.538501	0.217891	-2.287248	0.017044	-0.010004	-0.009417	-0.823730	-0.095215	0.742920	-0.053419	-0.783847	0.046165	-0.616927
07951		9.547888	0.270445	-2.283100	0.011841	-0.009187	-0.008706	-0.819336	-0.088135	0.731934	-0.053402	-0.783928	0.046153	-0.616827
07952		9.533596	0.250026	-2.299664	0.003191	-0.009337	-0.004591	-0.825928	-0.077637	0.730469	-0.053403	-0.783993	0.046207	-0.616740
07953		9.536575	0.218803	-2.303827	0.004328	-0.011653	-0.004965	-0.827148	-0.084961	0.742432	-0.053317	-0.784070	0.046156	-0.616654
07954		9.531652	0.228100	-2.308990	0.014006	-0.012744	-0.005807	-0.828613	-0.095947	0.737793	-0.053179	-0.784175	0.046068	-0.616539
07955		9.544495	0.247874	-2.307138	0.009998	-0.011749	-0.005790	-0.827148	-0.090576	0.729248	-0.053176	-0.784256	0.046124	-0.616432
07956		9.543344	0.227806	-2.304395	0.003720	-0.011946	-0.006167	-0.808594	-0.090088	0.736328	-0.053213	-0.784324	0.046197	-0.616335
07957		9.528454	0.186397	-2.315987	0.011317	-0.012404	-0.008280	-0.821777	-0.085449	0.733398	-0.053172	-0.784437	0.046167	-0.616198
07958		9.524049	0.219864	-2.317436	0.020114	-0.012602	-0.010474	-0.824219	-0.086182	0.739502	-0.053033	-0.784538	0.046014	-0.616093
07959		9.551014	0.283150	-2.306934	0.009106	-0.011103	-0.008998	-0.821777	-0.083008	0.735352	-0.052991	-0.784624	0.045957	-0.615991
07960		9.539216	0.186438	-2.323882	0.008304	-0.013299	-0.009947	-0.819580	-0.090088	0.741943	-0.052946	-0.784725	0.045878	-0.615872
07961		9.530710	0.217852	-2.284493	0.026043	-0.014119	-0.013031	-0.822754	-0.088623	0.742920	-0.052790	-0.784855	0.045682	-0.615735
07962		9.538662	0.253264	-2.347597	0.013965	-0.013557	-0.012021	-0.820557	-0.094238	0.742920	-0.052737	-0.784968	0.045578	-0.615602
07963		9.524056	0.217696	-2.340382	0.009225	-0.012023	-0.011410	-0.816162	-0.088379	0.740234	-0.052769	-0.785067	0.045566	-0.615475
07964		9.545209	0.206031	-2.309642	0.014284	-0.012407	-0.013448	-0.817871	-0.083740	0.730713	-0.052726	-0.785176	0.045448	-0.615348
07965		9.531230	0.210588	-2.323090	0.026662	-0.012144	-0.018375	-0.815186	-0.088623	0.732910	-0.052587	-0.785278	0.045169	-0.615250
07966		9.539792	0.257340	-2.348048	0.016378	-0.011280	-0.018096	-0.815430	-0.087158	0.744629	-0.052580	-0.785371	0.045013	-0.615144
07967		9.516760	0.237383	-2.353988	0.016443	-0.008621	-0.017185	-0.818359	-0.089600	0.734375	-0.052532	-0.785460	0.044819	-0.615049
