// Start Time: Unknown
// Update Rate: 40.0Hz
// Filter Profile: human (46.1)
// Firmware Version: 4.3.4
PacketCounter	SampleTimeFine	Acc_X	Acc_Y	Acc_Z	Gyr_X	Gyr_Y	Gyr_Z	Mag_X	Mag_Y	Mag_Z	Quat_q0	Quat_q1	Quat_q2	Quat_q3
07338		9.785310	-0.357542	3.128203	-0.029625	0.010813	0.005786	-1.025879	0.814697	-0.345703	0.578804	-0.426384	-0.407548	-0.563105
07339		9.787758	-0.322092	3.107837	-0.030890	0.015454	0.006121	-1.032471	0.816650	-0.339111	0.578761	-0.426530	-0.407186	-0.563300
07340		9.794540	-0.346826	3.111561	-0.048355	0.018982	0.005341	-1.027832	0.808105	-0.347656	0.578629	-0.426779	-0.406684	-0.563610
07341		9.780196	-0.343014	3.148184	-0.031154	0.013108	0.008260	-1.028076	0.816650	-0.345703	0.578587	-0.426955	-0.406327	-0.563778
07342		9.780286	-0.346226	3.180421	-0.010472	0.012610	0.006179	-1.025879	0.812500	-0.336914	0.578638	-0.426971	-0.406130	-0.563855
07343		9.762864	-0.340569	3.128144	-0.010025	0.008590	0.006298	-1.028076	0.816650	-0.343506	0.578672	-0.427010	-0.405964	-0.563910
07344		9.794807	-0.325287	3.112864	-0.019532	0.012143	0.007251	-1.028320	0.818848	-0.341553	0.578678	-0.427095	-0.405704	-0.564027
07345		9.772692	-0.309977	3.146618	-0.043199	0.020400	0.007571	-1.030273	0.814697	-0.343506	0.578596	-0.427294	-0.405223	-0.564306
07346		9.775584	-0.374520	3.174034	-0.032237	0.019153	0.008257	-1.028076	0.814697	-0.339111	0.578565	-0.427418	-0.404832	-0.564524
07347		9.773269	-0.345668	3.203765	-0.007954	0.013101	0.006586	-1.026123	0.821045	-0.343750	0.578624	-0.427399	-0.404661	-0.564600
07348		9.778590	-0.350104	3.183052	-0.012387	0.006576	0.007021	-1.028076	0.810303	-0.334717	0.578633	-0.427448	-0.404503	-0.564667
07349		9.770690	-0.351227	3.178406	-0.021396	0.007742	0.006406	-1.026123	0.816650	-0.341309	0.578586	-0.427551	-0.404277	-0.564799
07350		9.769047	-0.367766	3.131325	-0.007822	0.007301	0.005596	-1.028076	0.812500	-0.345459	0.578611	-0.427542	-0.404158	-0.564866
07351		9.787790	-0.334030	3.151628	-0.010331	0.006174	0.005088	-1.025879	0.814697	-0.343506	0.578611	-0.427551	-0.404042	-0.564943
07352		9.775725	-0.368613	3.156272	0.007301	0.001076	0.007002	-1.023682	0.812500	-0.345459	0.578686	-0.427481	-0.404083	-0.564888
07353		9.781316	-0.347875	3.156154	0.027718	-0.001175	0.007187	-1.023926	0.814697	-0.345703	0.578867	-0.427279	-0.404285	-0.564712
07354		9.779860	-0.338108	3.130014	0.030132	-0.001732	0.006029	-1.030518	0.821045	-0.343750	0.579046	-0.427055	-0.404519	-0.564530
07355		9.780297	-0.346787	3.126797	0.019150	0.000182	0.005446	-1.019287	0.810303	-0.343262	0.579145	-0.426892	-0.404684	-0.564433
07356		9.800715	-0.338955	3.136363	0.010801	0.003621	0.006817	-1.026123	0.818848	-0.343750	0.579248	-0.426806	-0.404735	-0.564357
07357		9.776004	-0.390458	3.134442	0.046057	-0.004357	0.005746	-1.023926	0.816895	-0.339111	0.579466	-0.426502	-0.405122	-0.564085
07358		9.787705	-0.345440	3.132965	0.061966	-0.006329	0.005573	-1.026123	0.818848	-0.341553	0.579744	-0.426142	-0.405613	-0.563718
07359		9.781766	-0.354776	3.136344	0.040058	0.001122	0.006393	-1.028076	0.816650	-0.343506	0.579941	-0.425888	-0.405903	-0.563499
07360		9.783535	-0.371194	3.159930	0.046492	0.001421	0.006943	-1.028076	0.814697	-0.339111	0.580168	-0.425577	-0.406249	-0.563251
07361		9.769707	-0.355998	3.180012	0.044643	-0.003633	0.006002	-1.025879	0.814697	-0.343506	0.580323	-0.425352	-0.406605	-0.563003
07362		9.758208	-0.377038	3.185417	0.053507	-0.014951	0.004124	-1.019531	0.816895	-0.341309	0.580495	-0.425107	-0.407109	-0.562647
07363		9.779951	-0.379582	3.172115	0.053665	-0.012266	0.003993	-1.023926	0.818848	-0.347900	0.580715	-0.424890	-0.407527	-0.562282
07364		9.778802	-0.345567	3.166117	0.028025	-0.010371	0.007026	-1.026123	0.818848	-0.350098	0.580839	-0.424812	-0.407763	-0.562040
07365		9.767384	-0.383187	3.151849	0.022854	-0.009733	0.008458	-1.026123	0.816895	-0.343506	0.580950	-0.424753	-0.407966	-0.561823
07366		9.786609	-0.358229	3.135941	0.000598	-0.005714	0.009852	-1.028076	0.816650	-0.347900	0.580923	-0.424899	-0.407964	-0.561742
07367		9.774417	-0.403126	3.106383	0.005434	-0.005471	0.011096	-1.028076	0.816650	-0.343506	0.580954	-0.424962	-0.408014	-0.561627
07368		9.772883	-0.368759	3.118404	-0.004609	0.001057	0.010343	-1.025879	0.812500	-0.345459	0.580922	-0.425104	-0.407941	-0.561605
07369		9.778310	-0.351751	3.118294	-0.025542	0.003435	0.013290	-1.021729	0.816895	-0.345703	0.580851	-0.425344	-0.407710	-0.561665
07370		9.768547	-0.403399	3.161712	-0.035233	-0.000591	0.012167	-1.026123	0.821045	-0.343750	0.580739	-0.425704	-0.407390	-0.561740
07371		9.776683	-0.442301	3.141506	-0.011973	-0.003866	0.009963	-1.019775	0.818848	-0.339355	0.580666	-0.425947	-0.407269	-0.561719
07372		9.761236	-0.400171	3.156526	-0.009977	-0.005899	0.009716	-1.024170	0.821045	-0.343750	0.580612	-0.426233	-0.407138	-0.561653
07373		9.772491	-0.399386	3.082255	-0.021133	-0.010211	0.010630	-1.023926	0.818848	-0.343750	0.580495	-0.426578	-0.406981	-0.561626
07374		9.772474	-0.380429	3.103092	-0.025121	-0.001940	0.009871	-1.024170	0.821045	-0.341553	0.580402	-0.426856	-0.406768	-0.561665
07375		9.778963	-0.369126	3.115108	-0.043069	-0.000163	0.011882	-1.026123	0.821045	-0.334961	0.580214	-0.427301	-0.406393	-0.561792
07376		9.775070	-0.441147	3.099154	-0.015488	-0.001549	0.009012	-1.019775	0.819092	-0.343506	0.580060	-0.427611	-0.406264	-0.561809
07377		9.778869	-0.391814	3.094902	-0.022642	0.000487	0.010590	-1.021729	0.818848	-0.341553	0.580058	-0.427815	-0.406035	-0.561821
07378		9.772152	-0.412458	3.082366	-0.020626	0.002009	0.008981	-1.021973	0.821045	-0.339355	0.580020	-0.427998	-0.405848	-0.561856
07379		9.769123	-0.379998	3.066567	-0.031057	0.005810	0.008942	-1.021973	0.821045	-0.341553	0.579918	-0.428279	-0.405544	-0.561966
07380		9.789828	-0.395901	3.070644	-0.050219	0.010317	0.010967	-1.024170	0.825439	-0.335205	0.579780	-0.428627	-0.405075	-0.562182
07381		9.778850	-0.443021	3.101746	-0.015424	0.001439	0.010890	-1.017578	0.819092	-0.337158	0.579688	-0.428915	-0.404896	-0.562187
07382		9.750800	-0.440725	3.088859	0.050202	-0.010709	0.006214	-1.021729	0.814697	-0.343506	0.579946	-0.428675	-0.405318	-0.561799
07383		9.788608	-0.363875	3.082076	0.017991	-0.004563	0.006143	-1.021729	0.816895	-0.336914	0.580090	-0.428475	-0.405560	-0.561628
07384		9.758363	-0.433365	3.096234	-0.008307	-0.000667	0.005966	-1.024170	0.823242	-0.339355	0.580007	-0.428591	-0.405554	-0.561630
07385		9.786322	-0.442219	3.091667	0.019898	-0.002087	0.006651	-1.021973	0.823242	-0.339355	0.580098	-0.428537	-0.405700	-0.561471
07386		9.785459	-0.413428	3.100731	0.036217	-0.004651	0.001884	-1.019775	0.821045	-0.343750	0.580250	-0.428365	-0.405985	-0.561238
07387		9.764158	-0.406166	3.080610	0.026344	-0.009305	0.004557	-1.017578	0.821045	-0.339355	0.580424	-0.428218	-0.406232	-0.560993
07388		9.772322	-0.430277	3.062541	0.023055	-0.006896	0.003046	-1.019775	0.823242	-0.339355	0.580534	-0.428161	-0.406422	-0.560785
07389		9.778641	-0.408191	3.060577	0.022487	-0.007475	0.002726	-1.021973	0.818848	-0.334961	0.580612	-0.428140	-0.406605	-0.560588
07390		9.772658	-0.408856	3.065959	0.042115	-0.006875	0.001777	-1.019531	0.816895	-0.336914	0.580685	-0.428001	-0.406992	-0.560337
07391		9.766115	-0.413415	3.055729	0.039958	-0.003301	0.000904	-1.021973	0.821045	-0.341553	0.580808	-0.427800	-0.407346	-0.560106
07392		9.768256	-0.414871	3.097787	0.028067	-0.001803	-0.000767	-1.026367	0.825195	-0.339600	0.580909	-0.427643	-0.407581	-0.559950
07393		9.775288	-0.405563	3.107085	0.020943	-0.001050	0.000596	-1.020020	0.825439	-0.337402	0.580905	-0.427636	-0.407726	-0.559854
07394		9.777085	-0.426516	3.113108	0.030831	-0.007359	0.000004	-1.024170	0.825439	-0.339600	0.580954	-0.427651	-0.407928	-0.559645
07395		9.764289	-0.433995	3.108899	0.023345	-0.008477	-0.003072	-1.024414	0.827393	-0.337402	0.580920	-0.427671	-0.408135	-0.559514
07396		9.775622	-0.386618	3.093242	-0.010718	-0.004126	-0.000196	-1.021973	0.821045	-0.339355	0.580713	-0.427990	-0.408025	-0.559564
07397		9.783463	-0.399654	3.095435	-0.031642	-0.001703	0.002770	-1.024170	0.825439	-0.339600	0.580500	-0.428319	-0.407812	-0.559689
07398		9.776535	-0.410068	3.085663	-0.021205	0.000722	0.005219	-1.021973	0.821045	-0.339355	0.580355	-0.428606	-0.407599	-0.559776
07399		9.782030	-0.405605	3.066193	-0.018205	0.004285	0.003011	-1.021973	0.821045	-0.334961	0.580267	-0.428756	-0.407448	-0.559860
07400		9.779687	-0.377899	3.063694	-0.060617	0.007921	0.008522	-1.024170	0.821045	-0.339355	0.579958	-0.429279	-0.406950	-0.560142
07401		9.760360	-0.434078	3.056864	-0.066447	0.010510	0.006727	-1.017578	0.816895	-0.330566	0.579668	-0.429709	-0.406432	-0.560489
07402		9.771465	-0.393061	3.074383	-0.043732	0.012171	0.006489	-1.024170	0.823242	-0.335205	0.579481	-0.430024	-0.406081	-0.560695
07403		9.763554	-0.405899	3.067380	-0.053018	0.011665	0.008128	-1.026367	0.823242	-0.337402	0.579243	-0.430407	-0.405625	-0.560978
07404		9.765272	-0.448010	3.085732	-0.037884	0.007679	0.007962	-1.019775	0.821045	-0.332764	0.579084	-0.430642	-0.405334	-0.561172
07405		9.764101	-0.433647	3.093086	-0.013389	0.002334	0.009178	-1.026123	0.816650	-0.332764	0.579055	-0.430780	-0.405230	-0.561170
07406		9.775888	-0.430698	3.050220	0.009322	-0.002253	0.006521	-1.019775	0.823242	-0.335205	0.579049	-0.430699	-0.405446	-0.561083
07407		9.761873	-0.422852	3.053540	0.012879	-0.002310	0.005894	-1.022217	0.825439	-0.333008	0.579151	-0.430644	-0.405550	-0.560945
07408		9.782259	-0.420322	3.045810	0.010824	-0.001888	0.007829	-1.023926	0.818848	-0.332764	0.579193	-0.430680	-0.405610	-0.560831
07409		9.776730	-0.450335	3.043114	0.036026	0.000779	0.004756	-1.015381	0.821045	-0.337158	0.579343	-0.430417	-0.405945	-0.560635
07410		9.760364	-0.411838	3.027779	0.045277	0.000578	-0.000333	-1.017822	0.823242	-0.333008	0.579656	-0.430029	-0.406293	-0.560356
07411		9.761781	-0.405115	3.074004	0.007674	0.003124	0.002845	-1.026367	0.825195	-0.339600	0.579691	-0.430041	-0.406309	-0.560300
07412		9.757481	-0.458250	3.078608	0.012189	0.001560	0.002989	-1.024170	0.825195	-0.333008	0.579752	-0.429933	-0.406416	-0.560243
07413		9.768620	-0.420148	3.062074	0.019167	0.001685	0.000397	-1.024170	0.823242	-0.333008	0.579753	-0.429884	-0.406550	-0.560182
07414		9.774945	-0.416571	3.056029	0.001629	0.003600	-0.002062	-1.015625	0.823242	-0.337158	0.579652	-0.429917	-0.406582	-0.560238
07415		9.760357	-0.422477	3.041564	-0.011942	0.006754	0.002534	-1.020020	0.825439	-0.333008	0.579681	-0.429977	-0.406430	-0.560272
07416		9.760931	-0.423409	3.072499	-0.012803	0.007943	-0.000245	-1.022217	0.825439	-0.335205	0.579582	-0.430114	-0.406271	-0.560384
07417		9.775288	-0.436769	3.083368	0.002887	0.005168	0.000026	-1.019775	0.823242	-0.339355	0.579570	-0.430113	-0.406262	-0.560404
07418		9.772624	-0.423008	3.045714	0.002150	0.006763	-0.001308	-1.021973	0.818848	-0.334961	0.579639	-0.430003	-0.406266	-0.560414
07419		9.764513	-0.398008	3.063864	-0.008901	0.008379	0.000010	-1.019775	0.823242	-0.335205	0.579574	-0.429999	-0.406226	-0.560513
07420		9.759107	-0.447558	3.056469	-0.015317	0.006824	-0.000751	-1.019775	0.823242	-0.335205	0.579490	-0.430093	-0.406092	-0.560626
07421		9.772573	-0.419320	3.096038	-0.003096	0.004434	-0.001751	-1.017578	0.821045	-0.330566	0.579456	-0.430104	-0.406068	-0.560669
07422		9.765251	-0.426564	3.087894	-0.006245	0.006603	-0.001926	-1.019775	0.823242	-0.335205	0.579367	-0.430176	-0.406005	-0.560751
07423		9.778187	-0.430691	3.072583	-0.005877	0.005806	-0.001259	-1.023926	0.818848	-0.337158	0.579334	-0.430195	-0.405949	-0.560811
07424		9.770510	-0.428512	3.067711	0.000660	0.005755	-0.002720	-1.020020	0.827393	-0.335205	0.579313	-0.430078	-0.406024	-0.560868
07425		9.768980	-0.414045	3.059434	0.001436	0.007070	-0.002853	-1.021973	0.821045	-0.332764	0.579316	-0.430073	-0.405972	-0.560907
07426		9.767415	-0.400316	3.051176	-0.008512	0.006293	0.000460	-1.017578	0.821045	-0.339355	0.579223	-0.430139	-0.405907	-0.561000
07427		9.769310	-0.423228	3.089027	-0.003903	0.009903	-0.002434	-1.021973	0.821045	-0.332764	0.579300	-0.430016	-0.405869	-0.561042
07428		9.781359	-0.394910	3.100271	-0.007882	0.008494	-0.000903	-1.019775	0.821045	-0.332764	0.579208	-0.430058	-0.405796	-0.561157
07429		9.761903	-0.421776	3.115857	-0.009302	0.005625	0.000700	-1.023926	0.816650	-0.330566	0.579130	-0.430135	-0.405716	-0.561237
07430		9.760121	-0.426759	3.071411	0.007279	0.003200	-0.001264	-1.026123	0.816650	-0.336914	0.579038	-0.430091	-0.405833	-0.561281
07431		9.779895	-0.399621	3.087511	0.003733	0.002612	-0.000750	-1.019775	0.818848	-0.334961	0.579013	-0.429973	-0.405962	-0.561305
07432		9.766979	-0.427854	3.079026	-0.002571	0.002106	0.000036	-1.026367	0.821045	-0.332764	0.578989	-0.429965	-0.405983	-0.561320
07433		9.765412	-0.418447	3.053465	0.008104	0.001933	-0.001830	-1.021973	0.821045	-0.334961	0.578908	-0.429935	-0.406080	-0.561356
07434		9.764982	-0.394588	3.076467	-0.000146	0.000886	-0.001229	-1.017578	0.818848	-0.332764	0.578866	-0.429935	-0.406117	-0.561372
07435		9.765564	-0.413347	3.070415	-0.008309	0.002180	0.001143	-1.019775	0.818848	-0.334961	0.578811	-0.430012	-0.406067	-0.561406
07436		9.771968	-0.424866	3.044585	0.009184	0.000830	0.000388	-1.021973	0.821045	-0.330566	0.578857	-0.429926	-0.406176	-0.561346
07437		9.764601	-0.394716	3.077660	-0.001560	0.002863	-0.000768	-1.026367	0.823242	-0.335205	0.578749	-0.430002	-0.406158	-0.561412
07438		9.758978	-0.425547	3.075210	-0.015880	0.000752	-0.000053	-1.023926	0.818848	-0.332764	0.578602	-0.430136	-0.406075	-0.561521
07439		9.778921	-0.399665	3.090587	-0.002892	0.000322	-0.001065	-1.021729	0.816650	-0.328369	0.578503	-0.430167	-0.406113	-0.561571
07440		9.756927	-0.398196	3.055297	0.005429	-0.002504	-0.002317	-1.020020	0.823242	-0.330811	0.578376	-0.430204	-0.406221	-0.561596
07441		9.771117	-0.406479	3.051448	-0.001847	0.001155	0.001478	-1.017578	0.816895	-0.332520	0.578321	-0.430303	-0.406177	-0.561609
07442		9.751744	-0.410001	3.088319	-0.007630	0.001800	-0.000652	-1.017578	0.821045	-0.337158	0.578284	-0.430328	-0.406169	-0.561633
07443		9.758575	-0.417538	3.078408	-0.011464	-0.000496	0.002105	-1.024170	0.821045	-0.332764	0.578319	-0.430365	-0.406127	-0.561600
07444		9.778687	-0.405742	3.073782	0.002151	-0.003574	0.000871	-1.021973	0.823242	-0.328613	0.578261	-0.430400	-0.406201	-0.561579
07445		9.764455	-0.402204	3.060389	-0.001408	-0.003516	0.001492	-1.019531	0.816895	-0.332764	0.578144	-0.430549	-0.406193	-0.561591
07446		9.777744	-0.397089	3.046142	0.006264	-0.002405	0.000679	-1.024170	0.823242	-0.335205	0.578168	-0.430493	-0.406317	-0.561519
07447		9.764118	-0.384051	3.065597	0.000069	-0.001861	0.003020	-1.021973	0.823242	-0.335205	0.578180	-0.430508	-0.406352	-0.561470
07448		9.772490	-0.428182	3.042444	0.005129	-0.001556	0.003708	-1.024170	0.821045	-0.339355	0.578248	-0.430484	-0.406412	-0.561376
07449		9.764336	-0.398588	3.045343	0.009599	-0.002552	0.000619	-1.023926	0.818848	-0.330566	0.578356	-0.430335	-0.406576	-0.561259
07450		9.779733	-0.407047	3.070280	-0.004978	-0.002812	0.002224	-1.019775	0.818848	-0.334961	0.578239	-0.430441	-0.406585	-0.561292
07451		9.765809	-0.413178	3.053742	-0.000252	-0.003644	0.001919	-1.021973	0.818848	-0.323975	0.578264	-0.430431	-0.406657	-0.561222
07452		9.765407	-0.394993	3.059178	0.002740	-0.004283	0.000975	-1.019775	0.821045	-0.330566	0.578084	-0.430590	-0.406687	-0.561264
07453		9.768217	-0.431439	3.074594	0.005731	-0.004922	0.000031	-1.020020	0.823242	-0.330811	0.578062	-0.430618	-0.406778	-0.561199
07454		9.759256	-0.401692	3.047393	0.008635	-0.005890	0.000986	-1.017334	0.814697	-0.332520	0.578068	-0.430645	-0.406878	-0.561100
07455		9.760405	-0.433603	3.020063	0.012350	-0.007479	0.001484	-1.019775	0.818848	-0.332764	0.578127	-0.430565	-0.407081	-0.560952
07456		9.766104	-0.392996	3.024452	0.021054	-0.006901	-0.000354	-1.019775	0.821045	-0.328369	0.578213	-0.430439	-0.407326	-0.560782
07457		9.779871	-0.395654	3.006701	0.015112	-0.002712	0.000068	-1.019531	0.816895	-0.332764	0.578218	-0.430424	-0.407447	-0.560701
07458		9.773351	-0.397379	3.013565	0.005690	0.002507	-0.000678	-1.021973	0.823242	-0.330811	0.578261	-0.430336	-0.407526	-0.560667
07459		9.759739	-0.407252	3.011472	-0.003592	0.001994	0.000948	-1.021973	0.823242	-0.337158	0.578223	-0.430405	-0.407485	-0.560683
07460		9.753837	-0.414754	3.031546	0.004171	-0.000044	0.002935	-1.024170	0.823242	-0.330811	0.578343	-0.430333	-0.407550	-0.560568
07461		9.773025	-0.397427	3.014616	0.014686	0.001314	-0.000057	-1.020020	0.825439	-0.333008	0.578375	-0.430269	-0.407654	-0.560508
07462		9.774570	-0.428728	3.018904	0.012238	0.003826	0.001424	-1.021973	0.821045	-0.332764	0.578497	-0.430187	-0.407710	-0.560404
07463		9.772822	-0.391265	3.032903	0.011046	0.005891	0.001322	-1.021973	0.821045	-0.334961	0.578578	-0.430087	-0.407765	-0.560358
07464		9.758919	-0.414745	3.012298	0.002530	0.005322	-0.000749	-1.019775	0.821045	-0.334961	0.578625	-0.430012	-0.407788	-0.560349
07465		9.759297	-0.404807	3.045988	0.002541	0.004677	-0.000857	-1.021973	0.821045	-0.332764	0.578687	-0.429941	-0.407812	-0.560323
07466		9.780218	-0.414711	3.050094	0.000626	0.007690	-0.002403	-1.020020	0.823242	-0.330811	0.578685	-0.429895	-0.407796	-0.560371
07467		9.765218	-0.410456	3.039242	0.002518	0.005968	-0.000641	-1.021973	0.823242	-0.328613	0.578695	-0.429895	-0.407772	-0.560379
07468		9.778191	-0.413894	3.024027	0.004563	0.006190	-0.002465	-1.017334	0.814697	-0.328125	0.578653	-0.429905	-0.407760	-0.560424
07469		9.778041	-0.422270	3.022581	0.002582	0.007586	-0.002327	-1.023926	0.816650	-0.328369	0.578598	-0.429887	-0.407745	-0.560505
07470		9.762648	-0.394311	3.034554	0.006706	0.008111	-0.002627	-1.024170	0.821045	-0.339355	0.578525	-0.429847	-0.407762	-0.560599
07471		9.783703	-0.399184	3.055647	0.000356	0.010186	-0.001412	-1.019775	0.823242	-0.333008	0.578624	-0.429699	-0.407764	-0.560608
07472		9.762036	-0.411644	3.032586	-0.000964	0.006998	-0.001814	-1.021973	0.821045	-0.330566	0.578640	-0.429689	-0.407720	-0.560632
07473		9.775681	-0.419351	3.030612	0.011576	0.006398	-0.001696	-1.021729	0.816650	-0.330566	0.578655	-0.429622	-0.407766	-0.560634
07474		9.760002	-0.395622	3.026178	0.011653	0.007371	-0.003489	-1.019775	0.821045	-0.339355	0.578645	-0.429522	-0.407833	-0.560672
07475		9.793087	-0.381504	3.023872	-0.005305	0.011232	-0.002104	-1.021973	0.818848	-0.330566	0.578738	-0.429416	-0.407775	-0.560699
07476		9.759117	-0.412770	3.025165	0.002118	0.013552	-0.002136	-1.021973	0.818848	-0.334961	0.578719	-0.429367	-0.407709	-0.560805
07477		9.763660	-0.381233	3.031067	0.012014	0.012070	-0.003857	-1.019775	0.818848	-0.332764	0.578797	-0.429186	-0.407759	-0.560826
07478		9.756883	-0.400935	3.034720	0.003495	0.013514	-0.002272	-1.021973	0.821045	-0.332764	0.578827	-0.429103	-0.407708	-0.560896
07479		9.768964	-0.409212	3.005326	-0.004711	0.015371	-0.003151	-1.021729	0.816895	-0.336914	0.578802	-0.429077	-0.407584	-0.561031
07480		9.767321	-0.385868	3.031868	-0.009697	0.018053	-0.001971	-1.013184	0.816895	-0.330322	0.578821	-0.428997	-0.407443	-0.561176
07481		9.764401	-0.377014	3.010860	-0.013540	0.024729	-0.004965	-1.019775	0.821045	-0.330566	0.578795	-0.428975	-0.407185	-0.561407
07482		9.764142	-0.381859	3.059148	-0.029746	0.025706	-0.002478	-1.023926	0.816650	-0.334961	0.578668	-0.429099	-0.406786	-0.561732
07483		9.768916	-0.394802	3.038812	-0.024077	0.024022	-0.001887	-1.019531	0.816895	-0.332764	0.578589	-0.429112	-0.406494	-0.562014
07484		9.768056	-0.394701	3.073760	-0.001214	0.023411	-0.004357	-1.022217	0.825439	-0.333008	0.578613	-0.428980	-0.406359	-0.562188
07485		9.786078	-0.386392	3.059017	-0.013719	0.022074	-0.004828	-1.015381	0.814697	-0.328125	0.578558	-0.428994	-0.406108	-0.562415
07486		9.743258	-0.402130	3.045998	-0.010712	0.020793	-0.005870	-1.026123	0.816650	-0.339111	0.578458	-0.428998	-0.405906	-0.562661
07487		9.761700	-0.370034	3.083045	-0.017025	0.024415	-0.009701	-1.019775	0.818848	-0.332764	0.578406	-0.428866	-0.405735	-0.562939
07488		9.800498	-0.331306	3.129702	-0.037580	0.025500	-0.002940	-1.024170	0.821045	-0.334961	0.578248	-0.429011	-0.405305	-0.563300
07489		9.774064	-0.395129	3.129694	-0.041149	0.020711	-0.001192	-1.021729	0.812500	-0.334717	0.578065	-0.429203	-0.404889	-0.563640
07490		9.773520	-0.396494	3.163022	-0.003872	0.014205	-0.000341	-1.019775	0.821045	-0.337158	0.578067	-0.429119	-0.404828	-0.563746
07491		9.749759	-0.367561	3.139919	0.000297	0.006570	-0.003378	-1.023682	0.812500	-0.332520	0.578090	-0.429059	-0.404829	-0.563767
07492		9.764859	-0.406913	3.110803	0.025972	-0.005058	-0.000666	-1.028320	0.816650	-0.336914	0.578096	-0.428935	-0.405099	-0.563661
07493		9.767970	-0.342460	3.080352	0.016902	-0.001351	-0.004240	-1.024170	0.821045	-0.334961	0.578087	-0.428801	-0.405309	-0.563622
07494		9.777835	-0.392391	3.083716	0.027589	-0.000792	-0.002604	-1.021973	0.818848	-0.332764	0.578154	-0.428647	-0.405534	-0.563509
07495		9.765021	-0.387216	3.081773	0.109575	-0.023796	-0.002375	-1.023926	0.814697	-0.328125	0.578521	-0.428087	-0.406489	-0.562869
07496		9.778890	-0.344853	3.073003	0.108597	-0.023600	-0.006706	-1.021729	0.816895	-0.339111	0.578747	-0.427578	-0.407438	-0.562337
07497		9.769085	-0.366794	3.071374	0.122159	-0.031523	-0.010063	-1.019775	0.819092	-0.343506	0.579147	-0.426890	-0.408601	-0.561604
07498		9.764290	-0.348768	3.075647	0.105618	-0.022602	-0.011015	-1.023926	0.818848	-0.341553	0.579552	-0.426236	-0.409577	-0.560971
07499		9.773570	-0.365010	3.055786	0.063529	-0.015026	-0.009583	-1.026123	0.821045	-0.337158	0.579704	-0.425897	-0.410173	-0.560636
07500		9.788622	-0.353004	3.069018	0.049992	-0.009619	-0.006653	-1.023926	0.816895	-0.343506	0.579746	-0.425724	-0.410569	-0.560435
07501		9.787244	-0.299921	3.099634	-0.015049	0.001457	0.002996	-1.021973	0.823242	-0.339355	0.579661	-0.425892	-0.410432	-0.560496
07502		9.749582	-0.484584	3.120030	0.006693	-0.011249	0.002043	-1.021973	0.818848	-0.337158	0.579570	-0.426080	-0.410470	-0.560418
07503		9.760271	-0.393511	3.131000	0.062342	-0.016288	-0.001632	-1.024170	0.825439	-0.337402	0.579707	-0.425872	-0.410978	-0.560063
07504		9.764664	-0.333635	3.110113	0.001419	-0.011663	0.001913	-1.023926	0.816895	-0.339111	0.579523	-0.426159	-0.410941	-0.560061
07505		9.788127	-0.388583	3.081809	-0.047290	-0.009387	0.004529	-1.019531	0.816895	-0.334717	0.579169	-0.426694	-0.410622	-0.560255
07506		9.756402	-0.443724	3.072085	-0.048554	-0.004081	0.004931	-1.019775	0.821045	-0.332764	0.578828	-0.427232	-0.410233	-0.560481
07507		9.762832	-0.339403	3.019602	-0.073596	0.000606	0.003260	-1.024170	0.821045	-0.339355	0.578333	-0.427955	-0.409600	-0.560904
07508		9.762444	-0.338499	3.021763	-0.112574	-0.001727	0.007580	-1.021973	0.821045	-0.330566	0.577714	-0.428900	-0.408737	-0.561449
07509		9.765939	-0.430583	2.992502	-0.083458	-0.001085	0.004445	-1.023926	0.814697	-0.334717	0.577185	-0.429668	-0.408076	-0.561887
07510		9.769726	-0.369383	3.007152	-0.058303	0.002957	0.001675	-1.023926	0.812500	-0.325928	0.576906	-0.430060	-0.407699	-0.562147
07511		9.767861	-0.350995	3.001263	-0.057876	0.008643	-0.000492	-1.019775	0.818848	-0.332764	0.576586	-0.430446	-0.407301	-0.562468
07512		9.773283	-0.361463	2.963591	-0.040969	0.007397	-0.001416	-1.021729	0.814697	-0.330322	0.576397	-0.430702	-0.406977	-0.562700
07513		9.761443	-0.385536	3.001284	-0.002323	0.004379	-0.005458	-1.024170	0.823242	-0.324219	0.576380	-0.430647	-0.407023	-0.562727
07514		9.757626	-0.334177	2.975928	0.003428	0.005038	-0.003097	-1.021729	0.816650	-0.330566	0.576277	-0.430715	-0.406974	-0.562816
07515		9.779058	-0.353200	2.976656	-0.008522	0.004915	-0.003134	-1.021729	0.814697	-0.325928	0.576234	-0.430732	-0.406936	-0.562874
07516		9.765487	-0.357854	2.991653	-0.006079	0.007903	-0.005645	-1.021729	0.814697	-0.330322	0.576169	-0.430725	-0.406913	-0.562963
07517		9.784966	-0.325801	3.025343	-0.005988	0.009602	-0.003983	-1.019775	0.821045	-0.328369	0.576169	-0.430668	-0.406884	-0.563027
07518		9.773271	-0.372255	3.041698	-0.008879	0.011291	-0.001495	-1.023926	0.816650	-0.334961	0.576128	-0.430720	-0.406726	-0.563143
07519		9.766222	-0.369049	3.067133	0.017940	0.008559	-0.004114	-1.023682	0.812500	-0.334717	0.576274	-0.430471	-0.406873	-0.563078
07520		9.762488	-0.344921	3.003750	0.009271	0.006029	-0.002630	-1.021484	0.810303	-0.325928	0.576383	-0.430284	-0.407004	-0.563016
07521		9.762975	-0.357037	3.015603	0.003534	0.009575	-0.006248	-1.023926	0.818848	-0.328369	0.576373	-0.430175	-0.407062	-0.563067
07522		9.769085	-0.348075	3.027545	-0.002350	0.010525	-0.006391	-1.026123	0.814697	-0.332520	0.576309	-0.430154	-0.407005	-0.563190
07523		9.769279	-0.346163	3.059182	0.006435	0.008614	-0.005280	-1.026123	0.814697	-0.334717	0.576339	-0.430012	-0.407075	-0.563217
07524		9.766482	-0.335898	3.006122	0.002140	0.010261	-0.006009	-1.026123	0.816650	-0.328369	0.576368	-0.429869	-0.407111	-0.563270
07525		9.779623	-0.329482	3.024853	-0.012875	0.013998	-0.004590	-1.026123	0.816650	-0.326172	0.576268	-0.429901	-0.406960	-0.563457
07526		9.757995	-0.337324	3.019171	-0.011286	0.014697	-0.005174	-1.021729	0.812500	-0.328125	0.576153	-0.429936	-0.406809	-0.563656
07527		9.764720	-0.342792	3.042194	0.000650	0.015475	-0.005011	-1.021484	0.808105	-0.332275	0.576171	-0.429823	-0.406774	-0.563750
07528		9.760915	-0.305594	3.029958	-0.017060	0.020910	-0.005022	-1.028320	0.816650	-0.332764	0.576178	-0.429726	-0.406626	-0.563923
07529		9.782906	-0.343826	3.057111	-0.022617	0.018148	-0.003034	-1.023926	0.814697	-0.334717	0.576089	-0.429767	-0.406387	-0.564155
07530		9.774951	-0.328199	3.103636	-0.012372	0.017178	-0.003834	-1.023682	0.810303	-0.330322	0.576099	-0.429696	-0.406252	-0.564296
07531		9.760008	-0.329024	3.107646	-0.006751	0.013225	-0.001656	-1.023438	0.806152	-0.330078	0.576092	-0.429645	-0.406179	-0.564395
07532		9.779806	-0.339303	3.083782	-0.000332	0.008574	-0.003276	-1.028320	0.816650	-0.328369	0.576084	-0.429552	-0.406216	-0.564447
07533		9.765734	-0.334652	3.101909	-0.003215	0.004033	-0.003215	-1.025879	0.810303	-0.334473	0.575973	-0.429604	-0.406189	-0.564541
07534		9.765419	-0.338537	3.086222	0.004684	0.000396	-0.003409	-1.028076	0.814453	-0.326172	0.575982	-0.429512	-0.406318	-0.564508
07535		9.770406	-0.316196	3.056754	0.008695	0.000525	-0.005134	-1.021484	0.810303	-0.328125	0.575882	-0.429505	-0.406409	-0.564550
07536		9.777950	-0.330575	3.043514	0.004293	-0.002369	-0.002719	-1.023682	0.810303	-0.334473	0.575834	-0.429507	-0.406510	-0.564525
07537		9.784872	-0.322176	3.052644	0.006220	-0.001175	-0.002416	-1.023926	0.812500	-0.325928	0.575871	-0.429418	-0.406653	-0.564452
07538		9.763414	-0.315418	3.033378	0.008979	-0.001249	-0.002674	-1.025879	0.810303	-0.330322	0.575807	-0.429424	-0.406748	-0.564445
07539		9.769709	-0.297606	3.046339	0.004048	0.003047	-0.003193	-1.023682	0.812500	-0.330322	0.575781	-0.429371	-0.406821	-0.564458
07540		9.778170	-0.322089	3.059984	-0.010743	0.002009	-0.001212	-1.025879	0.808105	-0.332275	0.575698	-0.429452	-0.406772	-0.564517
07541		9.764842	-0.327198	3.073857	-0.002371	0.002117	-0.003886	-1.019775	0.816895	-0.328369	0.575658	-0.429411	-0.406835	-0.564544
07542		9.776513	-0.298213	3.054040	0.002502	0.000408	-0.002935	-1.028076	0.812500	-0.332520	0.575631	-0.429436	-0.406867	-0.564529
07543		9.770684	-0.318690	3.054747	-0.002482	0.002433	-0.001878	-1.028076	0.810303	-0.330322	0.575594	-0.429428	-0.406892	-0.564555
07544		9.749673	-0.317440	3.048903	-0.000548	-0.001230	-0.000432	-1.019531	0.814697	-0.330322	0.575531	-0.429455	-0.406945	-0.564560
07545		9.783981	-0.312685	3.041062	0.012812	-0.002424	-0.000708	-1.021729	0.814697	-0.325928	0.575595	-0.429397	-0.407085	-0.564438
07546		9.768761	-0.290291	3.034690	-0.003829	0.001899	0.001488	-1.026123	0.814697	-0.330322	0.575534	-0.429497	-0.407034	-0.564461
07547		9.777837	-0.320015	3.061263	-0.003957	0.002140	0.000150	-1.023926	0.814697	-0.330322	0.575494	-0.429541	-0.407017	-0.564480
07548		9.763372	-0.316327	3.048847	-0.000128	0.000241	-0.001338	-1.030273	0.810303	-0.328125	0.575471	-0.429558	-0.407052	-0.564466
07549		9.770038	-0.313730	3.041910	-0.002362	-0.002019	0.000711	-1.021484	0.810303	-0.328125	0.575367	-0.429633	-0.407078	-0.564496
07550		9.764634	-0.330141	3.057951	-0.002251	-0.002335	-0.001297	-1.023682	0.808105	-0.330078	0.575313	-0.429681	-0.407124	-0.564482
07551		9.778782	-0.324415	3.073211	0.000860	-0.002561	-0.000778	-1.026123	0.814453	-0.323975	0.575290	-0.429678	-0.407214	-0.564442
07552		9.764990	-0.334380	3.040100	0.001511	-0.005857	-0.001102	-1.027832	0.808105	-0.325684	0.575160	-0.429797	-0.407262	-0.564449
07553		9.764618	-0.315250	3.044968	0.005888	-0.006525	-0.002159	-1.019531	0.810303	-0.325928	0.575057	-0.429833	-0.407394	-0.564432
07554		9.778579	-0.304645	3.045890	-0.001175	-0.009017	-0.001384	-1.021729	0.814697	-0.332520	0.574975	-0.429931	-0.407487	-0.564373
07555		9.761280	-0.348632	3.050990	0.007354	-0.010441	-0.002938	-1.023682	0.810303	-0.323730	0.575003	-0.429908	-0.407691	-0.564215
07556		9.773098	-0.300666	3.034251	0.014581	-0.014338	-0.001449	-1.030029	0.808105	-0.323730	0.574925	-0.429961	-0.407916	-0.564092
07557		9.767209	-0.311230	3.005225	0.015592	-0.013574	-0.002248	-1.023682	0.808105	-0.325684	0.574810	-0.429996	-0.408152	-0.564011
07558		9.768292	-0.309546	3.001878	0.013663	-0.014766	-0.002548	-1.025879	0.808105	-0.323730	0.574757	-0.430011	-0.408408	-0.563869
07559		9.775509	-0.295986	2.995027	0.018687	-0.013147	-0.001623	-1.021484	0.808105	-0.327881	0.574706	-0.430010	-0.408666	-0.563734
07560		9.777538	-0.307888	3.001921	0.020404	-0.012685	-0.000869	-1.025879	0.810303	-0.330322	0.574768	-0.429934	-0.408968	-0.563510
07561		9.777399	-0.293179	2.989125	0.007754	-0.011801	0.000976	-1.026123	0.816650	-0.326172	0.574783	-0.429942	-0.409169	-0.563343
07562		9.772812	-0.308367	3.002853	0.025824	-0.013152	0.000506	-1.023682	0.808105	-0.325684	0.574835	-0.429902	-0.409455	-0.563113
07563		9.772033	-0.288202	2.977062	0.034983	-0.011636	0.001034	-1.023682	0.810303	-0.328125	0.574945	-0.429759	-0.409817	-0.562846
07564		9.781960	-0.320532	2.984554	0.017490	-0.010344	0.001723	-1.021484	0.808105	-0.325684	0.575009	-0.429717	-0.410053	-0.562640
07565		9.775059	-0.308826	2.979027	0.015650	-0.009836	0.003085	-1.023682	0.808105	-0.325684	0.575051	-0.429712	-0.410253	-0.562455
07566		9.753711	-0.293468	2.960894	0.022318	-0.010100	0.002989	-1.026123	0.814697	-0.332520	0.575111	-0.429666	-0.410499	-0.562250
07567		9.750398	-0.331783	2.982210	0.019546	-0.009379	0.003359	-1.019287	0.808105	-0.323486	0.575261	-0.429573	-0.410757	-0.561979
07568		9.740894	-0.297872	2.941271	0.012660	-0.004997	0.002755	-1.019775	0.816895	-0.328369	0.575289	-0.429582	-0.410884	-0.561851
07569		9.774962	-0.298599	2.916850	0.002087	-0.000334	0.001422	-1.019531	0.812500	-0.323730	0.575374	-0.429584	-0.410939	-0.561721
07570		9.764514	-0.335400	2.963749	0.000954	0.003346	-0.000379	-1.023926	0.814697	-0.323975	0.575380	-0.429606	-0.410940	-0.561698
07571		9.777603	-0.310888	2.986141	0.009780	-0.000485	0.000416	-1.021973	0.821045	-0.332764	0.575400	-0.429606	-0.411020	-0.561619
07572		9.763597	-0.315348	2.970445	0.018482	0.000124	-0.001392	-1.026123	0.814453	-0.323975	0.575621	-0.429426	-0.411235	-0.561373
07573		9.750294	-0.323794	2.967721	0.012656	-0.001524	-0.001960	-1.021729	0.814697	-0.323975	0.575618	-0.429406	-0.411354	-0.561304
07574		9.763057	-0.308023	2.957290	0.010881	0.000600	-0.002288	-1.019287	0.808105	-0.321289	0.575647	-0.429372	-0.411454	-0.561226
07575		9.762784	-0.311890	2.941313	0.005144	0.000654	-0.001198	-1.023926	0.814697	-0.325928	0.575599	-0.429409	-0.411487	-0.561224
07576		9.761094	-0.288537	2.935164	0.005977	0.004971	0.000533	-1.025879	0.808105	-0.323730	0.575654	-0.429377	-0.411516	-0.561170
07577		9.784014	-0.311885	2.978729	-0.001888	0.007296	0.000515	-1.026123	0.814453	-0.328125	0.575600	-0.429412	-0.411453	-0.561246
07578		9.747218	-0.288762	2.968123	-0.002937	0.007095	-0.001921	-1.019531	0.812500	-0.325928	0.575611	-0.429396	-0.411428	-0.561264
07579		9.767911	-0.304237	2.956313	-0.009906	0.006301	0.000531	-1.021729	0.812500	-0.325928	0.575606	-0.429459	-0.411342	-0.561285
07580		9.768201	-0.323139	2.951860	0.003950	0.008301	0.000980	-1.019287	0.808105	-0.323486	0.575675	-0.429412	-0.411335	-0.561255
07581		9.745516	-0.289264	2.973655	0.010366	0.009244	0.001659	-1.026123	0.814453	-0.323975	0.575746	-0.429339	-0.411345	-0.561231
07582		9.773412	-0.301909	2.985135	-0.010662	0.009921	0.002847	-1.025879	0.808105	-0.323730	0.575705	-0.429435	-0.411190	-0.561313
07583		9.765151	-0.306232	2.965210	-0.007502	0.011966	0.001778	-1.021729	0.814697	-0.323975	0.575650	-0.429484	-0.411046	-0.561437
07584		9.751467	-0.307279	2.997273	-0.002350	0.007771	0.001745	-1.023926	0.814697	-0.323975	0.575663	-0.429521	-0.410977	-0.561446
07585		9.771665	-0.313921	2.988827	0.002622	0.007132	0.004247	-1.026123	0.814697	-0.330322	0.575701	-0.429543	-0.410931	-0.561424
07586		9.755476	-0.302098	2.951634	0.012414	0.006002	0.004568	-1.023682	0.810303	-0.332520	0.575852	-0.429436	-0.410999	-0.561301
07587		9.767860	-0.283396	2.959243	0.003747	0.008304	0.004889	-1.025879	0.812500	-0.321533	0.575991	-0.429346	-0.411005	-0.561223
07588		9.755476	-0.312592	2.981730	-0.000049	0.008910	0.006163	-1.025879	0.812500	-0.325928	0.575973	-0.429421	-0.410895	-0.561266
07589		9.748095	-0.321333	2.974096	0.009338	0.005664	0.007293	-1.023926	0.812500	-0.323730	0.576050	-0.429406	-0.410897	-0.561195
07590		9.787730	-0.310631	2.948297	0.022977	0.006190	0.004761	-1.023682	0.812500	-0.330322	0.576168	-0.429299	-0.410991	-0.561087
07591		9.744515	-0.285724	2.960750	0.002021	0.009229	0.007690	-1.026123	0.816650	-0.323975	0.576288	-0.429267	-0.410942	-0.561024
07592		9.761250	-0.351334	2.970220	-0.005095	0.009322	0.008900	-1.023926	0.814697	-0.330322	0.576297	-0.429376	-0.410789	-0.561044
07593		9.751480	-0.319111	2.962271	0.006843	0.008735	0.005512	-1.023926	0.814697	-0.325928	0.576425	-0.429307	-0.410787	-0.560967
07594		9.764571	-0.319196	2.964080	0.005688	0.008858	0.005080	-1.023926	0.816650	-0.321777	0.576487	-0.429295	-0.410748	-0.560942
07595		9.771329	-0.331491	2.969990	-0.008422	0.012926	0.004219	-1.021729	0.812500	-0.334717	0.576441	-0.429401	-0.410556	-0.561047
07596		9.763182	-0.326243	2.983397	-0.004147	0.016788	0.003903	-1.025879	0.810303	-0.325928	0.576590	-0.429296	-0.410457	-0.561047
07597		9.761974	-0.327326	2.987231	-0.001926	0.014836	0.003113	-1.021729	0.812500	-0.330322	0.576589	-0.429288	-0.410329	-0.561148
07598		9.754895	-0.335177	3.010400	-0.000955	0.012686	0.003792	-1.023926	0.816650	-0.330566	0.576672	-0.429241	-0.410252	-0.561156
07599		9.773718	-0.328296	2.993348	-0.001435	0.013070	0.001674	-1.025879	0.812500	-0.323730	0.576740	-0.429194	-0.410174	-0.561178
07600		9.772177	-0.324366	2.983369	-0.001196	0.012510	0.001008	-1.023926	0.814697	-0.325928	0.576689	-0.429219	-0.410061	-0.561295
07601		9.771243	-0.319968	3.003063	-0.000929	0.016247	0.002418	-1.023926	0.816650	-0.330566	0.576713	-0.429199	-0.409929	-0.561380
07602		9.771692	-0.338224	3.029666	0.002362	0.012464	0.000409	-1.023682	0.810303	-0.334473	0.576779	-0.429130	-0.409884	-0.561399
07603		9.769651	-0.329267	3.006487	0.002826	0.011990	-0.000819	-1.028320	0.814453	-0.323975	0.576863	-0.429001	-0.409884	-0.561411
07604		9.760631	-0.313764	2.992972	-0.003476	0.011465	-0.000072	-1.025879	0.812500	-0.328125	0.576772	-0.429056	-0.409761	-0.561552
07605		9.766890	-0.315762	3.002296	-0.003856	0.012909	-0.000640	-1.023926	0.812500	-0.323730	0.576742	-0.429048	-0.409660	-0.561663
07606		9.765852	-0.316157	3.005631	-0.005729	0.014716	0.000925	-1.023682	0.810303	-0.330322	0.576680	-0.429092	-0.409498	-0.561811
07607		9.779780	-0.320107	3.051044	-0.006954	0.013223	0.002180	-1.021729	0.812500	-0.334717	0.576692	-0.429084	-0.409381	-0.561890
07608		9.772323	-0.346924	3.008935	0.008620	0.010081	0.001149	-1.023682	0.810303	-0.325928	0.576828	-0.428938	-0.409427	-0.561828
07609		9.774961	-0.288846	2.994232	0.010997	0.011452	0.000330	-1.025879	0.812500	-0.328125	0.576851	-0.428858	-0.409423	-0.561869
07610		9.767911	-0.296363	3.017068	-0.017759	0.013607	0.002620	-1.026123	0.814697	-0.330322	0.576762	-0.428970	-0.409197	-0.562039
07611		9.775769	-0.336871	3.014092	-0.011640	0.012104	0.002125	-1.025879	0.812500	-0.334717	0.576725	-0.429027	-0.409039	-0.562149
07612		9.767410	-0.321576	3.029771	0.005270	0.010865	0.001294	-1.023682	0.812500	-0.332520	0.576819	-0.428911	-0.409050	-0.562132
07613		9.773835	-0.318885	3.054964	-0.003791	0.010415	0.002283	-1.025879	0.812500	-0.328125	0.576851	-0.428892	-0.408980	-0.562165
07614		9.766198	-0.337272	3.015285	-0.013736	0.008232	0.001956	-1.023926	0.814697	-0.332520	0.576749	-0.429009	-0.408824	-0.562294
07615		9.771786	-0.326506	3.013609	-0.005236	0.008097	0.000647	-1.023682	0.810303	-0.332520	0.576752	-0.429014	-0.408765	-0.562331
07616		9.777419	-0.315764	3.011798	-0.016816	0.007161	0.001215	-1.023926	0.812500	-0.325928	0.576689	-0.429096	-0.408641	-0.562423
07617		9.791969	-0.343780	3.003738	-0.006923	0.006341	-0.000324	-1.026123	0.814697	-0.330322	0.576587	-0.429180	-0.408549	-0.562530
07618		9.767497	-0.278902	3.021132	-0.017196	0.008609	0.000647	-1.025879	0.808105	-0.330078	0.576495	-0.429288	-0.408389	-0.562658
07619		9.776703	-0.332290	3.026794	-0.007499	0.006405	-0.000541	-1.019531	0.810303	-0.328125	0.576433	-0.429312	-0.408340	-0.562738
07620		9.761604	-0.314372	3.034802	0.006641	0.005881	-0.001005	-1.019531	0.810303	-0.330322	0.576456	-0.429252	-0.408383	-0.562730
07621		9.781313	-0.296977	3.048342	-0.002722	0.003726	0.002225	-1.021729	0.816895	-0.332764	0.576467	-0.429269	-0.408373	-0.562712
07622		9.762798	-0.346731	3.040393	0.006975	0.001520	0.001038	-1.019531	0.810303	-0.330322	0.576533	-0.429224	-0.408453	-0.562621
07623		9.759443	-0.296296	3.014132	0.002350	0.002667	-0.000603	-1.025879	0.812500	-0.334717	0.576542	-0.429200	-0.408499	-0.562597
07624		9.787671	-0.313351	3.008007	-0.003393	0.002729	0.000454	-1.023682	0.810303	-0.332520	0.576549	-0.429192	-0.408520	-0.562581
07625		9.772925	-0.291117	3.031228	0.001232	0.001583	0.002094	-1.025879	0.810303	-0.328125	0.576567	-0.429182	-0.408562	-0.562539
07626		9.760618	-0.328901	3.019772	0.009448	0.003951	0.001775	-1.023926	0.814697	-0.330322	0.576569	-0.429148	-0.408607	-0.562530
07627		9.786664	-0.304451	3.012969	0.008265	0.000512	0.002709	-1.023682	0.810303	-0.330322	0.576603	-0.429133	-0.408679	-0.562455
07628		9.772715	-0.305411	3.013742	0.006025	0.003117	0.003599	-1.021484	0.810303	-0.330322	0.576636	-0.429111	-0.408717	-0.562410
07629		9.767153	-0.330704	3.028135	0.015328	0.003005	0.001953	-1.023682	0.810303	-0.330322	0.576719	-0.429011	-0.408834	-0.562316
07630		9.772222	-0.304606	3.015423	0.015328	0.003006	0.001953	-1.021729	0.816650	-0.326172	0.576785	-0.428919	-0.408944	-0.562238
07631		9.759110	-0.318930	3.026449	0.002128	0.002670	0.003303	-1.027832	0.805908	-0.330078	0.576756	-0.428990	-0.408914	-0.562236
07632		9.779699	-0.325447	3.017230	0.004281	0.003954	0.003048	-1.023926	0.816650	-0.326172	0.576742	-0.428975	-0.408936	-0.562246
07633		9.764806	-0.312776	3.008111	0.007111	0.000639	0.002273	-1.025879	0.808105	-0.330078	0.576706	-0.429025	-0.408956	-0.562230
07634		9.765182	-0.317058	3.021568	0.010992	0.001736	0.002674	-1.026123	0.814697	-0.330322	0.576736	-0.428973	-0.409048	-0.562173
07635		9.772239	-0.314115	3.044609	0.002960	0.001400	0.002749	-1.021729	0.812500	-0.325928	0.576725	-0.429002	-0.409067	-0.562147
07636		9.759165	-0.333638	3.039076	0.003989	0.001511	0.001846	-1.025879	0.812500	-0.325928	0.576680	-0.429052	-0.409072	-0.562152
07637		9.771067	-0.305973	3.019022	0.002988	0.000104	0.002538	-1.023682	0.812500	-0.330322	0.576606	-0.429128	-0.409072	-0.562169
07638		9.757572	-0.320788	3.000234	0.011460	0.001262	0.001448	-1.025879	0.812500	-0.332520	0.576651	-0.429073	-0.409173	-0.562091
07639		9.770238	-0.306179	2.990705	0.003233	0.004401	0.000709	-1.023926	0.814697	-0.325928	0.576679	-0.429032	-0.409214	-0.562065
07640		9.757515	-0.324900	3.015101	0.000490	0.003828	0.000850	-1.025879	0.810303	-0.330322	0.576609	-0.429097	-0.409173	-0.562117
07641		9.756727	-0.315722	3.019366	0.003204	0.005698	0.000920	-1.025879	0.812500	-0.328125	0.576619	-0.429063	-0.409194	-0.562118
07642		9.768996	-0.306257	2.994752	0.000479	0.009336	-0.000209	-1.023926	0.814697	-0.328125	0.576592	-0.429052	-0.409145	-0.562189
07643		9.769139	-0.320298	3.007169	-0.005746	0.010524	0.002175	-1.025879	0.810303	-0.332520	0.576561	-0.429097	-0.409024	-0.562275
07644		9.790089	-0.344933	2.993461	0.007359	0.009797	-0.000716	-1.030273	0.816650	-0.332764	0.576634	-0.428970	-0.409075	-0.562260
07645		9.759237	-0.290321	3.014923	0.004950	0.009725	0.000308	-1.026123	0.818848	-0.330566	0.576665	-0.428904	-0.409068	-0.562283
07646		9.767289	-0.329055	3.011515	-0.001505	0.010734	-0.000095	-1.025879	0.812500	-0.332520	0.576649	-0.428906	-0.408983	-0.562359
07647		9.765562	-0.310401	3.020541	0.003391	0.012592	-0.000488	-1.023682	0.810303	-0.332520	0.576705	-0.428807	-0.408968	-0.562389
07648		9.785075	-0.311550	3.000461	0.006739	0.011807	-0.000618	-1.027832	0.808105	-0.325684	0.576784	-0.428679	-0.408992	-0.562387
07649		9.769428	-0.288918	3.026379	-0.007124	0.015426	0.001126	-1.026123	0.814697	-0.332520	0.576705	-0.428711	-0.408825	-0.562567
07650		9.776210	-0.305361	3.046629	-0.011852	0.016250	0.001377	-1.023682	0.812500	-0.332520	0.576695	-0.428724	-0.408649	-0.562693
07651		9.762665	-0.329705	3.057080	-0.000021	0.011114	0.001229	-1.023682	0.810303	-0.328125	0.576739	-0.428673	-0.408609	-0.562717
07652		9.767673	-0.309011	3.059140	-0.000796	0.009793	0.001360	-1.019531	0.812500	-0.330322	0.576716	-0.428677	-0.408541	-0.562787
07653		9.761483	-0.344714	3.042854	-0.008174	0.011013	-0.000050	-1.025879	0.808105	-0.332275	0.576696	-0.428698	-0.408433	-0.562870
07654		9.800312	-0.315729	3.024779	0.000796	0.010491	0.000785	-1.032471	0.814453	-0.334717	0.576731	-0.428628	-0.408422	-0.562894
07655		9.770615	-0.290557	3.037009	-0.017013	0.010747	0.003693	-1.017334	0.810303	-0.332275	0.576674	-0.428717	-0.408250	-0.563011
07656		9.759043	-0.352531	3.034178	0.000702	0.009521	0.002582	-1.021484	0.808105	-0.325684	0.576756	-0.428661	-0.408234	-0.562981
07657		9.776082	-0.294026	3.048561	0.003510	0.012363	0.000863	-1.026123	0.816650	-0.334961	0.576741	-0.428630	-0.408167	-0.563068
07658		9.769401	-0.325350	3.019466	-0.010586	0.010945	0.000967	-1.028076	0.812500	-0.330322	0.576730	-0.428656	-0.408051	-0.563145
07659		9.760954	-0.304949	3.051244	0.001798	0.011902	0.000100	-1.019531	0.812500	-0.332520	0.576719	-0.428615	-0.407996	-0.563226
07660		9.767240	-0.311787	3.044179	-0.003100	0.010046	0.000482	-1.030273	0.814453	-0.334717	0.576749	-0.428588	-0.407946	-0.563252
07661		9.774092	-0.327882	3.033622	0.001068	0.008634	-0.000087	-1.027832	0.808105	-0.330078	0.576758	-0.428540	-0.407938	-0.563285
07662		9.765906	-0.316559	3.032389	0.002675	0.008683	-0.000767	-1.025879	0.810303	-0.332520	0.576731	-0.428497	-0.407932	-0.563349
07663		9.751414	-0.316813	3.034876	-0.006546	0.010329	-0.004187	-1.028076	0.812500	-0.328125	0.576679	-0.428473	-0.407882	-0.563458
07664		9.777801	-0.316270	3.007908	-0.011422	0.012222	0.001512	-1.025879	0.812500	-0.332520	0.576573	-0.428562	-0.407697	-0.563632
07665		9.767778	-0.278429	3.017549	-0.016397	0.019036	-0.001981	-1.028076	0.814697	-0.334717	0.576527	-0.428566	-0.407495	-0.563823
07666		9.781427	-0.306123	3.012762	-0.012519	0.020137	-0.001564	-1.021729	0.814697	-0.334717	0.576522	-0.428527	-0.407317	-0.563986
07667		9.786609	-0.294522	3.073214	-0.024814	0.025115	-0.000319	-1.023926	0.816650	-0.332764	0.576516	-0.428539	-0.407016	-0.564200
07668		9.778839	-0.302948	3.127497	-0.024231	0.019541	0.000953	-1.026123	0.816650	-0.332764	0.576450	-0.428627	-0.406722	-0.564412
07669		9.765115	-0.332093	3.122206	0.000394	0.013159	-0.002898	-1.028076	0.812500	-0.336914	0.576447	-0.428563	-0.406668	-0.564503
07670		9.776113	-0.303780	3.075741	0.008147	0.010483	-0.000902	-1.030273	0.812500	-0.334717	0.576540	-0.428413	-0.406733	-0.564475
07671		9.761077	-0.294981	3.081544	-0.005982	0.010368	-0.000618	-1.023926	0.812500	-0.323730	0.576511	-0.428399	-0.406670	-0.564561
07672		9.780884	-0.297079	3.061084	-0.010122	0.010483	-0.000267	-1.026123	0.814453	-0.326172	0.576346	-0.428526	-0.406476	-0.564772
07673		9.766246	-0.293584	3.079737	0.001856	0.008753	0.002934	-1.023682	0.810303	-0.334473	0.576282	-0.428578	-0.406376	-0.564870
07674		9.773826	-0.323422	3.049502	0.017655	0.006321	0.001555	-1.027832	0.808105	-0.330078	0.576423	-0.428407	-0.406525	-0.564750
07675		9.771016	-0.281546	3.051026	0.006983	0.010700	0.002005	-1.026123	0.816650	-0.336914	0.576451	-0.428332	-0.406523	-0.564778
07676		9.778142	-0.307406	3.038083	-0.008028	0.013808	0.003149	-1.021484	0.808105	-0.332275	0.576488	-0.428324	-0.406400	-0.564835
07677		9.776385	-0.289973	3.076893	-0.009063	0.013698	0.004046	-1.027832	0.808105	-0.327881	0.576517	-0.428325	-0.406277	-0.564894
07678		9.776855	-0.318410	3.100209	0.002535	0.013977	0.003448	-1.025879	0.810303	-0.334473	0.576509	-0.428296	-0.406186	-0.564989
07679		9.788129	-0.296051	3.067305	-0.000784	0.013469	0.003351	-1.023682	0.810303	-0.336670	0.576574	-0.428230	-0.406132	-0.565012
07680		9.767680	-0.318388	3.100199	-0.004894	0.012286	0.003484	-1.030273	0.812500	-0.332520	0.576649	-0.428179	-0.406077	-0.565013
07681		9.773176	-0.317551	3.067534	-0.007240	0.014488	0.002915	-1.023682	0.808105	-0.332275	0.576615	-0.428197	-0.405927	-0.565142
07682		9.770666	-0.286085	3.096184	-0.007508	0.011391	0.001602	-1.021484	0.810303	-0.334473	0.576600	-0.428201	-0.405837	-0.565219
07683		9.770005	-0.297065	3.066662	-0.003647	0.012575	0.005376	-1.023682	0.810303	-0.336670	0.576673	-0.428171	-0.405757	-0.565224
07684		9.776918	-0.318976	3.070089	-0.007112	0.013605	0.004149	-1.025879	0.808105	-0.334473	0.576740	-0.428134	-0.405671	-0.565246
07685		9.761717	-0.306592	3.121634	-0.003356	0.010065	0.004392	-1.027832	0.808105	-0.334473	0.576769	-0.428117	-0.405617	-0.565269
07686		9.776160	-0.334708	3.114310	0.001996	0.007221	0.004068	-1.023926	0.816650	-0.334961	0.576796	-0.428085	-0.405618	-0.565264
07687		9.774389	-0.312337	3.109205	0.002934	0.006920	0.001726	-1.021484	0.808350	-0.336670	0.576818	-0.428064	-0.405609	-0.565265
07688		9.774523	-0.326781	3.091357	-0.001160	0.005089	0.001748	-1.025635	0.806152	-0.332275	0.576863	-0.428025	-0.405645	-0.565222
07689		9.779752	-0.301237	3.108618	0.002375	0.006334	0.001397	-1.025879	0.810303	-0.336670	0.576842	-0.428004	-0.405650	-0.565256
07690		9.779149	-0.302169	3.080804	-0.003936	0.005818	0.002081	-1.025879	0.810303	-0.334473	0.576848	-0.428000	-0.405641	-0.565259
07691		9.772423	-0.314882	3.085515	0.001020	0.004511	0.004537	-1.028076	0.812500	-0.330322	0.576857	-0.428009	-0.405638	-0.565245
07692		9.778870	-0.317699	3.064200	0.008552	0.007176	0.002720	-1.028076	0.812500	-0.336914	0.576830	-0.427997	-0.405620	-0.565295
07693		9.763960	-0.309286	3.069482	0.000574	0.009775	0.001262	-1.025879	0.810303	-0.332520	0.576863	-0.427939	-0.405610	-0.565312
07694		9.770249	-0.311270	3.107908	-0.003845	0.011758	0.002479	-1.025879	0.812500	-0.330322	0.576839	-0.427945	-0.405510	-0.565405
07695		9.776180	-0.309723	3.103844	-0.004820	0.009047	0.002948	-1.023438	0.806152	-0.338867	0.576760	-0.428015	-0.405383	-0.565522
07696		9.774565	-0.292008	3.112236	0.003805	0.008659	0.003053	-1.027832	0.803955	-0.336426	0.576894	-0.427886	-0.405463	-0.565426
07697		9.761402	-0.320731	3.105194	0.003103	0.009610	0.001596	-1.027832	0.808105	-0.330078	0.576947	-0.427786	-0.405501	-0.565420
07698		9.773778	-0.306849	3.067873	0.002837	0.006510	0.000282	-1.030518	0.818848	-0.334961	0.576859	-0.427803	-0.405466	-0.565522
07699		9.787034	-0.305766	3.099032	0.002312	0.008937	0.001825	-1.023682	0.810303	-0.334473	0.576835	-0.427804	-0.405406	-0.565589
07700		9.772301	-0.302597	3.088087	-0.001471	0.008257	0.002837	-1.023682	0.812500	-0.332520	0.576845	-0.427796	-0.405369	-0.565611
07701		9.786091	-0.316311	3.100199	-0.000696	0.009581	0.002715	-1.025879	0.810303	-0.338867	0.576828	-0.427808	-0.405292	-0.565675
07702		9.763047	-0.283515	3.121244	-0.003858	0.006886	0.003630	-1.028076	0.812500	-0.336914	0.576882	-0.427781	-0.405296	-0.565637
07703		9.784666	-0.313335	3.120055	0.001663	0.006727	0.003183	-1.021484	0.810303	-0.332275	0.576910	-0.427754	-0.405299	-0.565627
07704		9.777397	-0.317546	3.098634	-0.008401	0.004232	0.004655	-1.027832	0.808105	-0.332275	0.576847	-0.427860	-0.405206	-0.565678
07705		9.770404	-0.325546	3.119621	0.001552	0.006964	0.001843	-1.023926	0.818848	-0.334961	0.576809	-0.427857	-0.405185	-0.565734
07706		9.782964	-0.311877	3.111251	-0.004760	0.006451	0.002517	-1.028076	0.810303	-0.334717	0.576771	-0.427920	-0.405098	-0.565788
07707		9.775434	-0.311245	3.106212	-0.004307	0.006063	0.004640	-1.023682	0.808105	-0.334473	0.576754	-0.427957	-0.405050	-0.565812
07708		9.774436	-0.303716	3.081570	-0.000756	0.006657	0.004189	-1.028076	0.812500	-0.332520	0.576784	-0.427945	-0.405043	-0.565795
07709		9.781403	-0.315793	3.086468	-0.001067	0.005507	0.003194	-1.025879	0.810303	-0.336670	0.576728	-0.427993	-0.404989	-0.565854
07710		9.788376	-0.327285	3.120678	0.000282	0.006768	0.003296	-1.028076	0.812500	-0.334717	0.576777	-0.427954	-0.405008	-0.565821
07711		9.774558	-0.337810	3.119000	0.002515	0.004799	0.002531	-1.021729	0.812500	-0.330322	0.576768	-0.427951	-0.405016	-0.565826
07712		9.765862	-0.308273	3.122848	0.009448	0.003295	0.001763	-1.028076	0.810303	-0.336670	0.576744	-0.427947	-0.405042	-0.565835
07713		9.779310	-0.303017	3.110142	0.005973	-0.000550	0.001680	-1.023682	0.812500	-0.339111	0.576763	-0.427915	-0.405158	-0.565756
07714		9.773186	-0.319497	3.097437	0.009851	0.000543	0.002119	-1.027832	0.805908	-0.330078	0.576863	-0.427826	-0.405314	-0.565610
07715		9.785980	-0.300342	3.103963	0.001444	0.001674	0.001549	-1.025879	0.812500	-0.336914	0.576766	-0.427877	-0.405314	-0.565670
07716		9.779779	-0.316827	3.120751	0.000668	0.000350	0.001671	-1.028076	0.810303	-0.332520	0.576766	-0.427885	-0.405377	-0.565620
07717		9.773864	-0.337974	3.091914	0.011601	0.000263	-0.000555	-1.021729	0.814697	-0.330322	0.576732	-0.427850	-0.405481	-0.565605
07718		9.771478	-0.292031	3.078632	-0.005024	0.003352	0.001198	-1.025879	0.810303	-0.330322	0.576618	-0.427961	-0.405390	-0.565703
07719		9.778743	-0.308753	3.067122	-0.005116	0.007256	0.001837	-1.025879	0.810303	-0.334473	0.576532	-0.428027	-0.405295	-0.565809
07720		9.770749	-0.297479	3.123846	-0.003131	0.005851	0.001737	-1.023682	0.812500	-0.336914	0.576523	-0.428032	-0.405284	-0.565822
07721		9.784230	-0.303242	3.079996	-0.002633	0.007829	0.005627	-1.028076	0.812500	-0.339111	0.576594	-0.428018	-0.405261	-0.565776
07722		9.755153	-0.287388	3.117153	-0.005006	0.005809	0.006310	-1.026123	0.814697	-0.332520	0.576660	-0.428021	-0.405254	-0.565713
07723		9.752257	-0.379058	3.138874	-0.005938	0.001145	0.006457	-1.028320	0.816650	-0.334961	0.576588	-0.428154	-0.405174	-0.565742
07724		9.756731	-0.326537	3.134333	0.020427	-0.005491	0.003404	-1.028076	0.814697	-0.334717	0.576629	-0.428109	-0.405366	-0.565597
07725		9.776451	-0.295982	3.106420	0.002993	-0.006736	0.003402	-1.023682	0.810303	-0.332520	0.576574	-0.428191	-0.405451	-0.565529
07726		9.778988	-0.338241	3.076059	0.010018	-0.007828	0.004085	-1.030273	0.812500	-0.330322	0.576567	-0.428225	-0.405602	-0.565403
07727		9.778275	-0.309817	3.083498	0.025107	-0.008692	0.001422	-1.023682	0.810303	-0.334473	0.576541	-0.428192	-0.405828	-0.565292
07728		9.772421	-0.321471	3.026918	0.016160	-0.004476	0.002499	-1.028076	0.814697	-0.336914	0.576610	-0.428123	-0.406036	-0.565125
07729		9.772380	-0.316574	3.042542	0.005043	-0.000894	0.003914	-1.026123	0.814697	-0.330322	0.576641	-0.428123	-0.406123	-0.565031
07730		9.779569	-0.323343	3.062250	0.005804	0.001081	0.003898	-1.028320	0.816650	-0.332764	0.576587	-0.428181	-0.406117	-0.565046
07731		9.785695	-0.311451	3.088754	0.003912	0.004111	0.002308	-1.028320	0.816650	-0.332764	0.576549	-0.428207	-0.406101	-0.565077
07732		9.765678	-0.333302	3.090097	0.004734	0.003483	0.001868	-1.030029	0.805908	-0.334473	0.576508	-0.428230	-0.406097	-0.565104
07733		9.771467	-0.312454	3.119325	-0.006667	-0.000916	0.003129	-1.026123	0.814697	-0.332520	0.576483	-0.428279	-0.406150	-0.565055
07734		9.765264	-0.325752	3.092932	0.004063	-0.003605	0.004384	-1.028076	0.810303	-0.334717	0.576444	-0.428352	-0.406198	-0.565005
07735		9.778738	-0.310902	3.111162	0.015272	-0.005564	0.001283	-1.023682	0.808105	-0.327881	0.576490	-0.428286	-0.406422	-0.564846
07736		9.773489	-0.336657	3.093936	0.001268	-0.006540	0.002737	-1.025879	0.810303	-0.334473	0.576384	-0.428401	-0.406473	-0.564830
07737		9.766560	-0.325827	3.088829	0.005655	-0.007228	0.001740	-1.027832	0.808105	-0.330078	0.576386	-0.428415	-0.406641	-0.564697
07738		9.779789	-0.302689	3.080191	0.003906	-0.006942	0.004415	-1.025879	0.812500	-0.332520	0.576329	-0.428496	-0.406736	-0.564625
07739		9.767141	-0.318013	3.059260	0.010573	-0.007233	0.004418	-1.021729	0.814697	-0.332520	0.576337	-0.428522	-0.406885	-0.564490
07740		9.774449	-0.315584	3.051015	0.014712	-0.007356	0.004085	-1.021729	0.812500	-0.332520	0.576373	-0.428524	-0.407055	-0.564330
07741		9.774892	-0.315611	3.049593	0.009612	-0.005067	0.003729	-1.023682	0.810303	-0.330322	0.576404	-0.428530	-0.407193	-0.564194
07742		9.775251	-0.315804	3.077766	0.002002	-0.004465	0.006067	-1.026123	0.814697	-0.330322	0.576381	-0.428614	-0.407244	-0.564117
07743		9.770274	-0.350842	3.057872	0.031210	-0.005245	0.003170	-1.023682	0.810303	-0.332520	0.576458	-0.428507	-0.407490	-0.563941
07744		9.768995	-0.312573	3.068958	0.024680	-0.006485	0.004300	-1.021729	0.812500	-0.330322	0.576570	-0.428406	-0.407755	-0.563711
07745		9.770501	-0.335567	3.045191	0.015268	-0.006760	0.004417	-1.019287	0.810303	-0.336670	0.576586	-0.428419	-0.407906	-0.563577
07746		9.763773	-0.328976	3.053292	0.010897	-0.006720	0.005311	-1.023926	0.816650	-0.332764	0.576717	-0.428368	-0.408129	-0.563320
07747		9.778666	-0.342462	3.061842	0.008929	-0.005964	0.005304	-1.028320	0.816650	-0.332764	0.576720	-0.428422	-0.408226	-0.563206
07748		9.771615	-0.332049	3.057059	0.007535	-0.005272	0.005520	-1.023926	0.814697	-0.330322	0.576701	-0.428488	-0.408302	-0.563120
07749		9.764936	-0.330432	3.049414	0.015113	-0.004573	0.003388	-1.023926	0.816650	-0.330566	0.576704	-0.428493	-0.408427	-0.563022
07750		9.779004	-0.330316	3.019000	0.011562	-0.005161	0.003843	-1.021729	0.812500	-0.332520	0.576681	-0.428540	-0.408518	-0.562944
07751		9.772867	-0.337823	3.037340	0.001239	-0.006427	0.006096	-1.025879	0.812500	-0.328125	0.576680	-0.428626	-0.408595	-0.562824
07752		9.773302	-0.343933	3.020182	0.006890	-0.001952	0.005818	-1.021484	0.808105	-0.334473	0.576643	-0.428696	-0.408620	-0.562789
07753		9.779810	-0.332980	3.016094	0.005428	-0.002981	0.004381	-1.023926	0.818848	-0.334961	0.576739	-0.428658	-0.408781	-0.562604
07754		9.766418	-0.343522	3.013042	0.009222	0.002017	0.005437	-1.021729	0.816650	-0.323975	0.576822	-0.428630	-0.408846	-0.562491
07755		9.765697	-0.329666	3.032689	0.011092	0.000843	0.003998	-1.021484	0.806152	-0.334473	0.576742	-0.428708	-0.408814	-0.562538
07756		9.766434	-0.347887	3.056349	0.006926	0.002270	0.004543	-1.019531	0.814697	-0.325928	0.576885	-0.428610	-0.408962	-0.562358
07757		9.766643	-0.352755	3.069510	0.007939	-0.002495	0.004821	-1.021729	0.814697	-0.328125	0.576826	-0.428701	-0.408967	-0.562346
07758		9.772279	-0.318133	3.087384	0.010618	-0.004844	0.006186	-1.023682	0.812500	-0.332520	0.576806	-0.428772	-0.409029	-0.562268
07759		9.759344	-0.334409	3.037663	0.014087	-0.006521	0.007319	-1.024170	0.818848	-0.323975	0.576882	-0.428767	-0.409197	-0.562071
07760		9.753566	-0.351654	3.023584	0.019371	-0.006770	0.007429	-1.023682	0.812500	-0.332520	0.576806	-0.428874	-0.409238	-0.562037
07761		9.780857	-0.332022	3.057422	0.006030	-0.005533	0.007538	-1.019775	0.816895	-0.328369	0.576851	-0.428918	-0.409346	-0.561880
07762		9.747735	-0.361043	3.011229	0.016954	-0.006830	0.008436	-1.019531	0.814697	-0.325928	0.576872	-0.428973	-0.409445	-0.561743
07763		9.775194	-0.346375	2.999339	0.029622	-0.008421	0.006658	-1.021729	0.816895	-0.334717	0.576920	-0.428951	-0.409643	-0.561566
07764		9.781752	-0.330813	2.981187	0.011970	-0.004766	0.009421	-1.021729	0.816895	-0.332764	0.577020	-0.428963	-0.409764	-0.561366
07765		9.755671	-0.365518	2.984937	0.010387	0.000061	0.008913	-1.021973	0.818848	-0.332764	0.577102	-0.428973	-0.409818	-0.561235
07766		9.761927	-0.349694	2.997362	0.021225	-0.002309	0.008262	-1.025879	0.812500	-0.325928	0.577208	-0.428934	-0.409950	-0.561060
07767		9.768748	-0.347930	2.990530	0.017635	-0.000941	0.009029	-1.026367	0.823242	-0.330811	0.577236	-0.428949	-0.410013	-0.560973
07768		9.768946	-0.358880	2.987934	0.000670	0.003615	0.010215	-1.026367	0.821045	-0.326416	0.577177	-0.429101	-0.409865	-0.561026
07769		9.775095	-0.348619	3.014514	0.004232	0.003552	0.009653	-1.028320	0.818848	-0.330566	0.577084	-0.429256	-0.409714	-0.561113
07770		9.767062	-0.335227	2.998879	0.009257	0.004520	0.010527	-1.026123	0.818848	-0.330566	0.577109	-0.429304	-0.409664	-0.561087
07771		9.768313	-0.379115	3.001343	-0.001456	0.006019	0.012415	-1.019531	0.814697	-0.330322	0.577104	-0.429427	-0.409518	-0.561105
07772		9.753508	-0.372960	3.006140	0.007472	0.007962	0.010370	-1.019775	0.821045	-0.330566	0.577222	-0.429405	-0.409494	-0.561017
07773		9.766763	-0.373617	3.037177	0.010706	0.006204	0.012066	-1.024170	0.818848	-0.326172	0.577273	-0.429456	-0.409408	-0.560989
07774		9.767647	-0.408134	3.042492	-0.000357	0.002870	0.011007	-1.023926	0.818848	-0.330566	0.577190	-0.429631	-0.409251	-0.561055
07775		9.739446	-0.401417	3.046164	0.027007	0.000623	0.009120	-1.026123	0.821045	-0.334961	0.577299	-0.429561	-0.409371	-0.560909
07776		9.779688	-0.372829	3.025552	0.022848	-0.003575	0.007399	-1.023926	0.816650	-0.334961	0.577365	-0.429530	-0.409512	-0.560761
07777		9.767210	-0.401763	3.015853	0.011503	-0.004385	0.007309	-1.021729	0.816895	-0.334717	0.577444	-0.429526	-0.409651	-0.560582
07778		9.775165	-0.417216	3.031420	0.023836	-0.006502	0.004652	-1.021973	0.818848	-0.330566	0.577558	-0.429438	-0.409899	-0.560350
07779		9.754084	-0.402206	2.984255	0.030030	-0.005776	0.002627	-1.021729	0.812500	-0.336914	0.577599	-0.429366	-0.410110	-0.560209
07780		9.760281	-0.375913	2.969383	0.019796	-0.004757	0.003291	-1.019775	0.821045	-0.332764	0.577785	-0.429210	-0.410415	-0.559912
07781		9.754095	-0.387135	2.972305	0.014477	-0.002548	0.003485	-1.024170	0.821045	-0.332764	0.577760	-0.429243	-0.410472	-0.559872
07782		9.767382	-0.372751	2.961821	0.013757	-0.000308	0.002222	-1.019531	0.814697	-0.323730	0.577715	-0.429266	-0.410511	-0.559872
07783		9.788802	-0.392352	2.962776	0.006708	0.002737	0.001846	-1.021729	0.816650	-0.330566	0.577637	-0.429321	-0.410480	-0.559933
07784		9.753777	-0.386248	2.973464	0.012183	0.004519	0.001699	-1.019775	0.821045	-0.332764	0.577652	-0.429281	-0.410521	-0.559919
07785		9.767113	-0.385422	2.974954	0.005134	0.007563	0.001321	-1.021973	0.818848	-0.328369	0.577593	-0.429315	-0.410433	-0.560018
07786		9.773454	-0.387932	2.983619	-0.009488	0.009929	0.003080	-1.026367	0.821045	-0.326416	0.577450	-0.429462	-0.410205	-0.560219
07787		9.766788	-0.408987	3.015693	0.000536	0.007531	0.002777	-1.026123	0.816650	-0.334961	0.577267	-0.429608	-0.410006	-0.560441
07788		9.758106	-0.374655	3.035563	0.002548	0.004169	0.002385	-1.017578	0.818848	-0.332764	0.577286	-0.429597	-0.410037	-0.560408
07789		9.765853	-0.406002	3.004686	-0.003721	0.001718	0.002764	-1.023926	0.816650	-0.330566	0.577204	-0.429709	-0.409959	-0.560464
07790		9.758562	-0.400121	2.985156	0.009988	-0.000445	0.000002	-1.019775	0.821045	-0.332764	0.577174	-0.429703	-0.410040	-0.560440
07791		9.777958	-0.369708	2.958282	0.007768	0.001534	0.000751	-1.019775	0.818848	-0.334961	0.577083	-0.429764	-0.410009	-0.560510
07792		9.763699	-0.365728	2.975437	-0.011037	0.006637	0.003244	-1.024170	0.823242	-0.330811	0.577012	-0.429877	-0.409866	-0.560600
07793		9.751443	-0.412031	3.020407	-0.001562	0.002997	0.002518	-1.021729	0.812500	-0.330322	0.576801	-0.430066	-0.409683	-0.560806
07794		9.764260	-0.393863	2.997617	0.015328	0.001683	0.001863	-1.017578	0.818848	-0.323975	0.576948	-0.429924	-0.409885	-0.560616
07795		9.763907	-0.389277	2.984959	0.004439	0.001682	0.000751	-1.019775	0.823242	-0.333008	0.576782	-0.430051	-0.409782	-0.560765
07796		9.778106	-0.402469	2.995640	-0.002696	0.002470	0.001969	-1.019775	0.818848	-0.332764	0.576584	-0.430237	-0.409604	-0.560956
07797		9.777939	-0.402517	2.996180	0.006281	0.001800	-0.000479	-1.021973	0.818848	-0.332764	0.576530	-0.430258	-0.409618	-0.560985
07798		9.763596	-0.393824	2.970407	0.013171	0.001583	-0.001035	-1.021973	0.821045	-0.330566	0.576502	-0.430229	-0.409685	-0.560987
07799		9.762806	-0.379622	2.961016	0.002330	0.004616	-0.000302	-1.021973	0.823242	-0.335205	0.576337	-0.430339	-0.409560	-0.561164
07800		9.756121	-0.395303	2.979364	-0.006777	0.007988	-0.002142	-1.021973	0.823242	-0.333008	0.576111	-0.430494	-0.409338	-0.561439
07801		9.769571	-0.399009	2.994295	-0.010667	0.007547	-0.002469	-1.019775	0.816895	-0.328369	0.575823	-0.430705	-0.409063	-0.561773
07802		9.775502	-0.387795	2.992240	-0.008487	0.006346	0.000229	-1.019775	0.818848	-0.334961	0.575721	-0.430800	-0.408943	-0.561892
07803		9.754546	-0.396403	2.984368	-0.013424	0.007636	-0.002247	-1.017578	0.816895	-0.332520	0.575598	-0.430898	-0.408801	-0.562046
07804		9.761206	-0.402422	3.005858	-0.008020	0.007687	-0.004033	-1.019531	0.812500	-0.332520	0.575540	-0.430913	-0.408745	-0.562134
07805		9.753031	-0.380946	3.036087	-0.010071	0.006186	-0.002446	-1.017334	0.812500	-0.328125	0.575626	-0.430844	-0.408821	-0.562045
07806		9.759806	-0.388642	2.998423	-0.001997	0.003891	-0.002853	-1.019775	0.821045	-0.330566	0.575684	-0.430776	-0.408918	-0.561967
07807		9.772454	-0.364650	2.991976	0.003064	0.002905	-0.002278	-1.017578	0.818848	-0.328369	0.575516	-0.430872	-0.408828	-0.562130
07808		9.773047	-0.381325	3.015993	0.008930	0.001938	-0.002037	-1.021973	0.818848	-0.330566	0.575420	-0.430904	-0.408820	-0.562210
07809		9.758504	-0.368318	2.977177	0.005015	0.002800	-0.002164	-1.017578	0.818848	-0.330566	0.575317	-0.430942	-0.408801	-0.562299
07810		9.751673	-0.374446	2.997714	-0.001781	0.003444	-0.000169	-1.021973	0.821045	-0.334961	0.575201	-0.431037	-0.408709	-0.562412
07811		9.758624	-0.381383	2.988872	0.005571	0.002211	0.001306	-1.023926	0.814697	-0.332520	0.575094	-0.431117	-0.408649	-0.562504
07812		9.764904	-0.369188	2.985813	0.016937	0.001725	0.001208	-1.019775	0.818848	-0.323975	0.575237	-0.430968	-0.408856	-0.562322
07813		9.771516	-0.366024	2.979946	0.014728	0.003054	0.001854	-1.021973	0.818848	-0.328369	0.575135	-0.431019	-0.408806	-0.562423
07814		9.756696	-0.347729	2.986843	0.013540	0.003956	0.004852	-1.024170	0.818848	-0.323975	0.575090	-0.431057	-0.408764	-0.562470
07815		9.758253	-0.394184	2.973002	0.016565	0.001996	0.003771	-1.021973	0.821045	-0.330566	0.574986	-0.431122	-0.408721	-0.562559
07816		9.764069	-0.372849	2.973194	0.014469	0.004280	0.002614	-1.021973	0.821045	-0.330566	0.574860	-0.431193	-0.408629	-0.562700
07817		9.764066	-0.382282	2.971443	0.000348	0.004851	0.002929	-1.015381	0.819092	-0.332764	0.574651	-0.431372	-0.408422	-0.562926
07818		9.769410	-0.357898	2.959283	0.002212	0.009310	0.003746	-1.021729	0.816895	-0.334717	0.574598	-0.431430	-0.408274	-0.563043
07819		9.763240	-0.393156	2.972209	0.001224	0.006604	0.004239	-1.021973	0.821045	-0.326416	0.574638	-0.431428	-0.408253	-0.563019
07820		9.762145	-0.379923	2.992890	-0.008530	0.007128	0.003662	-1.021729	0.814697	-0.330322	0.574353	-0.431691	-0.407928	-0.563344
07821		9.761701	-0.385629	3.007879	-0.008555	0.008432	0.003863	-1.023926	0.818848	-0.332764	0.574415	-0.431693	-0.407890	-0.563307
07822		9.768242	-0.393768	3.000260	-0.000847	0.007583	0.002882	-1.023926	0.814697	-0.332520	0.574346	-0.431758	-0.407782	-0.563405
07823		9.746290	-0.378857	3.014619	0.003149	0.007803	0.004557	-1.019775	0.816895	-0.330566	0.574501	-0.431660	-0.407860	-0.563266
07824		9.760325	-0.397561	3.010234	0.001971	0.004237	0.002162	-1.019775	0.821045	-0.332764	0.574502	-0.431672	-0.407855	-0.563259
07825		9.759788	-0.392852	3.027388	0.001165	0.004219	0.002496	-1.021973	0.818848	-0.330566	0.574345	-0.431809	-0.407703	-0.563425
07826		9.759592	-0.394097	2.998819	0.009017	0.001190	0.002560	-1.019531	0.812500	-0.328125	0.574284	-0.431856	-0.407697	-0.563454
07827		9.759283	-0.390768	2.956988	0.013114	0.003016	0.002534	-1.017578	0.821045	-0.328369	0.574524	-0.431663	-0.407939	-0.563183
07828		9.772748	-0.390071	2.958119	0.004936	0.005535	0.001585	-1.019775	0.821045	-0.332764	0.574346	-0.431793	-0.407767	-0.563390
07829		9.765423	-0.392441	2.966364	0.002609	0.007738	0.000984	-1.021973	0.823242	-0.330811	0.574196	-0.431892	-0.407602	-0.563586
07830		9.764586	-0.387348	2.984536	0.003156	0.008981	0.001410	-1.020020	0.823242	-0.330811	0.573926	-0.432076	-0.407320	-0.563923
07831		9.777261	-0.377694	2.989951	-0.000548	0.011228	0.000917	-1.021729	0.816650	-0.328369	0.573632	-0.432278	-0.406984	-0.564310
07832		9.756254	-0.395172	2.980593	-0.002993	0.014306	-0.000927	-1.023926	0.816650	-0.334961	0.573632	-0.432240	-0.406893	-0.564405
07833		9.748302	-0.392353	3.006233	-0.001436	0.010128	-0.000292	-1.019775	0.818848	-0.332764	0.573682	-0.432177	-0.406897	-0.564399
07834		9.754354	-0.390020	3.002177	0.001647	0.010553	0.000377	-1.021973	0.823242	-0.333008	0.573629	-0.432192	-0.406790	-0.564520
07835		9.767303	-0.389227	3.005001	0.000033	0.012344	-0.002002	-1.019531	0.816895	-0.334717	0.573327	-0.432361	-0.406476	-0.564923
07836		9.752702	-0.389029	3.007669	0.004790	0.009543	-0.002499	-1.021973	0.818848	-0.332764	0.573382	-0.432259	-0.406516	-0.564916
07837		9.780286	-0.404627	3.033360	0.004581	0.008159	-0.002140	-1.019775	0.818848	-0.330566	0.573294	-0.432269	-0.406451	-0.565045
07838		9.771829	-0.379326	3.021561	0.000095	0.009084	-0.002504	-1.019531	0.814697	-0.336914	0.573161	-0.432321	-0.406323	-0.565232
07839		9.778221	-0.381701	3.001177	-0.001530	0.009700	-0.001738	-1.019775	0.821045	-0.330566	0.573312	-0.432176	-0.406420	-0.565119
07840		9.770639	-0.380121	2.967831	0.007754	0.010844	-0.003069	-1.023926	0.816650	-0.332764	0.573107	-0.432246	-0.406231	-0.565410
07841		9.768800	-0.359618	3.006219	0.000540	0.015549	-0.001278	-1.019775	0.821045	-0.330566	0.573131	-0.432169	-0.406166	-0.565491
07842		9.756099	-0.415851	2.992341	-0.003011	0.014966	-0.000833	-1.019775	0.818848	-0.334961	0.572883	-0.432312	-0.405844	-0.565864
07843		9.752293	-0.349526	3.016812	0.016026	0.017417	-0.004603	-1.021729	0.814697	-0.334717	0.572881	-0.432168	-0.405794	-0.566012
07844		9.786625	-0.380742	3.061434	-0.020825	0.017134	-0.001165	-1.017334	0.814697	-0.334717	0.572911	-0.432153	-0.405656	-0.566092
07845		9.758760	-0.404581	3.072203	-0.000514	0.012937	-0.005474	-1.021973	0.823242	-0.333008	0.573018	-0.431991	-0.405715	-0.566065
07846		9.769845	-0.349253	3.033992	-0.004481	0.009581	-0.004316	-1.017578	0.818848	-0.328369	0.572591	-0.432250	-0.405343	-0.566566
07847		9.756915	-0.386575	3.024380	-0.015351	0.008922	-0.005578	-1.026367	0.821045	-0.332764	0.572294	-0.432443	-0.405065	-0.566918
07848		9.762333	-0.361113	3.012433	-0.006628	0.007649	-0.004179	-1.019531	0.816895	-0.332764	0.571928	-0.432666	-0.404779	-0.567320
07849		9.768543	-0.358486	3.008014	-0.011388	0.010452	-0.003690	-1.026123	0.821045	-0.337158	0.571820	-0.432720	-0.404641	-0.567487
07850		9.775391	-0.378743	3.011612	-0.005604	0.013404	-0.002821	-1.026123	0.818848	-0.339355	0.571529	-0.432879	-0.404339	-0.567873
07851		9.760178	-0.364943	3.004462	0.003957	0.012674	-0.004995	-1.023926	0.814697	-0.332520	0.571418	-0.432857	-0.404249	-0.568065
07852		9.784454	-0.308655	2.996985	-0.019392	0.020666	-0.002678	-1.026123	0.814453	-0.328125	0.571435	-0.432818	-0.404086	-0.568195
07853		9.764823	-0.384970	3.043559	-0.016238	0.022178	-0.000455	-1.023926	0.816650	-0.328369	0.571463	-0.432776	-0.403905	-0.568327
07854		9.754536	-0.342200	3.040969	-0.003387	0.023263	-0.002300	-1.021729	0.814697	-0.332520	0.571432	-0.432714	-0.403706	-0.568547
07855		9.774214	-0.361181	3.076085	-0.008357	0.017846	-0.000565	-1.024170	0.818848	-0.323975	0.571517	-0.432623	-0.403628	-0.568586
07856		9.765985	-0.363767	3.086875	-0.011068	0.017809	-0.003705	-1.021729	0.812500	-0.332520	0.571232	-0.432773	-0.403272	-0.569011
07857		9.765535	-0.378406	3.071610	-0.010799	0.014098	-0.001522	-1.021973	0.821045	-0.337158	0.571416	-0.432623	-0.403328	-0.568900
07858		9.777944	-0.364263	3.064558	0.000286	0.011142	-0.002744	-1.023926	0.818848	-0.337158	0.571159	-0.432750	-0.403081	-0.569237
07859		9.749187	-0.350889	3.056480	0.005285	0.008420	-0.003784	-1.023926	0.814697	-0.334717	0.571021	-0.432772	-0.402998	-0.569418
07860		9.776533	-0.353676	3.042776	-0.000902	0.008878	-0.004948	-1.023682	0.812500	-0.334717	0.571067	-0.432669	-0.403067	-0.569400
07861		9.768072	-0.336492	3.057741	-0.003730	0.012230	-0.004239	-1.028076	0.812500	-0.339111	0.571242	-0.432479	-0.403190	-0.569282
07862		9.781332	-0.340272	3.044801	-0.001222	0.012718	-0.003784	-1.023926	0.816650	-0.336914	0.571431	-0.432269	-0.403337	-0.569148
07863		9.767428	-0.358889	3.041787	-0.010389	0.012527	-0.004291	-1.019775	0.818848	-0.339355	0.571321	-0.432303	-0.403197	-0.569332
07864		9.759269	-0.351409	3.054056	-0.005417	0.011113	-0.005125	-1.023682	0.808105	-0.332275	0.571144	-0.432370	-0.403023	-0.569582
07865		9.771757	-0.345283	3.073297	-0.010655	0.013755	-0.003531	-1.023926	0.816650	-0.334961	0.571480	-0.432088	-0.403241	-0.569304
07866		9.785004	-0.353686	3.073621	-0.005111	0.012279	-0.004136	-1.019531	0.814697	-0.334717	0.571377	-0.432103	-0.403120	-0.569482
07867		9.769841	-0.335776	3.053132	-0.002131	0.012930	-0.004793	-1.023926	0.818848	-0.337158	0.571410	-0.432006	-0.403108	-0.569531
07868		9.775349	-0.331746	3.079125	-0.006520	0.013630	-0.003834	-1.028076	0.814697	-0.336914	0.571203	-0.432099	-0.402876	-0.569833
07869		9.761053	-0.341554	3.078911	-0.011309	0.010900	-0.002267	-1.025635	0.808105	-0.338867	0.571148	-0.432117	-0.402790	-0.569934
07870		9.774436	-0.350344	3.078786	-0.006379	0.011447	-0.002793	-1.025879	0.810303	-0.338867	0.571486	-0.431833	-0.403043	-0.569632
07871		9.772709	-0.331449	3.087525	-0.003064	0.011954	-0.002662	-1.025879	0.814697	-0.336914	0.571702	-0.431624	-0.403194	-0.569466
07872		9.765872	-0.356488	3.103717	-0.007602	0.008651	-0.001757	-1.025879	0.812500	-0.336914	0.571655	-0.431640	-0.403135	-0.569543
07873		9.779029	-0.338744	3.053485	0.005354	0.009515	-0.002219	-1.023682	0.812500	-0.339111	0.571776	-0.431485	-0.403247	-0.569460
07874		9.777849	-0.328945	3.058909	-0.006031	0.010652	-0.002110	-1.023926	0.816650	-0.334961	0.571860	-0.431393	-0.403278	-0.569423
07875		9.783836	-0.330522	3.068496	-0.005379	0.013513	-0.003375	-1.025879	0.812500	-0.334717	0.571749	-0.431419	-0.403125	-0.569624
07876		9.781423	-0.306942	3.094024	-0.012795	0.015525	-0.001462	-1.028076	0.814697	-0.334717	0.571773	-0.431380	-0.403032	-0.569695
07877		9.781536	-0.339889	3.101851	-0.012350	0.014503	0.000566	-1.025879	0.812500	-0.336914	0.571702	-0.431430	-0.402852	-0.569855
07878		9.787344	-0.337953	3.098820	0.002587	0.013954	0.000042	-1.026123	0.816650	-0.339111	0.571829	-0.431287	-0.402886	-0.569813
07879		9.778937	-0.322891	3.085483	-0.009941	0.015219	-0.000317	-1.030273	0.816650	-0.334961	0.571732	-0.431338	-0.402686	-0.570012
07880		9.786025	-0.353443	3.086647	-0.012893	0.013262	0.000130	-1.026123	0.816650	-0.328369	0.571554	-0.431464	-0.402440	-0.570268
07881		9.777221	-0.337687	3.102198	-0.001048	0.012941	-0.000977	-1.021729	0.816895	-0.336914	0.571426	-0.431512	-0.402270	-0.570482
07882		9.762496	-0.329587	3.078926	-0.003681	0.013991	-0.002581	-1.023682	0.812500	-0.332520	0.571353	-0.431513	-0.402132	-0.570651
07883		9.774714	-0.316065	3.072718	-0.014604	0.017150	0.001393	-1.021484	0.810303	-0.332275	0.571403	-0.431487	-0.401998	-0.570715
07884		9.774307	-0.335647	3.070754	-0.004360	0.016137	0.000843	-1.030518	0.818848	-0.339355	0.571608	-0.431317	-0.402033	-0.570614
07885		9.765258	-0.315581	3.074108	-0.003677	0.017693	-0.000622	-1.019531	0.812500	-0.339111	0.571439	-0.431382	-0.401777	-0.570913
07886		9.764127	-0.333748	3.101918	-0.015175	0.019719	-0.001777	-1.025879	0.812500	-0.339111	0.571550	-0.431277	-0.401687	-0.570945
07887		9.782731	-0.331308	3.129676	-0.024170	0.019733	0.000469	-1.023682	0.812500	-0.330322	0.571570	-0.431282	-0.401492	-0.571059
07888		9.767531	-0.338179	3.146447	-0.016296	0.013541	0.003430	-1.030029	0.810303	-0.338867	0.571591	-0.431315	-0.401348	-0.571114
07889		9.767051	-0.348034	3.146271	0.010716	0.009698	-0.000565	-1.028320	0.816650	-0.336914	0.571790	-0.431094	-0.401535	-0.570950
07890		9.785425	-0.303324	3.141044	-0.000740	0.007261	0.000899	-1.023926	0.814697	-0.336914	0.571689	-0.431155	-0.401440	-0.571071
07891		9.772287	-0.332516	3.133849	-0.005657	0.009761	0.003264	-1.023682	0.810303	-0.338867	0.571700	-0.431172	-0.401360	-0.571105
07892		9.772317	-0.333990	3.106411	0.007758	0.005237	0.002810	-1.023682	0.810303	-0.341064	0.571928	-0.430998	-0.401555	-0.570870
07893		9.792667	-0.326381	3.088719	0.018181	0.006918	0.002129	-1.028076	0.812500	-0.339111	0.572213	-0.430735	-0.401816	-0.570600
07894		9.770712	-0.305766	3.089081	0.018921	0.003358	0.003191	-1.028076	0.812500	-0.332520	0.572352	-0.430593	-0.401995	-0.570441
07895		9.778933	-0.363666	3.149576	0.060302	-0.006627	0.004267	-1.023682	0.812500	-0.334717	0.572627	-0.430265	-0.402496	-0.570059
07896		9.773641	-0.368280	3.150115	0.137129	-0.024800	0.001542	-1.026123	0.816650	-0.332764	0.573239	-0.429482	-0.403706	-0.569178
07897		9.753857	-0.319257	3.120588	0.147792	-0.026094	-0.004885	-1.023682	0.812500	-0.341309	0.573654	-0.428744	-0.404868	-0.568491
07898		9.769561	-0.299132	3.090147	0.110901	-0.017663	-0.005669	-1.028076	0.812500	-0.341309	0.574052	-0.428102	-0.405826	-0.567890
07899		9.780341	-0.354681	3.102625	0.105332	-0.017355	-0.009971	-1.028076	0.812500	-0.341309	0.574308	-0.427530	-0.406707	-0.567431
07900		9.774169	-0.322403	3.097914	0.125057	-0.020732	-0.014249	-1.023682	0.810303	-0.341064	0.574580	-0.426850	-0.407738	-0.566927
07901		9.796714	-0.298341	3.020446	0.069394	-0.004301	-0.010977	-1.025635	0.808105	-0.345459	0.574721	-0.426433	-0.408274	-0.566712
07902		9.783477	-0.326914	3.068473	0.036093	0.008920	-0.010195	-1.025879	0.810303	-0.347656	0.574801	-0.426130	-0.408518	-0.566684
07903		9.761150	-0.315302	3.108996	0.012988	0.007609	-0.004726	-1.028076	0.816650	-0.343506	0.574703	-0.426095	-0.408504	-0.566819
07904		9.782323	-0.339115	3.138101	0.051555	0.000387	-0.006355	-1.025879	0.810303	-0.336670	0.574495	-0.426023	-0.408602	-0.567014
07905		9.787952	-0.307293	3.153360	0.049190	-0.002282	-0.005756	-1.025879	0.814697	-0.343506	0.574437	-0.425865	-0.408840	-0.567020
07906		9.763079	-0.340129	3.098832	0.013281	-0.003583	-0.001659	-1.025635	0.806152	-0.343018	0.574039	-0.426121	-0.408664	-0.567357
07907		9.789006	-0.305230	3.122970	-0.008122	-0.001959	0.001634	-1.026123	0.816895	-0.345703	0.573892	-0.426289	-0.408590	-0.567433
07908		9.763495	-0.346280	3.110328	-0.034341	-0.005485	0.004781	-1.025879	0.810303	-0.343262	0.573161	-0.427014	-0.407961	-0.568079
07909		9.777829	-0.351048	3.121777	0.009400	-0.010238	-0.000981	-1.021484	0.810547	-0.349854	0.572882	-0.427222	-0.407946	-0.568214
07910		9.782065	-0.262926	3.095294	-0.023562	-0.009570	0.002662	-1.023926	0.816895	-0.339111	0.572502	-0.427649	-0.407697	-0.568455
07911		9.779414	-0.335596	3.050957	-0.045444	-0.005621	0.004116	-1.026123	0.816895	-0.350098	0.571662	-0.428482	-0.406949	-0.569208
07912		9.778126	-0.308157	3.045583	-0.047152	0.004466	0.004302	-1.028076	0.816650	-0.345703	0.570885	-0.429234	-0.406142	-0.569997
07913		9.777649	-0.314018	3.046517	-0.069723	0.006893	0.007243	-1.019531	0.812500	-0.339111	0.569995	-0.430158	-0.405129	-0.570912
07914		9.798382	-0.348735	3.075829	-0.068527	0.010370	0.006287	-1.021484	0.812500	-0.341309	0.569442	-0.430820	-0.404341	-0.571523
07915		9.759932	-0.286244	3.077405	-0.082112	0.012176	0.006886	-1.025879	0.812500	-0.341309	0.568874	-0.431534	-0.403485	-0.572155
07916		9.774707	-0.340231	3.066567	-0.084656	0.019217	0.005600	-1.023682	0.812500	-0.339111	0.568346	-0.432183	-0.402609	-0.572805
07917		9.771863	-0.311942	3.053220	-0.085651	0.022731	0.005078	-1.028076	0.812500	-0.336914	0.567895	-0.432764	-0.401753	-0.573415
07918		9.790053	-0.314597	3.081780	-0.064375	0.026982	0.002677	-1.025879	0.814697	-0.336914	0.567580	-0.433135	-0.401064	-0.573929
07919		9.772094	-0.266950	3.075731	-0.084487	0.026913	0.004234	-1.030273	0.814453	-0.339111	0.567077	-0.433720	-0.400141	-0.574628
07920		9.766611	-0.355525	3.077625	-0.087787	0.025136	0.003895	-1.023682	0.810303	-0.334473	0.566596	-0.434298	-0.399270	-0.575271
07921		9.790360	-0.306679	3.071575	-0.079764	0.021138	0.001939	-1.023926	0.814697	-0.339111	0.566501	-0.434582	-0.398783	-0.575489
07922		9.781950	-0.310979	3.069233	-0.057643	0.019068	0.004925	-1.030273	0.812500	-0.334717	0.566306	-0.434898	-0.398264	-0.575802
07923		9.787296	-0.321664	3.092990	-0.035175	0.015629	0.003805	-1.030273	0.814697	-0.341309	0.566314	-0.434995	-0.398051	-0.575868
07924		9.770668	-0.284431	3.094757	-0.030898	0.013314	0.004561	-1.030273	0.812500	-0.330322	0.566249	-0.435143	-0.397806	-0.575988
07925		9.770768	-0.328425	3.127583	-0.030776	0.008082	0.003739	-1.027832	0.808105	-0.334473	0.566253	-0.435256	-0.397686	-0.575982
07926		9.770058	-0.308922	3.092980	-0.014800	0.008277	0.002493	-1.027832	0.808105	-0.334473	0.566653	-0.435029	-0.397942	-0.575583
07927		9.768882	-0.301952	3.098042	-0.024734	0.009814	0.003907	-1.028076	0.814697	-0.339111	0.566982	-0.434891	-0.398079	-0.575268
07928		9.762137	-0.321126	3.087634	-0.012821	0.010563	0.004390	-1.030273	0.814453	-0.334717	0.567038	-0.434905	-0.398008	-0.575253
07929		9.781426	-0.314765	3.100329	-0.010258	0.011590	0.001622	-1.025879	0.808105	-0.330078	0.567068	-0.434894	-0.397949	-0.575272
07930		9.773004	-0.313653	3.125390	-0.017686	0.009913	0.001542	-1.028076	0.812500	-0.332520	0.567384	-0.434718	-0.398114	-0.574979
07931		9.779484	-0.330680	3.144076	-0.010284	0.006040	0.002692	-1.025635	0.805908	-0.330078	0.567489	-0.434688	-0.398160	-0.574866
07932		9.772538	-0.325523	3.124977	0.006334	0.000375	0.004099	-1.030029	0.805908	-0.330078	0.567964	-0.434380	-0.398600	-0.574325
07933		9.765624	-0.301593	3.082203	0.012545	0.001756	0.002271	-1.025635	0.808105	-0.336670	0.568367	-0.434071	-0.399018	-0.573869
07934		9.798920	-0.280419	3.083620	-0.013225	0.007128	0.004981	-1.025879	0.808105	-0.334473	0.568627	-0.433957	-0.399142	-0.573611
07935		9.778583	-0.296207	3.059596	-0.026091	0.012266	0.005750	-1.023682	0.810303	-0.330322	0.568816	-0.433924	-0.399107	-0.573473
07936		9.770226	-0.310347	3.095264	-0.018095	0.013880	0.006066	-1.026123	0.814697	-0.330322	0.568988	-0.433878	-0.399050	-0.573377
07937		9.782878	-0.313002	3.098909	-0.019072	0.014205	0.008393	-1.023682	0.808105	-0.332275	0.569012	-0.433961	-0.398842	-0.573436
07938		9.780771	-0.297758	3.108462	-0.013580	0.015335	0.008236	-1.021729	0.814697	-0.336914	0.569293	-0.433836	-0.398851	-0.573245
07939		9.760196	-0.327580	3.096047	-0.019707	0.016897	0.008578	-1.028076	0.812500	-0.339111	0.569404	-0.433853	-0.398672	-0.573246
07940		9.786028	-0.338747	3.126998	-0.019708	0.016901	0.008579	-1.025879	0.810303	-0.328125	0.569499	-0.433871	-0.398500	-0.573258
07941		9.770068	-0.302268	3.100426	-0.018255	0.017281	0.009936	-1.023682	0.810303	-0.330322	0.569651	-0.433858	-0.398355	-0.573217
07942		9.775291	-0.329988	3.147556	-0.013302	0.017163	0.009342	-1.023682	0.810303	-0.332520	0.569853	-0.433791	-0.398268	-0.573128
07943		9.773480	-0.323544	3.154555	-0.005884	0.015787	0.007571	-1.021484	0.810303	-0.334473	0.570070	-0.433673	-0.398251	-0.573013
07944		9.780445	-0.337874	3.132248	-0.005048	0.011326	0.009859	-1.023926	0.816650	-0.332764	0.570307	-0.433579	-0.398272	-0.572834
07945		9.778324	-0.326605	3.154326	-0.003610	0.012358	0.011322	-1.025879	0.812500	-0.330322	0.570408	-0.433590	-0.398156	-0.572805
07946		9.778017	-0.334098	3.140906	0.006674	0.009995	0.010613	-1.026123	0.816650	-0.330566	0.570583	-0.433509	-0.398174	-0.572680
07947		9.770164	-0.338751	3.149636	0.007915	0.008977	0.012316	-1.023926	0.814697	-0.336914	0.570698	-0.433491	-0.398133	-0.572608
07948		9.789723	-0.328782	3.149033	0.008398	0.009145	0.011206	-1.023926	0.816650	-0.336914	0.570888	-0.433405	-0.398166	-0.572461
07949		9.776578	-0.359106	3.141289	0.009627	0.005082	0.011042	-1.023682	0.812500	-0.334717	0.571028	-0.433364	-0.398206	-0.572323
07950		9.777007	-0.379234	3.136370	0.016562	0.003532	0.010388	-1.025879	0.810303	-0.328125	0.571248	-0.433239	-0.398360	-0.572091
07951		9.775438	-0.334850	3.123176	0.012120	0.002516	0.009657	-1.019775	0.816895	-0.328369	0.571403	-0.433167	-0.398476	-0.571911
07952		9.795887	-0.315902	3.095185	0.002049	0.006282	0.010014	-1.030029	0.808105	-0.332275	0.571511	-0.433168	-0.398457	-0.571815
07953		9.767440	-0.355137	3.142753	0.002289	0.010069	0.011430	-1.023682	0.808105	-0.336670	0.571638	-0.433127	-0.398432	-0.571736
07954		9.780415	-0.356864	3.145478	0.012883	0.008203	0.011623	-1.023682	0.812500	-0.332520	0.571907	-0.432967	-0.398559	-0.571501
07955		9.772571	-0.347576	3.143549	0.009039	0.005811	0.010915	-1.028076	0.814453	-0.330322	0.572055	-0.432912	-0.398605	-0.571361
07956		9.779414	-0.374834	3.158673	0.002575	0.004367	0.013279	-1.028320	0.818848	-0.330566	0.572085	-0.432988	-0.398533	-0.571325
07957		9.778642	-0.381652	3.173077	0.010747	0.005615	0.011616	-1.026123	0.814697	-0.332520	0.572105	-0.433027	-0.398475	-0.571316
07958		9.786374	-0.377059	3.125720	0.024898	0.004320	0.011420	-1.032227	0.810303	-0.341064	0.572280	-0.432909	-0.398600	-0.571142
07959		9.769418	-0.327835	3.157666	0.008111	0.003522	0.012822	-1.026123	0.816650	-0.330566	0.572369	-0.432908	-0.398625	-0.571037
07960		9.764572	-0.402171	3.156965	0.006801	0.003999	0.014358	-1.028320	0.816650	-0.341309	0.572429	-0.432964	-0.398576	-0.570968
07961		9.776695	-0.344372	3.134280	0.025464	0.004256	0.011656	-1.028076	0.812500	-0.334717	0.572587	-0.432855	-0.398694	-0.570810
07962		9.776834	-0.368578	3.142462	0.016721	0.003083	0.013085	-1.023926	0.818848	-0.339355	0.572725	-0.432804	-0.398772	-0.570655
07963		9.769226	-0.377159	3.162629	0.011724	0.001480	0.012014	-1.028320	0.818848	-0.332764	0.572817	-0.432810	-0.398813	-0.570530
07964		9.775837	-0.380898	3.169653	0.013957	-0.000521	0.011295	-1.023926	0.816650	-0.332764	0.572820	-0.432866	-0.398826	-0.570476
07965		9.783010	-0.393021	3.173267	0.031447	-0.002645	0.011060	-1.028320	0.816650	-0.336914	0.572993	-0.432753	-0.399045	-0.570234
07966		9.777313	-0.392562	3.136787	0.021794	-0.002945	0.011570	-1.026123	0.818848	-0.334961	0.573072	-0.432737	-0.399170	-0.570080
07967		9.771078	-0.401011	3.126460	0.017823	-0.003140	0.009831	-1.019531	0.812500	-0.336914	0.573109	-0.432754	-0.399263	-0.569965
