// Start Time: Unknown
// Update Rate: 40.0Hz
// Filter Profile: human (46.1)
// Firmware Version: 4.6.0
PacketCounter	SampleTimeFine	Acc_X	Acc_Y	Acc_Z	Gyr_X	Gyr_Y	Gyr_Z	Mag_X	Mag_Y	Mag_Z	Quat_q0	Quat_q1	Quat_q2	Quat_q3
07338		9.755358	0.198006	-0.878447	-0.016418	-0.002563	0.001073	-0.830566	-0.132080	0.528564	-0.097380	-0.732401	0.091698	-0.667606
07339		9.763243	0.207569	-0.885447	-0.003902	-0.003368	-0.000957	-0.830322	-0.133057	0.533691	-0.097420	-0.732425	0.091726	-0.667570
07340		9.771954	0.221134	-0.902072	0.004408	-0.005854	-0.007047	-0.831299	-0.133057	0.531494	-0.097426	-0.732492	0.091632	-0.667508
07341		9.758770	0.249895	-0.895386	0.003610	-0.006397	-0.009882	-0.825439	-0.135010	0.524414	-0.097471	-0.732562	0.091518	-0.667441
07342		9.778553	0.253973	-0.883361	-0.004462	-0.002128	-0.006152	-0.826416	-0.138672	0.528809	-0.097611	-0.732577	0.091487	-0.667408
07343		9.762727	0.213700	-0.889670	-0.014666	-0.002733	-0.002078	-0.827637	-0.129395	0.529541	-0.097841	-0.732577	0.091568	-0.667363
07344		9.753986	0.179634	-0.892946	-0.012392	-0.000559	-0.006146	-0.825684	-0.133057	0.518066	-0.097965	-0.732581	0.091621	-0.667333
07345		9.739816	0.169726	-0.898739	0.004229	-0.000469	-0.012234	-0.825439	-0.127686	0.534180	-0.098060	-0.732602	0.091464	-0.667318
07346		9.778474	0.216741	-0.922028	0.018946	-0.005817	-0.018043	-0.829102	-0.130127	0.540771	-0.097947	-0.732719	0.091168	-0.667246
07347		9.756799	0.247098	-0.895004	0.010231	-0.004333	-0.010819	-0.828369	-0.123047	0.523193	-0.097867	-0.732814	0.091004	-0.667176
07348		9.778000	0.244351	-0.905779	-0.002634	-0.002512	-0.003343	-0.830566	-0.120605	0.536621	-0.097824	-0.732795	0.091027	-0.667200
07349		9.770506	0.225641	-0.914024	0.000193	-0.003930	0.000086	-0.822754	-0.131348	0.526611	-0.097668	-0.732875	0.091050	-0.667132
07350		9.747505	0.200623	-0.905235	0.005690	-0.004528	0.000614	-0.833496	-0.133301	0.530762	-0.097624	-0.732914	0.091002	-0.667102
07351		9.756029	0.236201	-0.903530	0.013026	-0.004959	-0.003948	-0.822266	-0.142334	0.529053	-0.097539	-0.732992	0.090856	-0.667048
07352		9.764167	0.259656	-0.906497	0.012600	-0.004616	-0.007272	-0.825195	-0.136963	0.532715	-0.097601	-0.733071	0.090652	-0.666981
07353		9.748528	0.254991	-0.890530	0.014627	-0.005674	-0.003880	-0.830566	-0.124023	0.539551	-0.097546	-0.733174	0.090475	-0.666900
07354		9.783445	0.250476	-0.900896	0.014627	-0.005673	-0.003881	-0.823975	-0.133789	0.523682	-0.097350	-0.733306	0.090323	-0.666803
07355		9.769903	0.264771	-0.898739	0.011018	-0.005237	-0.002890	-0.830322	-0.121094	0.534912	-0.097319	-0.733328	0.090180	-0.666803
07356		9.750326	0.253557	-0.926895	0.011937	-0.005156	-0.005436	-0.823242	-0.130371	0.529297	-0.097146	-0.733421	0.090026	-0.666747
07357		9.755842	0.267476	-0.902536	0.009674	-0.005882	-0.006467	-0.819092	-0.135986	0.534424	-0.097123	-0.733494	0.089858	-0.666692
07358		9.760820	0.232887	-0.905628	0.001201	-0.004424	-0.007192	-0.830322	-0.133789	0.534424	-0.097237	-0.733589	0.089734	-0.666588
07359		9.753293	0.215632	-0.913936	-0.000571	-0.002923	-0.008493	-0.828125	-0.124512	0.530518	-0.097351	-0.733649	0.089620	-0.666521
07360		9.773097	0.220166	-0.901871	0.003780	-0.004838	-0.010961	-0.828125	-0.127930	0.527100	-0.097341	-0.733701	0.089474	-0.666485
07361		9.765004	0.213002	-0.897026	0.005121	-0.007444	-0.007882	-0.822754	-0.128906	0.530518	-0.097334	-0.733749	0.089344	-0.666451
07362		9.765311	0.204978	-0.912585	-0.000434	-0.007072	-0.007114	-0.822266	-0.122803	0.536133	-0.097372	-0.733820	0.089267	-0.666377
07363		9.764615	0.157120	-0.941865	-0.003128	-0.007096	-0.000763	-0.823486	-0.127930	0.536865	-0.097284	-0.733918	0.089280	-0.666281
07364		9.756036	0.157917	-0.923481	0.005805	-0.007334	-0.002468	-0.830078	-0.121826	0.539551	-0.097183	-0.734035	0.089204	-0.666176
07365		9.756529	0.184518	-0.916204	0.015539	-0.007930	-0.004139	-0.824951	-0.133545	0.529541	-0.096912	-0.734167	0.089053	-0.666091
07366		9.773301	0.220153	-0.935524	0.011388	-0.007596	-0.003885	-0.828125	-0.134277	0.532471	-0.096875	-0.734228	0.088934	-0.666045
07367		9.752303	0.215575	-0.941166	0.003944	-0.007068	-0.004630	-0.829102	-0.129639	0.537598	-0.096910	-0.734290	0.088868	-0.665980
07368		9.757131	0.204008	-0.926265	0.011702	-0.006392	-0.010989	-0.820801	-0.123779	0.529785	-0.096841	-0.734397	0.088678	-0.665897
07369		9.756555	0.193723	-0.932767	0.019658	-0.008738	-0.014461	-0.830078	-0.129639	0.533447	-0.096676	-0.734494	0.088413	-0.665850
07370		9.759112	0.219738	-0.957937	0.019770	-0.008301	-0.017048	-0.822998	-0.124023	0.538086	-0.096598	-0.734588	0.088118	-0.665796
07371		9.759362	0.212607	-0.973638	0.009612	-0.007000	-0.007989	-0.829590	-0.133301	0.534424	-0.096434	-0.734715	0.087976	-0.665699
07372		9.757011	0.217253	-0.943151	0.006780	-0.006126	-0.003510	-0.826660	-0.127686	0.531250	-0.096420	-0.734768	0.087907	-0.665651
07373		9.756501	0.204955	-0.949440	0.012790	-0.007626	-0.004409	-0.823486	-0.129639	0.529785	-0.096287	-0.734821	0.087796	-0.665627
07374		9.758570	0.238562	-0.960844	0.021116	-0.009084	-0.008378	-0.824707	-0.130371	0.539551	-0.096157	-0.734898	0.087583	-0.665588
07375		9.771241	0.236724	-0.952829	0.019680	-0.007719	-0.012324	-0.819336	-0.121582	0.533447	-0.096035	-0.735055	0.087311	-0.665468
07376		9.750225	0.233464	-0.958269	0.017049	-0.005174	-0.009568	-0.823242	-0.127930	0.529053	-0.095800	-0.735145	0.087103	-0.665430
07377		9.770018	0.237367	-0.946832	0.021888	-0.006291	-0.007215	-0.824219	-0.128906	0.539551	-0.095645	-0.735180	0.086897	-0.665440
07378		9.758018	0.258604	-0.963340	0.027754	-0.005985	-0.007199	-0.825684	-0.129883	0.531494	-0.095393	-0.735325	0.086599	-0.665356
07379		9.759765	0.279357	-0.978830	0.025889	-0.005726	-0.009363	-0.826660	-0.132080	0.538818	-0.095253	-0.735368	0.086330	-0.665363
07380		9.761003	0.310518	-0.980431	0.021593	-0.004509	-0.010981	-0.822510	-0.128662	0.536865	-0.095170	-0.735472	0.086048	-0.665297
07381		9.744128	0.313886	-0.941185	0.012519	-0.003394	-0.011132	-0.818115	-0.129150	0.539551	-0.095126	-0.735557	0.085839	-0.665236
07382		9.764365	0.272585	-0.965415	0.006455	-0.002114	-0.008935	-0.825928	-0.131836	0.535645	-0.095123	-0.735676	0.085679	-0.665125
07383		9.757136	0.232048	-0.991351	0.007260	-0.001555	-0.006103	-0.828125	-0.130127	0.535156	-0.095159	-0.735693	0.085558	-0.665117
07384		9.763773	0.226620	-0.993682	0.019190	-0.002524	-0.008289	-0.827393	-0.130371	0.534668	-0.095064	-0.735715	0.085326	-0.665136
07385		9.749396	0.238375	-0.981777	0.027147	-0.003034	-0.006180	-0.821777	-0.129395	0.531738	-0.094888	-0.735746	0.085051	-0.665162
07386		9.772058	0.300323	-0.970307	0.024083	-0.003416	-0.007235	-0.829590	-0.128906	0.538330	-0.094758	-0.735779	0.084799	-0.665176
07387		9.759299	0.318298	-0.976649	0.008146	-0.000675	-0.005215	-0.827881	-0.122803	0.539551	-0.094704	-0.735794	0.084677	-0.665183
07388		9.743288	0.287459	-0.968417	-0.001148	-0.001340	-0.002984	-0.822266	-0.131348	0.542969	-0.094574	-0.735827	0.084648	-0.665169
07389		9.756700	0.274640	-0.972209	-0.006414	-0.001334	-0.003549	-0.824463	-0.126465	0.534912	-0.094683	-0.735934	0.084635	-0.665037
07390		9.749074	0.243937	-0.983605	-0.005027	0.003306	-0.008700	-0.827637	-0.128662	0.537598	-0.094757	-0.735892	0.084591	-0.665078
07391		9.754447	0.210867	-0.984231	0.001597	0.003663	-0.015922	-0.822021	-0.126221	0.540771	-0.094855	-0.735875	0.084417	-0.665104
07392		9.760059	0.228081	-0.958578	0.008038	-0.003235	-0.019586	-0.824951	-0.124268	0.538330	-0.094839	-0.736008	0.084155	-0.664993
07393		9.760208	0.281014	-0.932144	0.005473	-0.001897	-0.013008	-0.819092	-0.130859	0.542969	-0.094756	-0.736063	0.083991	-0.664965
07394		9.770315	0.266444	-0.988928	-0.012980	0.001464	-0.008497	-0.824707	-0.130615	0.540039	-0.094937	-0.736163	0.083982	-0.664830
07395		9.755224	0.239937	-0.988999	-0.019874	0.002984	-0.005684	-0.827881	-0.124023	0.541260	-0.095158	-0.736158	0.084074	-0.664791
07396		9.752291	0.206140	-0.969961	-0.015774	-0.000803	-0.005144	-0.823242	-0.121582	0.546875	-0.095161	-0.736181	0.084160	-0.664754
07397		9.756577	0.191532	-0.944471	-0.006187	-0.002818	-0.006412	-0.825195	-0.126953	0.538574	-0.094993	-0.736338	0.084138	-0.664608
07398		9.757560	0.209302	-0.949658	0.001736	-0.001086	-0.005968	-0.821045	-0.131836	0.536377	-0.094930	-0.736362	0.084080	-0.664597
07399		9.743470	0.234267	-0.932746	0.003110	-0.001227	-0.005842	-0.825928	-0.130615	0.544189	-0.094983	-0.736392	0.084001	-0.664567
07400		9.747869	0.277818	-0.970330	0.006684	-0.002671	-0.009003	-0.829346	-0.129639	0.536865	-0.094931	-0.736504	0.083839	-0.664470
07401		9.747192	0.254186	-0.980217	0.009141	-0.004433	-0.012998	-0.820068	-0.133301	0.531982	-0.094920	-0.736513	0.083669	-0.664484
07402		9.745436	0.250888	-0.962761	0.012625	-0.002944	-0.013736	-0.828613	-0.124023	0.537598	-0.095014	-0.736520	0.083461	-0.664488
07403		9.767097	0.275700	-0.964500	0.014912	-0.002093	-0.013366	-0.814941	-0.128662	0.541992	-0.094818	-0.736528	0.083251	-0.664534
07404		9.752403	0.275947	-0.956909	0.016259	-0.002340	-0.012595	-0.815918	-0.127686	0.536621	-0.094693	-0.736700	0.082981	-0.664395
07405		9.761614	0.294040	-0.982629	0.016408	-0.003226	-0.010715	-0.829102	-0.141357	0.539062	-0.094572	-0.736793	0.082762	-0.664336
07406		9.747954	0.309681	-0.979888	0.008371	-0.002141	-0.008083	-0.829834	-0.136963	0.540771	-0.094776	-0.736798	0.082590	-0.664323
07407		9.741398	0.295304	-0.996726	0.005963	-0.001082	-0.008183	-0.822266	-0.130859	0.534180	-0.094885	-0.736807	0.082445	-0.664316
07408		9.744961	0.278125	-0.961675	0.008153	0.000869	-0.010990	-0.827881	-0.124756	0.534424	-0.094915	-0.736775	0.082294	-0.664365
07409		9.752991	0.267185	-0.986239	0.015958	0.000353	-0.013567	-0.829834	-0.129395	0.542480	-0.094742	-0.736721	0.082074	-0.664477
07410		9.754342	0.312266	-0.982398	0.017970	-0.001696	-0.012327	-0.829102	-0.124512	0.540527	-0.094590	-0.736775	0.081810	-0.664472
07411		9.743567	0.327995	-1.020651	0.012243	-0.000574	-0.012772	-0.818359	-0.132568	0.537354	-0.094405	-0.736792	0.081608	-0.664504
07412		9.762492	0.316613	-1.002792	0.003748	0.002557	-0.007217	-0.811523	-0.128174	0.542236	-0.094477	-0.736809	0.081506	-0.664488
07413		9.753985	0.305182	-0.986323	-0.001878	0.003499	-0.001681	-0.822754	-0.130127	0.538818	-0.094431	-0.736917	0.081485	-0.664376
07414		9.759624	0.269745	-0.986790	-0.006545	0.003808	-0.002797	-0.821533	-0.126465	0.540771	-0.094488	-0.736890	0.081511	-0.664396
07415		9.754677	0.297010	-0.998194	-0.004603	0.002963	-0.005381	-0.822998	-0.128662	0.546631	-0.094453	-0.736908	0.081500	-0.664382
07416		9.759347	0.295569	-0.967110	0.002400	0.002803	-0.007990	-0.822754	-0.126953	0.537109	-0.094379	-0.737000	0.081376	-0.664305
07417		9.765741	0.264297	-0.976890	-0.000319	0.004105	-0.006089	-0.816162	-0.135010	0.537842	-0.094349	-0.736957	0.081341	-0.664361
07418		9.753793	0.285378	-0.991041	0.002009	0.002731	-0.004046	-0.828369	-0.131348	0.537842	-0.094456	-0.736987	0.081271	-0.664322
07419		9.754037	0.299669	-0.985850	0.003259	0.003584	-0.006452	-0.820557	-0.127686	0.539551	-0.094470	-0.736923	0.081190	-0.664401
07420		9.758511	0.284845	-0.959155	0.000091	0.002761	-0.004912	-0.828857	-0.127930	0.539795	-0.094421	-0.736940	0.081149	-0.664394
07421		9.765119	0.266167	-0.964709	-0.006370	0.002108	-0.004365	-0.826416	-0.142578	0.532959	-0.094418	-0.736896	0.081171	-0.664440
07422		9.759164	0.277313	-0.971393	-0.004521	0.004200	-0.004525	-0.824951	-0.138672	0.537598	-0.094758	-0.736777	0.081158	-0.664525
07423		9.745649	0.292115	-0.967046	0.000662	0.002976	-0.004820	-0.823730	-0.135742	0.539795	-0.094928	-0.736744	0.081094	-0.664546
07424		9.766208	0.285616	-0.967445	0.002284	-0.000063	-0.002431	-0.823975	-0.134033	0.542725	-0.094982	-0.736770	0.081045	-0.664514
07425		9.766388	0.299826	-0.962799	-0.003284	0.001692	-0.006764	-0.821289	-0.119385	0.537354	-0.095071	-0.736811	0.080998	-0.664462
07426		9.767182	0.304920	-0.971280	-0.008048	0.004014	-0.008262	-0.820068	-0.127930	0.540527	-0.094947	-0.736782	0.081027	-0.664509
07427		9.743928	0.278847	-0.950902	-0.009584	0.002594	-0.007304	-0.824463	-0.135254	0.539795	-0.094989	-0.736809	0.081045	-0.664471
07428		9.778856	0.262936	-0.963662	-0.008237	0.002350	-0.006530	-0.828613	-0.128418	0.540771	-0.095154	-0.736800	0.081042	-0.664457
07429		9.744194	0.246344	-0.972105	-0.007924	0.003023	-0.005731	-0.821777	-0.128418	0.534668	-0.095154	-0.736767	0.081064	-0.664491
07430		9.750993	0.240680	-0.973483	-0.003579	-0.000398	-0.002442	-0.814453	-0.129639	0.537598	-0.095130	-0.736743	0.081103	-0.664517
07431		9.743580	0.258196	-0.958063	0.004881	0.000550	-0.004062	-0.826172	-0.130859	0.533203	-0.095061	-0.736806	0.081040	-0.664464
07432		9.759235	0.291381	-0.966551	0.004104	0.000091	-0.007546	-0.825439	-0.130615	0.540039	-0.095062	-0.736745	0.080969	-0.664541
07433		9.758573	0.302726	-0.953025	0.002257	-0.001085	-0.004586	-0.823730	-0.129883	0.540283	-0.095006	-0.736772	0.080917	-0.664525
07434		9.766281	0.313286	-0.959591	-0.005676	0.000409	-0.004546	-0.822021	-0.129150	0.536865	-0.095012	-0.736790	0.080928	-0.664503
07435		9.759933	0.298502	-0.975392	-0.012307	0.003890	-0.005405	-0.826904	-0.130127	0.543213	-0.095100	-0.736745	0.080997	-0.664532
07436		9.737181	0.249019	-0.972971	-0.008336	0.004366	-0.006910	-0.819580	-0.122314	0.536621	-0.095131	-0.736741	0.080993	-0.664532
07437		9.745893	0.276605	-0.983559	0.000579	0.000826	-0.008482	-0.826660	-0.134033	0.537842	-0.094990	-0.736755	0.080946	-0.664542
07438		9.753932	0.314279	-0.980878	-0.005517	0.001051	-0.008435	-0.822998	-0.132080	0.535400	-0.095115	-0.736728	0.080923	-0.664558
07439		9.763625	0.286770	-0.937763	-0.015244	0.002495	-0.003930	-0.823486	-0.126465	0.535889	-0.095273	-0.736670	0.081034	-0.664585
07440		9.756406	0.255382	-0.948433	-0.011764	0.004911	-0.001864	-0.818115	-0.130371	0.538818	-0.095267	-0.736598	0.081140	-0.664653
07441		9.751818	0.259746	-0.978181	-0.001214	-0.000135	-0.006819	-0.819092	-0.129395	0.537109	-0.095261	-0.736654	0.081093	-0.664598
07442		9.751435	0.297623	-0.955795	0.007604	-0.001654	-0.008766	-0.824463	-0.130859	0.541504	-0.095180	-0.736709	0.080969	-0.664564
07443		9.757521	0.302485	-0.944266	0.000598	-0.001509	-0.006163	-0.823730	-0.130371	0.536377	-0.095134	-0.736762	0.080906	-0.664519
07444		9.745108	0.297132	-0.968404	-0.003632	-0.000615	-0.001148	-0.822998	-0.137451	0.536621	-0.095115	-0.736746	0.080951	-0.664534
07445		9.764877	0.287262	-0.960011	-0.004953	-0.000264	-0.002572	-0.826904	-0.128418	0.532471	-0.095252	-0.736735	0.080980	-0.664523
07446		9.757103	0.278790	-0.953613	-0.003267	-0.000643	-0.004448	-0.825928	-0.131592	0.537842	-0.095239	-0.736664	0.081015	-0.664599
07447		9.757671	0.270173	-0.967532	0.004516	-0.001244	-0.006370	-0.834229	-0.121826	0.527588	-0.095193	-0.736673	0.080935	-0.664606
07448		9.758660	0.300745	-0.968303	0.004927	-0.002588	-0.005193	-0.820312	-0.136230	0.536621	-0.095008	-0.736537	0.080930	-0.664784
07449		9.757162	0.308541	-0.946016	0.006614	-0.002052	-0.004266	-0.817139	-0.126465	0.537109	-0.095035	-0.736577	0.080854	-0.664745
07450		9.752454	0.312383	-0.976966	-0.002104	-0.002554	-0.001940	-0.829834	-0.130371	0.532471	-0.094934	-0.736633	0.080868	-0.664695
07451		9.758440	0.303166	-0.969758	-0.011049	-0.000045	-0.002525	-0.824707	-0.132568	0.532227	-0.095018	-0.736533	0.080982	-0.664781
07452		9.752104	0.287575	-0.986089	-0.013334	0.000011	-0.000094	-0.824463	-0.132080	0.529297	-0.095149	-0.736458	0.081134	-0.664826
07453		9.744228	0.265045	-0.984091	-0.007344	-0.000639	0.002452	-0.827393	-0.135742	0.535156	-0.095211	-0.736368	0.081274	-0.664900
07454		9.751314	0.283912	-0.977177	0.002564	-0.001939	0.001986	-0.831299	-0.129150	0.541260	-0.095210	-0.736343	0.081303	-0.664924
07455		9.766105	0.312244	-0.977023	0.005599	-0.002560	0.000884	-0.822021	-0.135254	0.536133	-0.095015	-0.736368	0.081260	-0.664930
07456		9.752460	0.325330	-0.973945	-0.000677	-0.000645	0.002499	-0.818359	-0.129639	0.543457	-0.095038	-0.736369	0.081311	-0.664918
07457		9.758509	0.314870	-0.966515	-0.003659	0.000192	0.002304	-0.818848	-0.132080	0.538574	-0.094942	-0.736453	0.081341	-0.664835
07458		9.759327	0.317971	-0.975309	-0.006402	0.002911	-0.000918	-0.824707	-0.122314	0.534180	-0.094980	-0.736462	0.081388	-0.664814
07459		9.753031	0.302507	-0.991149	-0.009517	0.001381	-0.003482	-0.822998	-0.128906	0.533447	-0.094904	-0.736410	0.081454	-0.664875
07460		9.751963	0.274097	-0.990637	-0.006588	0.000329	-0.001992	-0.821045	-0.137207	0.539551	-0.094919	-0.736371	0.081520	-0.664908
07461		9.758947	0.281155	-0.987410	-0.001004	0.003471	-0.003590	-0.823975	-0.144287	0.540527	-0.095015	-0.736382	0.081495	-0.664885
07462		9.759130	0.295265	-0.982236	0.003665	0.002257	-0.005271	-0.826904	-0.130859	0.545410	-0.095197	-0.736402	0.081420	-0.664847
07463		9.765960	0.289611	-0.983466	0.000291	0.002098	-0.004324	-0.824951	-0.125488	0.542480	-0.095120	-0.736448	0.081354	-0.664814
07464		9.756706	0.274798	-0.958028	0.001407	0.002420	-0.003489	-0.825195	-0.133301	0.541016	-0.094955	-0.736475	0.081297	-0.664814
07465		9.750840	0.298544	-0.960467	0.000809	0.002098	-0.002934	-0.817383	-0.135010	0.535645	-0.094936	-0.736488	0.081257	-0.664808
07466		9.766211	0.304642	-0.977282	-0.002565	0.002852	0.000819	-0.820557	-0.131592	0.536133	-0.094991	-0.736481	0.081303	-0.664803
07467		9.752515	0.305252	-0.977540	-0.006403	0.002909	-0.000920	-0.825439	-0.131592	0.542236	-0.095030	-0.736457	0.081363	-0.664816
07468		9.743950	0.279836	-0.965464	-0.004950	0.004011	0.000068	-0.824219	-0.133545	0.538818	-0.095004	-0.736454	0.081392	-0.664819
07469		9.765387	0.275879	-0.974597	-0.005626	0.002451	-0.000238	-0.814941	-0.132080	0.544434	-0.095040	-0.736440	0.081440	-0.664824
07470		9.757070	0.276632	-0.953779	0.003067	0.002849	-0.001911	-0.818848	-0.137695	0.538818	-0.094966	-0.736533	0.081375	-0.664739
07471		9.751704	0.277037	-0.974565	0.005373	0.000454	-0.002021	-0.819336	-0.138184	0.544434	-0.094988	-0.736577	0.081315	-0.664695
07472		9.767178	0.295760	-0.987425	0.003579	0.000400	0.002447	-0.815430	-0.127686	0.537109	-0.094965	-0.736659	0.081289	-0.664611
07473		9.752728	0.292026	-0.978584	-0.000595	0.004867	0.006001	-0.817139	-0.132812	0.537354	-0.094838	-0.736650	0.081365	-0.664629
07474		9.738451	0.301148	-0.964952	0.000389	0.002822	0.004467	-0.819092	-0.125488	0.538330	-0.094793	-0.736655	0.081415	-0.664624
07475		9.765156	0.283358	-0.957440	-0.000825	0.003604	0.000451	-0.825439	-0.131348	0.535645	-0.094674	-0.736654	0.081441	-0.664639
07476		9.751479	0.283537	-0.957627	0.001871	0.003118	0.002003	-0.821289	-0.126953	0.543945	-0.094615	-0.736604	0.081463	-0.664700
07477		9.752337	0.285913	-0.966319	0.006406	0.001365	0.003564	-0.825439	-0.123535	0.538818	-0.094395	-0.736664	0.081435	-0.664669
07478		9.753223	0.287682	-0.974927	0.009053	0.004025	0.006248	-0.821289	-0.128418	0.528564	-0.094110	-0.736636	0.081433	-0.664740
07479		9.749052	0.315243	-0.995481	0.002592	0.003359	0.006785	-0.824951	-0.131836	0.535645	-0.094022	-0.736543	0.081527	-0.664844
07480		9.740813	0.314239	-0.974342	-0.001140	0.004762	0.005257	-0.823730	-0.130615	0.539795	-0.093992	-0.736478	0.081601	-0.664911
07481		9.766934	0.305682	-0.952588	-0.004952	0.005842	0.005673	-0.827393	-0.133545	0.536377	-0.093955	-0.736442	0.081691	-0.664946
07482		9.746121	0.273011	-0.963529	-0.013556	0.008219	0.002429	-0.820801	-0.125488	0.531738	-0.094085	-0.736333	0.081831	-0.665030
07483		9.737522	0.234317	-0.954462	-0.013575	0.010560	0.000108	-0.820068	-0.132568	0.531250	-0.094148	-0.736206	0.081970	-0.665145
07484		9.758534	0.178212	-0.980054	-0.000425	0.007962	-0.000856	-0.821777	-0.129639	0.536621	-0.094204	-0.736118	0.081992	-0.665231
07485		9.750724	0.218286	-0.944685	0.008423	0.006554	-0.003441	-0.819336	-0.129883	0.534668	-0.094121	-0.736093	0.081898	-0.665282
07486		9.759511	0.244746	-0.954669	0.007097	0.003544	-0.004703	-0.818359	-0.125000	0.532715	-0.094077	-0.736090	0.081814	-0.665303
07487		9.758893	0.255837	-0.940239	-0.000452	0.002665	-0.005655	-0.815674	-0.132080	0.541992	-0.094047	-0.736075	0.081792	-0.665326
07488		9.778969	0.273079	-0.922086	-0.000398	0.002880	-0.006951	-0.823975	-0.128906	0.538330	-0.094090	-0.736146	0.081722	-0.665250
07489		9.765785	0.251955	-0.940370	-0.006758	0.004472	-0.003402	-0.821533	-0.142090	0.536621	-0.094123	-0.736123	0.081751	-0.665268
07490		9.764560	0.196879	-0.947899	-0.012996	0.005068	0.002679	-0.827148	-0.129150	0.537842	-0.094368	-0.736079	0.081893	-0.665264
07491		9.763760	0.179281	-0.942062	-0.003309	0.003817	0.010217	-0.827393	-0.136230	0.532471	-0.094252	-0.736034	0.082023	-0.665314
07492		9.746771	0.222334	-0.968782	0.005964	-0.000364	0.013937	-0.823486	-0.134766	0.537598	-0.094145	-0.735990	0.082131	-0.665365
07493		9.764745	0.251581	-0.914927	0.010745	-0.001147	0.009671	-0.817139	-0.137695	0.526123	-0.093996	-0.736019	0.082149	-0.665351
07494		9.767506	0.284850	-0.933620	0.000686	0.001046	0.008235	-0.823486	-0.127441	0.540283	-0.094061	-0.735962	0.082272	-0.665390
07495		9.759683	0.260214	-0.931404	-0.007439	0.000869	0.009990	-0.818359	-0.129883	0.533691	-0.093969	-0.735973	0.082434	-0.665371
07496		9.758676	0.228793	-0.930700	-0.013402	0.002547	0.009590	-0.826660	-0.128174	0.531250	-0.094009	-0.735937	0.082661	-0.665376
07497		9.752177	0.184509	-0.955445	-0.008082	0.002780	0.008870	-0.820557	-0.126221	0.537109	-0.093977	-0.735853	0.082835	-0.665452
07498		9.758532	0.199303	-0.938754	-0.003253	-0.001153	0.003474	-0.829346	-0.124268	0.538330	-0.093903	-0.735884	0.082914	-0.665419
07499		9.751562	0.192690	-0.941698	-0.004490	-0.000476	0.000105	-0.818359	-0.142334	0.531494	-0.093825	-0.735881	0.082962	-0.665427
07500		9.772946	0.189115	-0.951393	-0.006396	0.002005	-0.003733	-0.825684	-0.128906	0.538330	-0.094106	-0.735856	0.083026	-0.665408
07501		9.765214	0.181479	-0.944232	-0.004406	0.003728	-0.009928	-0.825928	-0.133545	0.539307	-0.094184	-0.735844	0.082983	-0.665414
07502		9.750213	0.142252	-0.948858	-0.002307	0.002004	-0.010624	-0.827393	-0.133789	0.534424	-0.094307	-0.735856	0.082921	-0.665392
07503		9.751328	0.111177	-0.981107	0.011702	-0.004614	-0.004748	-0.816650	-0.128662	0.532959	-0.094258	-0.735892	0.082812	-0.665373
07504		9.765064	0.111128	-0.980286	0.018951	0.003227	-0.002116	-0.827637	-0.134277	0.530029	-0.094083	-0.735903	0.082669	-0.665403
07505		9.758822	0.169778	-0.960841	0.028502	-0.004669	0.000411	-0.825195	-0.126953	0.533691	-0.093861	-0.735922	0.082479	-0.665437
07506		9.779387	0.236593	-0.926477	0.027460	-0.002838	0.003235	-0.824219	-0.129883	0.533691	-0.093523	-0.735957	0.082312	-0.665466
07507		9.775790	0.253964	-0.962289	0.010404	-0.001923	0.009515	-0.824951	-0.129883	0.537598	-0.093342	-0.735961	0.082350	-0.665483
07508		9.756876	0.265150	-0.980261	-0.001083	0.000193	0.009247	-0.820068	-0.124023	0.537842	-0.093264	-0.735957	0.082472	-0.665483
07509		9.749170	0.253591	-0.973769	0.005068	0.000182	0.007913	-0.815674	-0.134277	0.533691	-0.093069	-0.735984	0.082529	-0.665473
07510		9.747742	0.258674	-0.951010	0.011195	-0.000852	0.004425	-0.824707	-0.127197	0.534668	-0.093016	-0.736019	0.082529	-0.665442
07511		9.756368	0.270423	-0.966406	0.005844	0.003594	0.000502	-0.820312	-0.118164	0.530518	-0.092932	-0.735984	0.082510	-0.665495
07512		9.748833	0.273939	-0.954740	0.001615	0.002660	-0.000097	-0.822998	-0.126953	0.539062	-0.092785	-0.735946	0.082516	-0.665556
07513		9.761220	0.280305	-0.929896	0.002116	0.004998	-0.001029	-0.820068	-0.129395	0.536133	-0.092742	-0.735935	0.082508	-0.665576
07514		9.748877	0.261579	-0.956959	-0.005243	0.005790	-0.003713	-0.820312	-0.128174	0.530273	-0.092839	-0.735903	0.082547	-0.665593
07515		9.743667	0.262942	-0.976517	-0.009515	0.007088	-0.005987	-0.820801	-0.123535	0.541504	-0.092992	-0.735819	0.082604	-0.665657
07516		9.754959	0.242022	-0.950532	-0.009145	0.007059	-0.009286	-0.828369	-0.121094	0.528564	-0.093070	-0.735814	0.082604	-0.665652
07517		9.766086	0.208553	-0.929101	-0.000788	0.006668	-0.011100	-0.824463	-0.128174	0.530029	-0.093070	-0.735711	0.082521	-0.665776
07518		9.776252	0.217257	-0.965978	0.001240	0.007069	-0.012821	-0.823486	-0.124512	0.532471	-0.093168	-0.735634	0.082421	-0.665859
07519		9.754159	0.221026	-0.945127	-0.001881	0.007370	-0.009783	-0.829346	-0.128662	0.531250	-0.093209	-0.735570	0.082364	-0.665931
07520		9.746534	0.213530	-0.936786	-0.001943	0.008071	-0.005685	-0.829102	-0.123779	0.534180	-0.093266	-0.735466	0.082348	-0.666040
07521		9.748302	0.221292	-0.953491	0.004308	0.006046	-0.006635	-0.822266	-0.122314	0.525146	-0.093193	-0.735411	0.082258	-0.666123
07522		9.746064	0.226737	-0.920046	0.002913	0.005159	-0.008922	-0.826904	-0.126953	0.529541	-0.093173	-0.735333	0.082180	-0.666221
07523		9.755556	0.244422	-0.943467	0.000784	0.006776	-0.007581	-0.825684	-0.132324	0.537842	-0.093205	-0.735249	0.082129	-0.666315
07524		9.761937	0.262281	-0.925157	-0.006095	0.008369	-0.005431	-0.823975	-0.120117	0.537842	-0.093334	-0.735199	0.082152	-0.666350
07525		9.756814	0.263972	-0.944042	-0.015949	0.009883	-0.006289	-0.820312	-0.126953	0.535889	-0.093392	-0.735137	0.082216	-0.666402
07526		9.749143	0.243736	-0.939312	-0.021829	0.011879	-0.008644	-0.824951	-0.128662	0.533936	-0.093630	-0.735055	0.082328	-0.666446
07527		9.754170	0.194519	-0.933360	-0.017747	0.009430	-0.012565	-0.830322	-0.129395	0.544434	-0.093877	-0.734973	0.082377	-0.666495
07528		9.759578	0.198263	-0.910032	-0.011979	0.007520	-0.015552	-0.826172	-0.136963	0.526855	-0.094053	-0.734964	0.082325	-0.666486
07529		9.776044	0.224510	-0.929814	-0.015064	0.010373	-0.016138	-0.827881	-0.135254	0.532715	-0.094427	-0.734834	0.082348	-0.666574
07530		9.766750	0.212906	-0.902737	-0.015329	0.007468	-0.015269	-0.822021	-0.133301	0.528564	-0.094738	-0.734760	0.082366	-0.666610
07531		9.773555	0.183872	-0.911024	-0.018659	0.011797	-0.012991	-0.823486	-0.135742	0.530762	-0.095055	-0.734641	0.082436	-0.666687
07532		9.772741	0.157745	-0.908268	-0.008420	0.008837	-0.010296	-0.825928	-0.126953	0.536377	-0.095269	-0.734566	0.082448	-0.666738
07533		9.760718	0.153987	-0.930204	0.001202	0.007897	-0.009367	-0.827637	-0.128906	0.534424	-0.095244	-0.734538	0.082358	-0.666783
07534		9.747275	0.195144	-0.916527	0.010889	0.002379	-0.004442	-0.830078	-0.131592	0.531250	-0.095111	-0.734545	0.082244	-0.666808
07535		9.769200	0.270273	-0.898579	0.006268	0.003802	-0.004076	-0.832275	-0.132324	0.531982	-0.095060	-0.734506	0.082181	-0.666866
07536		9.762513	0.291203	-0.891082	-0.003458	0.006758	-0.005384	-0.825928	-0.131836	0.528076	-0.095117	-0.734430	0.082181	-0.666942
07537		9.761487	0.237543	-0.898472	-0.005756	0.004877	-0.007926	-0.819580	-0.125488	0.536621	-0.095230	-0.734370	0.082191	-0.666991
07538		9.754561	0.220346	-0.904648	0.000632	0.004318	-0.009301	-0.819824	-0.135742	0.527588	-0.095197	-0.734398	0.082113	-0.666974
07539		9.762397	0.245314	-0.905622	0.003936	0.003247	-0.011097	-0.823975	-0.133545	0.537842	-0.095305	-0.734385	0.082032	-0.666983
07540		9.754717	0.251649	-0.893896	0.001214	0.003623	-0.012013	-0.821533	-0.135742	0.534180	-0.095379	-0.734412	0.081937	-0.666955
07541		9.753839	0.238264	-0.888294	-0.006316	0.003748	-0.010832	-0.825439	-0.131836	0.528076	-0.095551	-0.734414	0.081929	-0.666928
07542		9.762436	0.253614	-0.902915	-0.009123	0.003797	-0.009803	-0.817383	-0.129639	0.533936	-0.095697	-0.734364	0.081950	-0.666960
07543		9.761528	0.227264	-0.901738	-0.009579	0.004016	-0.012494	-0.826904	-0.130371	0.531006	-0.095839	-0.734377	0.081945	-0.666926
07544		9.746122	0.224442	-0.883402	-0.003744	0.004266	-0.011805	-0.825684	-0.135010	0.532959	-0.095917	-0.734344	0.081893	-0.666957
07545		9.759923	0.239952	-0.876984	-0.002264	0.002115	-0.011295	-0.824951	-0.130371	0.532715	-0.096027	-0.734346	0.081843	-0.666946
07546		9.749473	0.256534	-0.914233	-0.002036	0.002986	-0.016485	-0.831787	-0.135498	0.529297	-0.096122	-0.734348	0.081734	-0.666943
07547		9.776988	0.272856	-0.906669	-0.003647	0.003683	-0.016562	-0.826416	-0.123779	0.532471	-0.096289	-0.734299	0.081646	-0.666983
07548		9.767546	0.247893	-0.885566	-0.006248	0.003056	-0.014944	-0.821289	-0.130859	0.532227	-0.096320	-0.734291	0.081570	-0.666998
07549		9.763130	0.254780	-0.915225	-0.010224	0.002560	-0.013461	-0.825684	-0.140625	0.530273	-0.096468	-0.734294	0.081560	-0.666974
07550		9.756222	0.238710	-0.921765	-0.008807	0.003556	-0.011816	-0.822266	-0.139160	0.532471	-0.096701	-0.734261	0.081572	-0.666975
07551		9.749359	0.261543	-0.914651	-0.004653	0.003272	-0.012063	-0.824707	-0.129883	0.531250	-0.096875	-0.734261	0.081544	-0.666954
07552		9.769997	0.257358	-0.914429	-0.006086	0.003184	-0.010901	-0.822998	-0.133301	0.536133	-0.096938	-0.734245	0.081519	-0.666964
07553		9.755427	0.257559	-0.905257	-0.009486	0.005358	-0.012293	-0.826172	-0.132568	0.533691	-0.097074	-0.734241	0.081505	-0.666951
07554		9.776094	0.240523	-0.909311	-0.006627	0.003078	-0.011648	-0.817871	-0.130859	0.527588	-0.097166	-0.734236	0.081477	-0.666947
07555		9.765881	0.224490	-0.874673	-0.000236	0.002537	-0.013018	-0.825439	-0.127686	0.531494	-0.097218	-0.734238	0.081400	-0.666946
07556		9.774382	0.240209	-0.889837	0.005708	0.000779	-0.011947	-0.823242	-0.129883	0.531494	-0.097144	-0.734258	0.081266	-0.666951
07557		9.767419	0.262779	-0.883420	0.011030	0.001042	-0.012648	-0.822510	-0.135254	0.533936	-0.097056	-0.734290	0.081085	-0.666951
07558		9.762162	0.265847	-0.904262	0.012587	0.002586	-0.014249	-0.826416	-0.134521	0.526611	-0.097023	-0.734326	0.080878	-0.666941
07559		9.760418	0.275934	-0.880955	0.020646	0.001575	-0.016843	-0.829590	-0.135742	0.541504	-0.096947	-0.734331	0.080601	-0.666981
07560		9.766335	0.295883	-0.864169	0.020673	0.001685	-0.017496	-0.824951	-0.142090	0.535156	-0.096835	-0.734405	0.080274	-0.666955
07561		9.768700	0.309145	-0.891784	0.020185	-0.000659	-0.016568	-0.827881	-0.135986	0.535400	-0.096816	-0.734475	0.079992	-0.666914
07562		9.780555	0.345166	-0.858808	0.017266	0.001399	-0.015921	-0.824463	-0.131592	0.530518	-0.096749	-0.734516	0.079729	-0.666910
07563		9.773647	0.329004	-0.865976	0.011859	0.000804	-0.013272	-0.823242	-0.134277	0.525879	-0.096682	-0.734538	0.079545	-0.666918
07564		9.776016	0.341584	-0.893561	0.002886	-0.000209	-0.013089	-0.822998	-0.135254	0.529541	-0.096741	-0.734535	0.079457	-0.666923
07565		9.769802	0.354464	-0.901292	0.001928	-0.001426	-0.012041	-0.833496	-0.139160	0.526123	-0.096796	-0.734561	0.079378	-0.666896
07566		9.768862	0.353923	-0.892339	0.005286	-0.000334	-0.010165	-0.824463	-0.133057	0.530273	-0.096842	-0.734528	0.079299	-0.666935
07567		9.747236	0.372930	-0.877943	-0.005789	0.001377	-0.007132	-0.823242	-0.133057	0.537598	-0.096898	-0.734515	0.079318	-0.666938
07568		9.764388	0.361384	-0.922010	-0.019542	0.002649	-0.008479	-0.823975	-0.135986	0.532227	-0.097069	-0.734519	0.079415	-0.666898
07569		9.748448	0.302539	-0.912552	-0.017447	0.004304	-0.009337	-0.816650	-0.135254	0.530518	-0.097274	-0.734482	0.079505	-0.666898
07570		9.762344	0.279413	-0.919542	-0.007966	0.002379	-0.015259	-0.830566	-0.140869	0.524170	-0.097444	-0.734493	0.079469	-0.666866
07571		9.768398	0.273328	-0.911379	0.006536	0.003003	-0.015551	-0.826904	-0.135254	0.534912	-0.097542	-0.734440	0.079335	-0.666925
07572		9.768179	0.302799	-0.901854	0.015566	0.001791	-0.014054	-0.829102	-0.130615	0.530029	-0.097450	-0.734475	0.079098	-0.666928
07573		9.772417	0.315256	-0.866632	0.017104	0.001794	-0.009868	-0.824951	-0.131836	0.528809	-0.097274	-0.734477	0.078895	-0.666976
07574		9.754135	0.333383	-0.893611	0.014897	-0.000297	-0.006413	-0.836914	-0.135010	0.531494	-0.097113	-0.734495	0.078751	-0.666996
07575		9.760834	0.354108	-0.886260	0.014781	0.001721	-0.006795	-0.830811	-0.138672	0.532227	-0.096969	-0.734474	0.078599	-0.667058
07576		9.767541	0.375269	-0.878574	0.008794	0.002330	-0.009381	-0.831543	-0.132812	0.533691	-0.096948	-0.734465	0.078477	-0.667086
07577		9.767510	0.377274	-0.878064	0.002640	0.002287	-0.008067	-0.821045	-0.134033	0.535645	-0.096905	-0.734454	0.078401	-0.667113
07578		9.760670	0.372539	-0.880270	-0.003808	0.002590	-0.005394	-0.821533	-0.139160	0.533691	-0.096916	-0.734472	0.078396	-0.667093
07579		9.752432	0.334978	-0.872940	-0.009394	0.002765	-0.003984	-0.833008	-0.134521	0.520508	-0.097026	-0.734467	0.078466	-0.667074
07580		9.772438	0.312733	-0.868190	-0.005086	0.001609	-0.002337	-0.824951	-0.141357	0.531738	-0.097070	-0.734376	0.078565	-0.667156
07581		9.760213	0.333421	-0.882774	0.001152	0.001980	-0.005601	-0.826172	-0.136475	0.530029	-0.097120	-0.734373	0.078546	-0.667154
07582		9.774656	0.350521	-0.886217	-0.001897	-0.000896	-0.003694	-0.824951	-0.141357	0.527588	-0.097133	-0.734377	0.078571	-0.667145
07583		9.773583	0.374282	-0.868080	-0.013847	-0.000096	-0.001563	-0.823975	-0.137451	0.532715	-0.097300	-0.734348	0.078733	-0.667133
07584		9.763735	0.329660	-0.842534	-0.022805	0.003363	-0.000040	-0.821045	-0.140137	0.526367	-0.097479	-0.734308	0.078951	-0.667126
07585		9.766701	0.287238	-0.887300	-0.021845	0.002129	0.001888	-0.826416	-0.140625	0.526367	-0.097683	-0.734254	0.079210	-0.667125
07586		9.759927	0.280525	-0.889665	-0.010063	0.000675	0.003660	-0.820068	-0.142578	0.526855	-0.097759	-0.734210	0.079389	-0.667141
07587		9.754614	0.293126	-0.906670	0.003343	-0.003395	0.000534	-0.826904	-0.136230	0.534424	-0.097760	-0.734240	0.079435	-0.667102
07588		9.775114	0.299476	-0.903586	0.008473	-0.003350	-0.003571	-0.829346	-0.136719	0.530029	-0.097649	-0.734298	0.079360	-0.667063
07589		9.772359	0.316452	-0.867730	0.001786	-0.002488	-0.000843	-0.827148	-0.138916	0.526123	-0.097595	-0.734309	0.079383	-0.667056
07590		9.761207	0.300228	-0.906121	0.003133	-0.002722	-0.000058	-0.829102	-0.132568	0.529297	-0.097563	-0.734309	0.079422	-0.667056
07591		9.748177	0.303931	-0.917269	0.011223	-0.003601	-0.003302	-0.829102	-0.131348	0.526611	-0.097404	-0.734341	0.079338	-0.667054
07592		9.753628	0.359962	-0.888282	0.012864	-0.004180	-0.003876	-0.824463	-0.130859	0.539307	-0.097234	-0.734367	0.079244	-0.667061
07593		9.774224	0.353213	-0.889905	0.002178	-0.003942	0.000992	-0.822998	-0.135010	0.534668	-0.097082	-0.734447	0.079232	-0.666997
07594		9.758307	0.304505	-0.877541	-0.007082	-0.001157	0.001714	-0.824219	-0.141113	0.530273	-0.097074	-0.734471	0.079330	-0.666960
07595		9.748708	0.307403	-0.929359	0.006905	-0.000516	0.000024	-0.821533	-0.137695	0.531494	-0.097029	-0.734482	0.079329	-0.666954
07596		9.761597	0.303858	-0.919718	0.016668	-0.004318	-0.001465	-0.830322	-0.133789	0.528076	-0.096869	-0.734552	0.079225	-0.666913
07597		9.761195	0.343037	-0.907000	0.009949	-0.001111	-0.001066	-0.828857	-0.137695	0.534912	-0.096736	-0.734546	0.079185	-0.666943
07598		9.761428	0.316792	-0.915889	-0.002382	0.002160	0.001397	-0.821777	-0.130859	0.530518	-0.096719	-0.734531	0.079248	-0.666955
07599		9.767625	0.306514	-0.907747	0.003213	0.003007	0.002147	-0.823242	-0.132080	0.537842	-0.096600	-0.734516	0.079270	-0.666987
07600		9.766246	0.273424	-0.898217	0.011213	-0.001671	0.001670	-0.821045	-0.131592	0.531250	-0.096393	-0.734579	0.079198	-0.666955
07601		9.751551	0.282982	-0.885959	0.011334	-0.000216	0.001231	-0.829346	-0.135986	0.531250	-0.096216	-0.734605	0.079148	-0.666958
07602		9.760515	0.337405	-0.897294	0.008052	0.000943	0.002377	-0.826904	-0.134766	0.532715	-0.096098	-0.734593	0.079151	-0.666988
07603		9.753150	0.300841	-0.899510	0.001991	0.002244	0.003904	-0.832275	-0.138916	0.527344	-0.096012	-0.734575	0.079206	-0.667014
07604		9.760044	0.306327	-0.896301	0.002495	0.001226	0.003139	-0.834961	-0.136230	0.530762	-0.095984	-0.734526	0.079288	-0.667062
07605		9.766205	0.295836	-0.888540	0.002788	0.000879	0.001781	-0.830322	-0.136963	0.530029	-0.095923	-0.734492	0.079335	-0.667103
07606		9.781642	0.301599	-0.905424	0.002965	0.002550	0.000041	-0.824707	-0.131104	0.534180	-0.095893	-0.734455	0.079366	-0.667144
07607		9.766399	0.282281	-0.892207	-0.000531	0.000910	0.001415	-0.826416	-0.135254	0.525879	-0.095816	-0.734462	0.079405	-0.667143
07608		9.745060	0.272250	-0.886424	-0.001859	0.003185	0.004954	-0.827881	-0.138184	0.533203	-0.095794	-0.734402	0.079534	-0.667197
07609		9.772664	0.270637	-0.883604	0.001660	0.001461	0.003750	-0.823730	-0.131592	0.532715	-0.095750	-0.734390	0.079601	-0.667208
07610		9.751182	0.274086	-0.873630	0.003972	0.000513	-0.001489	-0.823730	-0.134277	0.529785	-0.095671	-0.734405	0.079585	-0.667205
07611		9.765764	0.277198	-0.881602	0.002569	0.000530	-0.000974	-0.828125	-0.126465	0.535400	-0.095638	-0.734404	0.079606	-0.667209
07612		9.765780	0.277280	-0.881407	-0.000475	0.001127	0.000115	-0.831787	-0.130127	0.526855	-0.095526	-0.734408	0.079618	-0.667219
07613		9.789982	0.256891	-0.927404	-0.003226	0.001377	-0.000155	-0.825439	-0.126709	0.530029	-0.095506	-0.734358	0.079700	-0.667267
07614		9.754730	0.260706	-0.918613	0.002429	-0.000012	0.002277	-0.831055	-0.138428	0.520508	-0.095375	-0.734356	0.079732	-0.667283
07615		9.766542	0.292622	-0.885891	0.006461	-0.001733	0.002471	-0.834717	-0.134277	0.528564	-0.095349	-0.734314	0.079817	-0.667324
07616		9.768086	0.311231	-0.899982	-0.003963	0.000508	0.003650	-0.832275	-0.137451	0.526855	-0.095338	-0.734267	0.079948	-0.667361
07617		9.754475	0.297997	-0.905207	-0.019090	0.001886	0.002168	-0.825195	-0.134277	0.528809	-0.095519	-0.734191	0.080206	-0.667388
07618		9.738867	0.210814	-0.905448	-0.013912	-0.001330	-0.002421	-0.828125	-0.132324	0.530029	-0.095655	-0.734181	0.080360	-0.667362
07619		9.743922	0.225304	-0.879806	-0.001398	0.000537	-0.007440	-0.824219	-0.132080	0.527344	-0.095691	-0.734173	0.080350	-0.667366
07620		9.766001	0.252285	-0.889878	0.005063	-0.001197	-0.004969	-0.828125	-0.126953	0.526367	-0.095656	-0.734184	0.080320	-0.667362
07621		9.761380	0.282756	-0.911340	0.004168	0.001274	-0.006040	-0.825684	-0.130371	0.526611	-0.095589	-0.734162	0.080272	-0.667402
07622		9.760541	0.280475	-0.902092	0.002504	-0.000707	-0.001835	-0.824463	-0.132324	0.525879	-0.095538	-0.734156	0.080289	-0.667414
07623		9.752982	0.257878	-0.900416	0.004336	-0.001047	0.000997	-0.826660	-0.134521	0.531006	-0.095469	-0.734152	0.080329	-0.667423
07624		9.773436	0.277042	-0.892303	0.004685	-0.001176	-0.001661	-0.832520	-0.137451	0.532227	-0.095423	-0.734168	0.080329	-0.667413
07625		9.761279	0.284281	-0.911944	0.002946	0.000509	-0.004282	-0.826660	-0.137939	0.531738	-0.095436	-0.734159	0.080326	-0.667420
07626		9.757900	0.285476	-0.870453	0.000443	0.001216	-0.002447	-0.821289	-0.138184	0.531250	-0.095470	-0.734153	0.080362	-0.667418
07627		9.772478	0.289089	-0.878296	-0.001235	0.000667	-0.003386	-0.821777	-0.138916	0.525879	-0.095537	-0.734161	0.080407	-0.667394
07628		9.746889	0.257721	-0.912449	0.005632	-0.000977	-0.004874	-0.829102	-0.133789	0.531494	-0.095574	-0.734168	0.080407	-0.667381
07629		9.760494	0.271610	-0.906990	0.013254	0.000290	-0.005845	-0.828369	-0.137939	0.529785	-0.095474	-0.734182	0.080292	-0.667394
07630		9.775723	0.291940	-0.919946	0.013757	-0.000728	-0.006611	-0.822510	-0.130859	0.528076	-0.095423	-0.734199	0.080191	-0.667395
07631		9.760866	0.316560	-0.902976	-0.000317	0.000754	-0.005949	-0.823486	-0.137939	0.526367	-0.095439	-0.734196	0.080189	-0.667396
07632		9.767104	0.295078	-0.899502	-0.009129	0.002302	-0.004692	-0.827393	-0.131348	0.523682	-0.095602	-0.734156	0.080307	-0.667403
07633		9.780410	0.253513	-0.902293	-0.004941	-0.000305	-0.002605	-0.828125	-0.125977	0.525391	-0.095639	-0.734123	0.080389	-0.667424
07634		9.760522	0.264066	-0.910804	0.001524	0.001438	-0.000955	-0.832031	-0.138184	0.531250	-0.095546	-0.734089	0.080401	-0.667473
07635		9.769528	0.306186	-0.926784	0.007646	-0.002094	-0.000799	-0.825439	-0.138428	0.525879	-0.095495	-0.734102	0.080403	-0.667465
07636		9.766235	0.293697	-0.890312	0.001669	-0.000471	-0.001223	-0.824219	-0.136475	0.527588	-0.095530	-0.734089	0.080471	-0.667467
07637		9.758709	0.271156	-0.888503	-0.001165	-0.000547	0.000458	-0.825439	-0.129395	0.526855	-0.095555	-0.734082	0.080563	-0.667460
07638		9.767163	0.283760	-0.904077	0.002275	0.000878	0.000384	-0.837158	-0.124756	0.534180	-0.095479	-0.734064	0.080591	-0.667487
07639		9.738832	0.281108	-0.897063	0.004182	-0.000156	-0.000897	-0.830566	-0.134521	0.531982	-0.095316	-0.734062	0.080547	-0.667518
07640		9.755724	0.306828	-0.928220	0.006540	0.001047	-0.002465	-0.827148	-0.140625	0.534424	-0.095261	-0.734057	0.080523	-0.667534
07641		9.761840	0.297259	-0.920747	0.003254	-0.001266	-0.000496	-0.828857	-0.129150	0.532471	-0.095276	-0.734081	0.080568	-0.667500
07642		9.754089	0.300975	-0.909744	0.003854	0.002533	-0.001873	-0.820557	-0.132324	0.530273	-0.095191	-0.734068	0.080545	-0.667529
07643		9.752630	0.282140	-0.895136	0.006450	0.003173	-0.003499	-0.827393	-0.135498	0.533936	-0.095144	-0.734064	0.080507	-0.667545
07644		9.772306	0.298837	-0.876938	0.004120	0.002078	-0.002581	-0.830811	-0.137695	0.531250	-0.095124	-0.734062	0.080501	-0.667550
07645		9.760477	0.279507	-0.904778	0.004697	0.003320	-0.000324	-0.819336	-0.133301	0.526611	-0.095106	-0.734030	0.080528	-0.667585
07646		9.767365	0.286051	-0.901177	0.001406	0.003456	-0.001340	-0.827637	-0.127930	0.529053	-0.095111	-0.734003	0.080570	-0.667609
07647		9.761568	0.270007	-0.916738	0.004514	0.004099	-0.001568	-0.825195	-0.134277	0.533691	-0.095020	-0.733968	0.080548	-0.667663
07648		9.772813	0.273707	-0.882742	0.007200	0.002614	-0.002159	-0.825928	-0.135742	0.528809	-0.094964	-0.733971	0.080517	-0.667672
07649		9.765088	0.277658	-0.871315	0.004688	0.002298	-0.002486	-0.831787	-0.134521	0.531982	-0.094959	-0.733953	0.080526	-0.667691
07650		9.759953	0.278225	-0.891813	-0.000454	0.003683	-0.003523	-0.824951	-0.130615	0.524902	-0.094985	-0.733917	0.080551	-0.667724
07651		9.765437	0.252485	-0.878968	0.002246	0.000772	0.001034	-0.827881	-0.134766	0.527344	-0.094932	-0.733895	0.080602	-0.667750
07652		9.761243	0.241924	-0.913620	0.000548	0.001135	0.002908	-0.828857	-0.133301	0.531006	-0.094912	-0.733867	0.080697	-0.667772
07653		9.760192	0.264103	-0.895403	-0.000975	-0.000304	0.003864	-0.833740	-0.129883	0.536865	-0.094873	-0.733861	0.080798	-0.667772
07654		9.773966	0.262823	-0.894434	0.000610	-0.001098	0.004593	-0.827637	-0.122314	0.524902	-0.094763	-0.733875	0.080860	-0.667764
07655		9.759138	0.285395	-0.877555	-0.002238	0.000252	0.001127	-0.827393	-0.140625	0.527100	-0.094673	-0.733849	0.080912	-0.667800
07656		9.759428	0.258827	-0.886221	-0.008327	0.001442	0.003303	-0.826416	-0.132080	0.535889	-0.094794	-0.733806	0.081118	-0.667805
07657		9.762306	0.228542	-0.926962	-0.008391	0.000203	0.002443	-0.825195	-0.134521	0.523193	-0.094821	-0.733812	0.081251	-0.667777
07658		9.740100	0.215905	-0.912392	-0.000807	0.000344	-0.000039	-0.825195	-0.125977	0.525146	-0.094852	-0.733784	0.081345	-0.667793
07659		9.760678	0.222130	-0.908440	0.007529	-0.000076	-0.001181	-0.831787	-0.129395	0.533936	-0.094729	-0.733780	0.081312	-0.667818
07660		9.760432	0.248063	-0.899503	0.010287	0.000699	0.001250	-0.828613	-0.130371	0.533447	-0.094569	-0.733788	0.081270	-0.667838
07661		9.775996	0.240338	-0.921040	0.009186	0.001390	0.002568	-0.821045	-0.128418	0.530762	-0.094426	-0.733792	0.081257	-0.667855
07662		9.759306	0.282507	-0.876615	0.008230	0.000172	0.003621	-0.822754	-0.133789	0.525146	-0.094281	-0.733811	0.081265	-0.667854
07663		9.762488	0.306741	-0.909235	0.006622	-0.001588	0.006529	-0.827148	-0.134521	0.526855	-0.094188	-0.733813	0.081358	-0.667853
07664		9.754766	0.309016	-0.898357	-0.002468	0.001839	0.003344	-0.824951	-0.123779	0.531494	-0.094209	-0.733775	0.081492	-0.667875
07665		9.760139	0.295932	-0.880803	-0.009650	0.004232	-0.001120	-0.831055	-0.138184	0.536621	-0.094227	-0.733740	0.081577	-0.667901
07666		9.753077	0.235106	-0.890905	-0.009122	0.005769	-0.005521	-0.836670	-0.125244	0.527588	-0.094395	-0.733697	0.081670	-0.667913
07667		9.781612	0.226722	-0.901043	-0.005222	0.004022	-0.010032	-0.832764	-0.129395	0.527832	-0.094452	-0.733639	0.081648	-0.667972
07668		9.779982	0.222646	-0.881868	-0.002678	0.001997	-0.007370	-0.825195	-0.133057	0.526367	-0.094504	-0.733606	0.081652	-0.668000
07669		9.775134	0.197350	-0.911152	-0.008002	0.004673	0.000467	-0.834961	-0.130615	0.530029	-0.094587	-0.733547	0.081794	-0.668036
07670		9.753149	0.171381	-0.900058	-0.000103	0.004062	0.003938	-0.836182	-0.127197	0.532959	-0.094524	-0.733493	0.081876	-0.668094
07671		9.752816	0.209692	-0.886226	0.013815	0.000000	0.002214	-0.818604	-0.135986	0.528320	-0.094307	-0.733500	0.081807	-0.668125
07672		9.773683	0.270692	-0.873995	0.014852	-0.001929	0.000035	-0.820801	-0.129395	0.531006	-0.094213	-0.733544	0.081778	-0.668094
07673		9.778844	0.270308	-0.852953	0.003326	0.000995	0.002527	-0.826904	-0.127197	0.534912	-0.094139	-0.733554	0.081825	-0.668087
07674		9.780821	0.249579	-0.879791	-0.004377	0.002874	0.004622	-0.826416	-0.126221	0.533936	-0.094086	-0.733539	0.081931	-0.668098
07675		9.754316	0.239286	-0.895315	0.000785	0.000572	0.002851	-0.827881	-0.136230	0.533691	-0.093994	-0.733549	0.081979	-0.668094
07676		9.753476	0.236038	-0.886277	0.007731	-0.001771	-0.002746	-0.827148	-0.129150	0.531494	-0.093972	-0.733585	0.081968	-0.668059
07677		9.774828	0.245949	-0.891944	0.012271	-0.001036	-0.004140	-0.821289	-0.122070	0.537354	-0.093865	-0.733618	0.081880	-0.668050
07678		9.761737	0.263102	-0.897974	0.000113	0.000430	-0.002602	-0.828857	-0.132568	0.532715	-0.093791	-0.733656	0.081862	-0.668020
07679		9.760369	0.231183	-0.888017	-0.009771	0.002775	-0.000681	-0.830322	-0.123779	0.531250	-0.093888	-0.733626	0.081997	-0.668022
07680		9.766790	0.195528	-0.888810	-0.008517	0.001198	-0.000105	-0.833252	-0.135742	0.523682	-0.093890	-0.733605	0.082092	-0.668034
07681		9.761489	0.208771	-0.905620	0.000203	-0.001694	-0.001567	-0.826416	-0.130859	0.525146	-0.093939	-0.733584	0.082176	-0.668040
07682		9.761457	0.209549	-0.905787	-0.000938	0.000314	-0.004746	-0.822998	-0.135498	0.531982	-0.093988	-0.733569	0.082215	-0.668045
07683		9.754519	0.217403	-0.903759	0.000081	0.002771	-0.004939	-0.829834	-0.139404	0.528320	-0.094063	-0.733563	0.082248	-0.668036
07684		9.746626	0.235431	-0.887921	0.001449	0.001625	-0.006965	-0.821045	-0.131348	0.529541	-0.094173	-0.733544	0.082275	-0.668039
07685		9.781100	0.229622	-0.886863	0.001097	0.001757	-0.004306	-0.822510	-0.132812	0.535400	-0.094202	-0.733545	0.082294	-0.668031
07686		9.767621	0.204445	-0.896679	-0.005234	0.000038	-0.001249	-0.823486	-0.128906	0.533447	-0.094263	-0.733566	0.082392	-0.667987
07687		9.775521	0.188185	-0.912075	-0.000870	-0.000895	-0.000899	-0.824219	-0.130127	0.531738	-0.094247	-0.733592	0.082444	-0.667954
07688		9.767332	0.230853	-0.887838	0.006729	0.001293	0.000943	-0.821289	-0.123047	0.524170	-0.094162	-0.733599	0.082454	-0.667957
07689		9.761217	0.240264	-0.895421	0.002363	-0.001245	0.001420	-0.825928	-0.134033	0.536865	-0.094066	-0.733604	0.082492	-0.667961
07690		9.774858	0.253083	-0.889613	-0.006425	0.002854	-0.000967	-0.832764	-0.134766	0.531982	-0.094145	-0.733597	0.082602	-0.667944
07691		9.761424	0.227285	-0.899099	-0.007437	0.001420	0.001387	-0.824219	-0.128662	0.529541	-0.094215	-0.733568	0.082749	-0.667947
07692		9.767564	0.217443	-0.891350	0.001403	-0.000016	-0.000515	-0.829346	-0.127930	0.528320	-0.094182	-0.733575	0.082791	-0.667940
07693		9.742372	0.240942	-0.916873	0.007909	-0.000098	-0.004488	-0.824219	-0.130371	0.532471	-0.094113	-0.733579	0.082737	-0.667951
07694		9.755266	0.238904	-0.906567	0.003567	-0.000080	-0.007650	-0.825684	-0.135254	0.529297	-0.094131	-0.733605	0.082699	-0.667925
07695		9.774992	0.243677	-0.893118	-0.002943	0.002450	-0.006665	-0.829590	-0.131348	0.537598	-0.094247	-0.733586	0.082746	-0.667924
07696		9.768495	0.212255	-0.904290	-0.006489	0.001614	-0.001827	-0.831299	-0.131104	0.534180	-0.094304	-0.733585	0.082837	-0.667905
07697		9.767162	0.180253	-0.894369	-0.003199	0.001480	-0.000809	-0.825195	-0.136963	0.525391	-0.094321	-0.733574	0.082911	-0.667905
07698		9.760907	0.203426	-0.897218	0.005944	0.000722	-0.001907	-0.825439	-0.125977	0.529053	-0.094331	-0.733563	0.082941	-0.667913
07699		9.767683	0.210609	-0.894577	0.010056	-0.001692	-0.005823	-0.823975	-0.128662	0.535156	-0.094238	-0.733596	0.082853	-0.667901
07700		9.761194	0.247922	-0.893581	0.005721	-0.000653	-0.006825	-0.823486	-0.129883	0.533936	-0.094212	-0.733637	0.082798	-0.667866
07701		9.772441	0.239722	-0.864795	-0.001717	0.000764	-0.005438	-0.817383	-0.125244	0.534180	-0.094257	-0.733653	0.082822	-0.667839
07702		9.772740	0.214887	-0.873413	-0.006706	0.001259	-0.004583	-0.828369	-0.124512	0.532471	-0.094311	-0.733671	0.082881	-0.667805
07703		9.759281	0.189782	-0.883356	-0.000273	-0.000568	-0.001454	-0.824951	-0.129150	0.523926	-0.094258	-0.733682	0.082907	-0.667796
07704		9.782115	0.219137	-0.902966	0.002170	-0.002512	-0.004147	-0.826172	-0.126953	0.527344	-0.094256	-0.733693	0.082921	-0.667783
07705		9.756029	0.239614	-0.919698	0.003312	-0.001048	-0.001794	-0.828125	-0.126465	0.531982	-0.094203	-0.733700	0.082932	-0.667782
07706		9.768774	0.249684	-0.905166	0.003312	-0.001048	-0.001794	-0.824951	-0.134521	0.533203	-0.094138	-0.733718	0.082934	-0.667771
07707		9.760947	0.253554	-0.894700	-0.002336	-0.002120	-0.001244	-0.822021	-0.126709	0.532715	-0.094186	-0.733745	0.083024	-0.667723
07708		9.766247	0.241269	-0.877890	-0.010587	0.002085	-0.002884	-0.825195	-0.134277	0.538330	-0.094270	-0.733734	0.083133	-0.667709
07709		9.754275	0.167747	-0.914430	-0.011856	0.001616	-0.007786	-0.825439	-0.124268	0.530029	-0.094455	-0.733742	0.083230	-0.667663
07710		9.768996	0.160076	-0.926751	0.000060	-0.000295	-0.011426	-0.821045	-0.132568	0.531982	-0.094487	-0.733758	0.083165	-0.667648
07711		9.769415	0.191984	-0.927332	0.007981	-0.001811	-0.010766	-0.833252	-0.127441	0.523926	-0.094507	-0.733809	0.083076	-0.667601
07712		9.754752	0.191196	-0.919698	0.003476	-0.001422	-0.007862	-0.831543	-0.139404	0.529785	-0.094498	-0.733800	0.083030	-0.667618
07713		9.768293	0.205941	-0.914214	0.006702	0.000681	-0.008532	-0.822510	-0.124268	0.521729	-0.094556	-0.733797	0.082991	-0.667618
07714		9.765433	0.224425	-0.877886	0.005630	-0.001993	-0.007037	-0.832275	-0.128906	0.529297	-0.094510	-0.733809	0.082932	-0.667619
07715		9.764537	0.223221	-0.869052	0.007474	-0.000792	-0.010005	-0.820801	-0.135498	0.529297	-0.094489	-0.733820	0.082832	-0.667622
07716		9.769364	0.244259	-0.924569	0.004099	-0.000986	-0.009070	-0.831299	-0.124268	0.531250	-0.094557	-0.733847	0.082808	-0.667585
07717		9.760901	0.233441	-0.908881	-0.001902	0.001540	-0.006686	-0.826172	-0.133301	0.536865	-0.094558	-0.733834	0.082792	-0.667602
07718		9.760521	0.261415	-0.899630	-0.004386	0.001327	-0.007665	-0.823730	-0.133789	0.535400	-0.094660	-0.733844	0.082826	-0.667572
07719		9.747092	0.238057	-0.909394	-0.006223	0.000635	-0.012664	-0.833740	-0.133545	0.538086	-0.094827	-0.733863	0.082835	-0.667526
07720		9.758340	0.232206	-0.880372	-0.005220	0.001048	-0.017184	-0.826660	-0.127686	0.534668	-0.095004	-0.733875	0.082780	-0.667495
07721		9.773250	0.213381	-0.896859	-0.005104	0.002503	-0.017628	-0.834717	-0.131104	0.531738	-0.095150	-0.733879	0.082702	-0.667480
07722		9.768236	0.204712	-0.922154	0.000632	0.000438	-0.019306	-0.819824	-0.134766	0.533936	-0.095271	-0.733884	0.082572	-0.667473
07723		9.772506	0.205814	-0.891567	0.001900	0.000909	-0.014404	-0.830322	-0.130615	0.535889	-0.095382	-0.733914	0.082500	-0.667432
07724		9.761527	0.192254	-0.929404	0.004067	-0.002108	-0.010586	-0.821045	-0.131592	0.527832	-0.095390	-0.733956	0.082421	-0.667395
07725		9.753432	0.210578	-0.914568	0.009222	-0.001431	-0.005219	-0.827148	-0.132324	0.530518	-0.095334	-0.733985	0.082368	-0.667378
07726		9.758893	0.241311	-0.894056	0.010681	-0.001227	-0.007038	-0.829346	-0.131836	0.530273	-0.095275	-0.734013	0.082280	-0.667367
07727		9.760198	0.261999	-0.908641	0.011345	-0.003129	-0.005905	-0.828369	-0.131592	0.535645	-0.095193	-0.734050	0.082197	-0.667347
07728		9.766877	0.270398	-0.906254	0.014575	0.000512	-0.012386	-0.830566	-0.134766	0.533936	-0.095134	-0.734086	0.082018	-0.667338
07729		9.753585	0.289885	-0.912403	0.015106	-0.001421	-0.015967	-0.827881	-0.135254	0.532471	-0.095121	-0.734132	0.081816	-0.667314
07730		9.766170	0.303368	-0.897921	0.006017	-0.000478	-0.016168	-0.819336	-0.136230	0.529053	-0.095201	-0.734159	0.081692	-0.667288
07731		9.763884	0.285015	-0.874599	0.002060	0.001545	-0.018323	-0.827393	-0.135986	0.537109	-0.095357	-0.734172	0.081592	-0.667264
07732		9.766151	0.256230	-0.905723	-0.006244	0.003061	-0.015669	-0.829834	-0.129883	0.533447	-0.095547	-0.734169	0.081569	-0.667243
07733		9.759596	0.240196	-0.912462	-0.006255	0.000507	-0.012023	-0.822021	-0.132812	0.531738	-0.095657	-0.734170	0.081557	-0.667228
07734		9.766809	0.223328	-0.918308	-0.002666	0.001065	-0.010202	-0.827637	-0.131836	0.531982	-0.095751	-0.734177	0.081551	-0.667207
07735		9.757906	0.239242	-0.893602	-0.000482	0.000608	-0.010027	-0.827148	-0.134521	0.527832	-0.095807	-0.734181	0.081519	-0.667199
07736		9.757054	0.238566	-0.884304	0.003104	0.000143	-0.010369	-0.819336	-0.134766	0.537354	-0.095856	-0.734182	0.081468	-0.667197
07737		9.744517	0.260646	-0.899922	0.002875	-0.003790	-0.011647	-0.831055	-0.135254	0.527588	-0.095915	-0.734258	0.081413	-0.667112
07738		9.763286	0.263297	-0.878419	0.005089	-0.003114	-0.009960	-0.831055	-0.143555	0.529297	-0.095937	-0.734279	0.081352	-0.667092
07739		9.772572	0.268691	-0.908184	0.005610	-0.000552	-0.012209	-0.818848	-0.132568	0.535156	-0.096032	-0.734285	0.081294	-0.667079
07740		9.757621	0.281615	-0.896148	0.003228	-0.002898	-0.012149	-0.830078	-0.130615	0.536865	-0.096078	-0.734348	0.081223	-0.667011
07741		9.758251	0.287959	-0.906111	0.003578	-0.003029	-0.014815	-0.822754	-0.130371	0.530273	-0.096113	-0.734401	0.081106	-0.666963
07742		9.750835	0.268889	-0.904761	0.005333	-0.002144	-0.015834	-0.829590	-0.127441	0.530029	-0.096152	-0.734443	0.080972	-0.666927
07743		9.771965	0.282076	-0.910663	0.009459	-0.002489	-0.015430	-0.827393	-0.132080	0.524170	-0.096120	-0.734480	0.080791	-0.666913
07744		9.764492	0.305206	-0.905165	0.008949	-0.001473	-0.014667	-0.831055	-0.131592	0.536377	-0.096127	-0.734493	0.080646	-0.666915
07745		9.751355	0.311795	-0.916097	0.006086	-0.002698	-0.014494	-0.831299	-0.130859	0.530762	-0.096138	-0.734541	0.080509	-0.666877
07746		9.756639	0.302335	-0.900084	0.007703	-0.003373	-0.014416	-0.825439	-0.132080	0.530518	-0.096133	-0.734580	0.080364	-0.666852
07747		9.763210	0.312382	-0.897822	-0.002086	-0.000665	-0.015097	-0.827393	-0.131836	0.530762	-0.096240	-0.734595	0.080299	-0.666829
07748		9.757734	0.286162	-0.919100	-0.004031	-0.003328	-0.011677	-0.828613	-0.134277	0.531006	-0.096328	-0.734622	0.080281	-0.666788
07749		9.764627	0.282328	-0.921420	0.003497	-0.002325	-0.010701	-0.827393	-0.134521	0.526611	-0.096355	-0.734648	0.080216	-0.666764
07750		9.770112	0.301530	-0.905703	0.009349	-0.002911	-0.012830	-0.828857	-0.135986	0.532471	-0.096352	-0.734677	0.080092	-0.666747
07751		9.764901	0.333525	-0.928186	0.007648	-0.003583	-0.013117	-0.821289	-0.134766	0.529785	-0.096368	-0.734723	0.079976	-0.666708
07752		9.743929	0.342927	-0.928416	-0.000657	-0.002094	-0.010454	-0.821533	-0.135986	0.536133	-0.096442	-0.734749	0.079956	-0.666671
07753		9.761516	0.326557	-0.892434	-0.007537	-0.001529	-0.011127	-0.824951	-0.130371	0.525391	-0.096584	-0.734780	0.079980	-0.666613
07754		9.736004	0.280870	-0.921235	-0.011232	0.003602	-0.015479	-0.826172	-0.132812	0.538086	-0.096770	-0.734733	0.079978	-0.666638
07755		9.758181	0.255878	-0.939249	0.002896	0.000405	-0.021788	-0.818604	-0.135010	0.536865	-0.096872	-0.734770	0.079792	-0.666604
07756		9.750251	0.293679	-0.929316	0.012848	-0.004195	-0.021376	-0.824951	-0.140381	0.533447	-0.096898	-0.734866	0.079547	-0.666525
07757		9.768959	0.298462	-0.907940	0.008642	-0.003157	-0.017657	-0.819092	-0.134033	0.534180	-0.096966	-0.734922	0.079395	-0.666471
07758		9.767285	0.295765	-0.889895	0.002604	0.000246	-0.012444	-0.825928	-0.140381	0.534180	-0.097010	-0.734949	0.079311	-0.666444
07759		9.768334	0.288487	-0.903438	0.007569	0.000709	-0.010488	-0.813721	-0.129150	0.527100	-0.097028	-0.734964	0.079226	-0.666436
07760		9.747009	0.310741	-0.899148	0.012262	-0.005026	-0.012836	-0.823975	-0.142822	0.539551	-0.096960	-0.735038	0.079057	-0.666384
07761		9.763946	0.312953	-0.940846	0.017711	-0.006708	-0.013162	-0.822998	-0.128906	0.527100	-0.096911	-0.735146	0.078874	-0.666293
07762		9.755514	0.331906	-0.927248	0.018253	-0.005564	-0.010250	-0.821045	-0.134033	0.536377	-0.096756	-0.735212	0.078676	-0.666267
07763		9.781721	0.343727	-0.912762	0.021598	-0.004425	-0.008376	-0.828613	-0.135254	0.528809	-0.096582	-0.735298	0.078472	-0.666222
07764		9.754369	0.391089	-0.921810	0.018520	-0.006017	-0.010964	-0.827881	-0.139893	0.531494	-0.096469	-0.735361	0.078290	-0.666190
07765		9.758927	0.377685	-0.897453	0.011560	-0.006816	-0.011839	-0.830322	-0.138916	0.530518	-0.096457	-0.735430	0.078174	-0.666129
07766		9.746823	0.373299	-0.922726	0.005921	-0.003335	-0.010598	-0.826660	-0.139404	0.533203	-0.096481	-0.735455	0.078109	-0.666106
07767		9.761180	0.349381	-0.931284	0.001367	-0.004220	-0.008534	-0.827637	-0.135254	0.545410	-0.096532	-0.735493	0.078100	-0.666058
07768		9.753535	0.371459	-0.926278	0.001495	-0.003687	-0.011803	-0.817383	-0.136719	0.535889	-0.096562	-0.735562	0.078018	-0.665986
07769		9.765989	0.354807	-0.912261	0.002958	-0.006024	-0.009971	-0.823486	-0.136475	0.538086	-0.096593	-0.735641	0.077969	-0.665900
07770		9.766984	0.318173	-0.926307	-0.001988	-0.001787	-0.011903	-0.822021	-0.142822	0.532959	-0.096678	-0.735676	0.077931	-0.665853
07771		9.755339	0.301516	-0.955091	0.000594	-0.002151	-0.015711	-0.833252	-0.134766	0.538574	-0.096822	-0.735707	0.077875	-0.665805
07772		9.752937	0.296054	-0.928081	0.013888	-0.003033	-0.017094	-0.816895	-0.136230	0.533691	-0.096779	-0.735762	0.077647	-0.665777
07773		9.760441	0.325865	-0.940701	0.018719	-0.006172	-0.018380	-0.820068	-0.137695	0.540039	-0.096731	-0.735862	0.077390	-0.665703
07774		9.760891	0.332825	-0.951527	0.012303	-0.005833	-0.016336	-0.822266	-0.135742	0.540283	-0.096723	-0.735961	0.077199	-0.665617
07775		9.769306	0.306523	-0.972393	0.009258	-0.004241	-0.013071	-0.818604	-0.132324	0.536377	-0.096702	-0.736037	0.077051	-0.665554
07776		9.746927	0.279965	-0.953832	0.021746	-0.002720	-0.010165	-0.814209	-0.125977	0.542480	-0.096529	-0.736107	0.076819	-0.665528
07777		9.755895	0.314019	-0.985058	0.030975	-0.006630	-0.011766	-0.826172	-0.132080	0.534180	-0.096234	-0.736247	0.076460	-0.665457
07778		9.762507	0.367954	-0.989503	0.032697	-0.004812	-0.009979	-0.830078	-0.133789	0.533936	-0.095957	-0.736328	0.076148	-0.665444
07779		9.767839	0.386046	-0.974503	0.029136	-0.003234	-0.008119	-0.822510	-0.136475	0.537109	-0.095709	-0.736381	0.075890	-0.665450
07780		9.746807	0.393796	-0.975156	0.027437	-0.003914	-0.008403	-0.827393	-0.135986	0.531250	-0.095499	-0.736457	0.075650	-0.665423
07781		9.764777	0.421763	-0.945317	0.023286	-0.002669	-0.005979	-0.812256	-0.138672	0.538818	-0.095314	-0.736492	0.075480	-0.665430
07782		9.743829	0.429024	-0.945294	0.013735	0.000451	-0.004528	-0.828369	-0.131104	0.536133	-0.095225	-0.736532	0.075392	-0.665409
07783		9.757541	0.430201	-0.944254	0.002088	-0.000282	-0.005870	-0.825195	-0.127686	0.535156	-0.095197	-0.736534	0.075363	-0.665414
07784		9.759287	0.379227	-0.960838	-0.003405	0.004848	-0.006386	-0.825928	-0.135254	0.536621	-0.095211	-0.736490	0.075355	-0.665462
07785		9.751625	0.355009	-0.948700	-0.002039	0.000034	-0.006263	-0.821777	-0.140137	0.532471	-0.095253	-0.736489	0.075372	-0.665455
07786		9.765334	0.356877	-0.947524	-0.000024	0.000471	-0.008004	-0.821045	-0.135742	0.539307	-0.095333	-0.736483	0.075389	-0.665448
07787		9.750533	0.339342	-0.934189	-0.000563	0.001382	-0.006585	-0.820068	-0.136719	0.534180	-0.095366	-0.736488	0.075383	-0.665439
07788		9.758799	0.323869	-0.949002	0.000420	0.001208	-0.002471	-0.821289	-0.132080	0.532471	-0.095371	-0.736479	0.075425	-0.665443
07789		9.746930	0.316929	-0.972737	0.003882	0.000246	0.000448	-0.818359	-0.141357	0.535889	-0.095290	-0.736474	0.075450	-0.665457
07790		9.753098	0.336105	-0.966366	0.011834	-0.004741	0.002590	-0.825195	-0.137695	0.540771	-0.095172	-0.736530	0.075469	-0.665409
07791		9.771824	0.365473	-0.945828	0.012843	-0.003201	-0.000444	-0.822510	-0.135498	0.535400	-0.095036	-0.736580	0.075423	-0.665379
07792		9.759126	0.356165	-0.961132	0.010978	-0.001403	-0.009126	-0.822510	-0.138428	0.538818	-0.094990	-0.736610	0.075314	-0.665364
07793		9.751088	0.316439	-0.945153	0.012942	-0.002209	-0.011725	-0.826416	-0.136719	0.537354	-0.094960	-0.736660	0.075172	-0.665329
07794		9.758074	0.311715	-0.947412	0.017757	-0.002341	-0.005857	-0.823242	-0.134521	0.541016	-0.094825	-0.736702	0.075041	-0.665318
07795		9.745706	0.363866	-0.973430	0.017438	-0.002094	-0.003840	-0.818604	-0.134277	0.527100	-0.094660	-0.736753	0.074911	-0.665299
07796		9.774369	0.400400	-0.991072	0.009503	-0.001717	-0.006641	-0.832764	-0.130371	0.537109	-0.094618	-0.736765	0.074858	-0.665297
07797		9.764792	0.383186	-0.956833	0.005552	0.001395	-0.007285	-0.824463	-0.137207	0.531006	-0.094570	-0.736752	0.074783	-0.665327
07798		9.739582	0.363745	-0.985897	0.004790	0.000334	-0.002138	-0.820557	-0.137695	0.540527	-0.094545	-0.736738	0.074813	-0.665343
07799		9.737491	0.400385	-0.963711	0.002875	0.001350	-0.000849	-0.823975	-0.134277	0.546387	-0.094519	-0.736742	0.074847	-0.665338
07800		9.744891	0.410804	-0.969611	-0.004590	0.004172	-0.005267	-0.825928	-0.138184	0.531494	-0.094566	-0.736730	0.074866	-0.665343
07801		9.758666	0.366897	-0.961760	-0.011027	0.003361	-0.004717	-0.820312	-0.127441	0.537842	-0.094716	-0.736673	0.075004	-0.665370
07802		9.764650	0.371790	-0.948837	-0.019379	0.003566	-0.002880	-0.822510	-0.127441	0.543701	-0.094849	-0.736631	0.075154	-0.665380
07803		9.759288	0.356432	-0.963445	-0.027138	0.007777	-0.003772	-0.819336	-0.133545	0.539062	-0.095052	-0.736558	0.075338	-0.665411
07804		9.753234	0.292821	-0.962692	-0.024118	0.007115	-0.004224	-0.819580	-0.139893	0.536133	-0.095278	-0.736487	0.075534	-0.665435
07805		9.752613	0.291016	-0.952086	-0.006385	0.003073	-0.002926	-0.822998	-0.134277	0.538818	-0.095369	-0.736460	0.075638	-0.665440
07806		9.737480	0.330709	-0.939681	0.003761	0.002368	-0.000605	-0.818848	-0.135254	0.528320	-0.095303	-0.736452	0.075644	-0.665457
07807		9.763632	0.370691	-0.924038	0.001894	0.002557	-0.002794	-0.822510	-0.127930	0.536377	-0.095302	-0.736422	0.075681	-0.665487
07808		9.756080	0.345574	-0.911640	0.000373	0.004674	-0.003324	-0.829590	-0.128418	0.528809	-0.095257	-0.736389	0.075662	-0.665531
07809		9.749702	0.355881	-0.918765	0.001745	-0.000139	-0.003198	-0.822266	-0.136475	0.543945	-0.095208	-0.736368	0.075666	-0.665561
07810		9.745660	0.346250	-0.953464	0.001009	0.000507	-0.005202	-0.824463	-0.134277	0.538086	-0.095210	-0.736392	0.075650	-0.665537
07811		9.739468	0.327751	-0.960279	0.003539	0.000965	-0.005540	-0.822998	-0.139404	0.536865	-0.095188	-0.736396	0.075617	-0.665539
07812		9.742268	0.304044	-0.906129	0.012678	0.001364	-0.004513	-0.822266	-0.126465	0.537598	-0.095109	-0.736405	0.075547	-0.665548
07813		9.750060	0.346835	-0.922778	0.025304	-0.001157	-0.005555	-0.823242	-0.140381	0.533203	-0.094839	-0.736457	0.075297	-0.665558
07814		9.771565	0.390121	-0.938631	0.022650	-0.000532	-0.008441	-0.827881	-0.135010	0.533203	-0.094716	-0.736487	0.075130	-0.665561
07815		9.765079	0.401277	-0.946426	0.010540	0.000971	-0.008164	-0.829346	-0.141113	0.533936	-0.094669	-0.736483	0.075039	-0.665582
07816		9.758154	0.379661	-0.944245	0.008327	-0.001337	-0.003347	-0.826660	-0.139160	0.537354	-0.094637	-0.736490	0.075043	-0.665579
07817		9.746239	0.372953	-0.968658	0.009359	-0.002332	-0.002708	-0.819336	-0.135742	0.538086	-0.094571	-0.736518	0.075025	-0.665559
07818		9.756318	0.403960	-0.927485	0.008082	-0.000777	-0.003294	-0.825928	-0.138916	0.531982	-0.094506	-0.736547	0.074989	-0.665540
07819		9.762196	0.408297	-0.915686	-0.006313	-0.000297	-0.002727	-0.834229	-0.136719	0.532715	-0.094597	-0.736527	0.075115	-0.665535
07820		9.758450	0.369006	-0.949534	-0.018816	0.000102	-0.000628	-0.826904	-0.136719	0.538818	-0.094765	-0.736477	0.075349	-0.665540
07821		9.758712	0.340433	-0.948630	-0.016581	-0.000122	-0.001771	-0.822998	-0.132080	0.530762	-0.094914	-0.736460	0.075534	-0.665517
07822		9.753049	0.308240	-0.959754	-0.005208	0.000058	-0.001889	-0.814209	-0.139160	0.534912	-0.094945	-0.736442	0.075619	-0.665523
07823		9.752303	0.305972	-0.950577	0.001450	-0.000824	-0.004002	-0.815674	-0.138672	0.537598	-0.094974	-0.736463	0.075657	-0.665491
07824		9.761022	0.322175	-0.976082	0.005134	-0.002441	-0.000479	-0.817627	-0.134766	0.534180	-0.094930	-0.736503	0.075688	-0.665450
07825		9.759053	0.329320	-0.953750	0.007198	-0.000757	-0.001366	-0.824463	-0.137207	0.533447	-0.094856	-0.736521	0.075682	-0.665441
07826		9.757098	0.336085	-0.931439	0.007541	-0.002503	0.002457	-0.829834	-0.132568	0.536133	-0.094760	-0.736538	0.075727	-0.665431
07827		9.753522	0.357004	-0.976496	0.005773	0.000172	0.001980	-0.822266	-0.138916	0.531006	-0.094650	-0.736530	0.075748	-0.665452
07828		9.744972	0.357295	-0.956412	0.009506	0.000367	-0.002308	-0.829346	-0.135742	0.535645	-0.094598	-0.736527	0.075749	-0.665464
07829		9.757736	0.383942	-0.946832	0.010857	0.000161	-0.001523	-0.824951	-0.133301	0.543701	-0.094494	-0.736527	0.075716	-0.665482
07830		9.758436	0.387191	-0.956125	0.006165	0.000237	-0.002007	-0.828125	-0.131836	0.536377	-0.094412	-0.736549	0.075683	-0.665473
07831		9.758948	0.374624	-0.959984	0.001670	0.003220	-0.003402	-0.821045	-0.139648	0.535400	-0.094388	-0.736519	0.075682	-0.665509
07832		9.751648	0.365638	-0.952665	-0.000320	0.002884	-0.002314	-0.826172	-0.133789	0.536377	-0.094428	-0.736496	0.075756	-0.665521
07833		9.744817	0.343239	-0.950012	-0.001105	-0.000354	-0.000840	-0.825195	-0.130371	0.534424	-0.094419	-0.736493	0.075817	-0.665519
07834		9.754367	0.316816	-0.978554	-0.000761	0.000539	-0.001349	-0.819336	-0.134521	0.535889	-0.094393	-0.736481	0.075855	-0.665531
07835		9.747259	0.323774	-0.976591	0.002456	0.002785	-0.002708	-0.821533	-0.138916	0.538330	-0.094379	-0.736467	0.075872	-0.665547
07836		9.752789	0.295351	-0.954158	0.010906	0.001407	-0.000667	-0.820312	-0.133301	0.537354	-0.094292	-0.736474	0.075857	-0.665553
07837		9.766010	0.353603	-0.954437	0.016898	0.000918	0.001913	-0.821045	-0.124512	0.541504	-0.094096	-0.736491	0.075789	-0.665570
07838		9.766712	0.400762	-0.969422	0.010413	0.000929	0.005939	-0.825684	-0.130859	0.546387	-0.093865	-0.736507	0.075752	-0.665589
07839		9.752832	0.382921	-0.965103	0.002234	0.002888	0.005355	-0.822510	-0.125732	0.538818	-0.093747	-0.736501	0.075801	-0.665607
07840		9.759875	0.359110	-0.960760	0.000417	0.004317	0.004021	-0.825195	-0.140625	0.534424	-0.093643	-0.736470	0.075844	-0.665651
07841		9.737459	0.342722	-0.935589	0.005035	0.005526	-0.000030	-0.825928	-0.135010	0.538818	-0.093632	-0.736419	0.075907	-0.665701
07842		9.754741	0.341694	-0.974290	-0.000172	0.006619	0.000248	-0.817139	-0.134766	0.532715	-0.093625	-0.736365	0.075970	-0.665755
07843		9.741380	0.312572	-0.973222	0.002310	0.004795	-0.003112	-0.827637	-0.138428	0.538574	-0.093635	-0.736331	0.075999	-0.665788
07844		9.766066	0.346944	-0.938540	0.004004	0.005483	-0.002836	-0.817871	-0.126709	0.540771	-0.093634	-0.736290	0.076021	-0.665830
07845		9.765965	0.330561	-0.932326	-0.011006	0.003928	0.005448	-0.825928	-0.132080	0.532227	-0.093631	-0.736260	0.076174	-0.665847
07846		9.754348	0.321568	-0.954733	-0.017077	0.007221	0.011326	-0.816650	-0.133057	0.542969	-0.093681	-0.736156	0.076481	-0.665919
07847		9.747486	0.280057	-0.945806	-0.010054	0.004698	0.012383	-0.821289	-0.133301	0.535156	-0.093649	-0.736121	0.076718	-0.665936
07848		9.745455	0.313673	-0.922882	0.000950	0.002842	0.011268	-0.824951	-0.129883	0.529053	-0.093536	-0.736089	0.076879	-0.665968
07849		9.766717	0.321160	-0.927720	0.002967	0.002243	0.007361	-0.826172	-0.130127	0.532227	-0.093426	-0.736049	0.076986	-0.666015
07850		9.740306	0.337937	-0.943535	-0.001996	0.003816	0.009747	-0.814697	-0.132812	0.531982	-0.093340	-0.735995	0.077150	-0.666069
07851		9.759409	0.336505	-0.920267	-0.001135	0.003692	0.008475	-0.816650	-0.131592	0.533936	-0.093280	-0.735959	0.077311	-0.666098
07852		9.747285	0.340977	-0.938635	-0.001915	0.006763	0.003447	-0.827148	-0.137451	0.532959	-0.093263	-0.735903	0.077417	-0.666149
07853		9.756266	0.311027	-0.956358	-0.002377	0.005913	-0.001432	-0.825439	-0.129150	0.535156	-0.093322	-0.735841	0.077520	-0.666198
07854		9.754193	0.302365	-0.927025	-0.002057	0.006701	-0.001286	-0.825439	-0.134033	0.542725	-0.093323	-0.735782	0.077567	-0.666257
07855		9.756294	0.295374	-0.948283	-0.001078	0.005498	0.000665	-0.821777	-0.128174	0.523682	-0.093316	-0.735750	0.077634	-0.666286
07856		9.769971	0.278905	-0.940500	-0.002972	0.007655	0.003460	-0.816650	-0.126221	0.527588	-0.093302	-0.735657	0.077754	-0.666377
07857		9.757351	0.251490	-0.948602	-0.004598	0.004645	0.005549	-0.816650	-0.131348	0.539795	-0.093267	-0.735603	0.077889	-0.666426
07858		9.772758	0.256117	-0.964761	0.000361	0.005145	0.007495	-0.823486	-0.125244	0.537842	-0.093183	-0.735576	0.078000	-0.666454
07859		9.744182	0.263938	-0.952347	0.005026	0.004959	0.008640	-0.828857	-0.130371	0.530273	-0.093011	-0.735542	0.078055	-0.666509
07860		9.749277	0.291720	-0.930913	0.007753	0.003612	0.007395	-0.820557	-0.131348	0.530762	-0.092866	-0.735498	0.078128	-0.666570
07861		9.742840	0.328877	-0.938501	0.003705	0.004234	0.005031	-0.821045	-0.125244	0.538330	-0.092789	-0.735459	0.078217	-0.666613
07862		9.767793	0.332253	-0.902901	-0.001644	0.006308	0.002734	-0.821777	-0.126953	0.531250	-0.092734	-0.735417	0.078275	-0.666660
07863		9.756659	0.311208	-0.929426	-0.009972	0.006619	0.003903	-0.820312	-0.131836	0.532959	-0.092769	-0.735344	0.078440	-0.666716
07864		9.751618	0.264253	-0.943249	-0.011180	0.005852	0.005681	-0.823486	-0.125488	0.537354	-0.092826	-0.735280	0.078655	-0.666754
07865		9.763105	0.283694	-0.913447	-0.007441	0.007076	0.003566	-0.831299	-0.128174	0.537842	-0.092821	-0.735220	0.078771	-0.666807
07866		9.749971	0.269793	-0.917407	-0.007591	0.004379	0.003166	-0.827637	-0.132080	0.541504	-0.092829	-0.735172	0.078903	-0.666843
07867		9.763101	0.266143	-0.905846	-0.005112	0.004627	0.004141	-0.824463	-0.131104	0.530029	-0.092827	-0.735137	0.079035	-0.666866
07868		9.757644	0.277687	-0.921611	-0.004009	0.004979	0.004982	-0.825684	-0.124023	0.532227	-0.092822	-0.735078	0.079189	-0.666913
07869		9.762427	0.290424	-0.895057	-0.005998	0.003611	0.003900	-0.828369	-0.133545	0.531738	-0.092798	-0.735035	0.079305	-0.666950
07870		9.756373	0.269801	-0.900959	-0.011231	0.004609	0.004821	-0.830811	-0.127930	0.531494	-0.092872	-0.734969	0.079528	-0.666986
07871		9.757441	0.242906	-0.908243	-0.009751	0.004921	0.002335	-0.823975	-0.130371	0.532227	-0.092918	-0.734903	0.079684	-0.667033
07872		9.759555	0.235173	-0.929928	-0.002683	0.003630	0.004261	-0.828857	-0.124023	0.532227	-0.092899	-0.734865	0.079812	-0.667063
07873		9.756421	0.251146	-0.892941	0.003846	0.002214	0.005439	-0.824951	-0.129883	0.533691	-0.092769	-0.734841	0.079862	-0.667102
07874		9.750751	0.292068	-0.910114	0.007592	0.002402	0.001163	-0.825439	-0.127197	0.533447	-0.092676	-0.734830	0.079873	-0.667125
07875		9.750809	0.292187	-0.909457	0.000283	0.003219	-0.002875	-0.826660	-0.126465	0.534180	-0.092671	-0.734808	0.079893	-0.667148
07876		9.761550	0.280974	-0.870433	-0.003843	0.003533	-0.003277	-0.829590	-0.126465	0.531494	-0.092700	-0.734779	0.079937	-0.667170
07877		9.764563	0.248536	-0.900648	-0.008485	0.004863	-0.002919	-0.828857	-0.127197	0.535400	-0.092774	-0.734724	0.080028	-0.667210
07878		9.763873	0.246002	-0.890397	-0.003975	0.003011	-0.000003	-0.827881	-0.126221	0.540039	-0.092777	-0.734696	0.080104	-0.667231
07879		9.752485	0.255123	-0.918637	0.004355	0.002697	-0.001162	-0.827637	-0.128662	0.535156	-0.092701	-0.734694	0.080083	-0.667246
07880		9.743822	0.255950	-0.898566	0.003271	-0.002261	-0.002656	-0.833496	-0.126221	0.530762	-0.092665	-0.734722	0.080090	-0.667219
07881		9.765258	0.282171	-0.909217	0.002777	-0.000105	-0.000386	-0.823242	-0.124023	0.534180	-0.092608	-0.734712	0.080118	-0.667235
07882		9.750757	0.278857	-0.900894	-0.003810	0.002138	0.001908	-0.826416	-0.126221	0.537842	-0.092581	-0.734696	0.080198	-0.667248
07883		9.745406	0.262149	-0.916568	-0.009551	0.002081	-0.000741	-0.821045	-0.125732	0.527344	-0.092634	-0.734679	0.080305	-0.667245
07884		9.764496	0.234278	-0.892615	-0.008778	0.004180	-0.003722	-0.821045	-0.124023	0.541504	-0.092725	-0.734633	0.080398	-0.667273
07885		9.752782	0.228568	-0.915874	-0.001083	0.001254	-0.007338	-0.825684	-0.132324	0.529053	-0.092736	-0.734656	0.080352	-0.667251
07886		9.761715	0.246457	-0.940584	0.001235	0.001340	-0.010437	-0.822510	-0.130371	0.530762	-0.092820	-0.734648	0.080335	-0.667250
07887		9.757913	0.279339	-0.899843	0.001752	0.000324	-0.011199	-0.826172	-0.131836	0.530518	-0.092890	-0.734659	0.080291	-0.667234
07888		9.784305	0.262465	-0.883362	0.004562	-0.001176	-0.006399	-0.833008	-0.124268	0.535156	-0.092900	-0.734674	0.080278	-0.667217
07889		9.765402	0.262030	-0.906189	0.001142	-0.002080	0.003865	-0.825684	-0.130127	0.530762	-0.092800	-0.734686	0.080337	-0.667211
07890		9.766200	0.263339	-0.915632	-0.003345	0.000446	0.010463	-0.827881	-0.126953	0.531006	-0.092734	-0.734663	0.080534	-0.667222
07891		9.752530	0.261088	-0.916479	-0.005105	0.002089	0.007814	-0.825928	-0.121094	0.531494	-0.092690	-0.734626	0.080703	-0.667249
07892		9.760534	0.255800	-0.926559	-0.001688	0.003562	0.007722	-0.828125	-0.125244	0.529053	-0.092584	-0.734585	0.080808	-0.667295
07893		9.757837	0.258091	-0.894017	0.002341	0.000760	0.006416	-0.822021	-0.124512	0.524902	-0.092478	-0.734565	0.080901	-0.667321
07894		9.743678	0.269766	-0.890528	0.003087	0.002754	0.004090	-0.828369	-0.134521	0.529297	-0.092393	-0.734530	0.080972	-0.667362
07895		9.745771	0.261997	-0.912713	0.002309	0.002156	0.001230	-0.830811	-0.130859	0.528320	-0.092387	-0.734502	0.081068	-0.667383
07896		9.759767	0.232474	-0.910174	0.004595	0.003172	0.000951	-0.832764	-0.130371	0.531250	-0.092344	-0.734464	0.081123	-0.667424
07897		9.769939	0.191816	-0.942243	0.010874	0.003352	0.004349	-0.825684	-0.129395	0.542969	-0.092206	-0.734432	0.081148	-0.667475
07898		9.748365	0.193946	-0.932111	0.015788	0.001566	0.003285	-0.828613	-0.123047	0.534424	-0.092010	-0.734457	0.081094	-0.667481
07899		9.763534	0.223602	-0.868804	0.016054	0.002146	0.004739	-0.824951	-0.123535	0.528320	-0.091779	-0.734455	0.081038	-0.667522
07900		9.767041	0.250343	-0.910293	0.008315	0.002794	0.005334	-0.827637	-0.128174	0.529785	-0.091631	-0.734429	0.081069	-0.667567
07901		9.768379	0.239476	-0.923020	-0.002279	0.003696	0.000274	-0.826660	-0.129395	0.538086	-0.091648	-0.734388	0.081165	-0.667598
07902		9.743105	0.203931	-0.946549	0.001581	0.003260	-0.008782	-0.825195	-0.123291	0.525146	-0.091699	-0.734383	0.081134	-0.667601
07903		9.746956	0.217029	-0.911078	0.012769	0.003152	-0.012289	-0.830078	-0.131348	0.531982	-0.091662	-0.734370	0.080972	-0.667639
07904		9.785716	0.240048	-0.879935	0.007624	0.001929	-0.009660	-0.815186	-0.127197	0.537109	-0.091682	-0.734366	0.080908	-0.667649
07905		9.771887	0.196528	-0.874239	-0.002939	0.007183	-0.007378	-0.822266	-0.123291	0.542725	-0.091759	-0.734335	0.080914	-0.667671
07906		9.753046	0.151873	-0.889348	-0.006490	0.005191	-0.004010	-0.829590	-0.128662	0.530762	-0.091805	-0.734318	0.080949	-0.667680
07907		9.763805	0.144897	-0.931708	0.012973	-0.001641	-0.001510	-0.826172	-0.126465	0.533447	-0.091689	-0.734340	0.080905	-0.667676
07908		9.755480	0.206947	-0.923020	0.019874	-0.002057	-0.001491	-0.825684	-0.121826	0.532471	-0.091496	-0.734385	0.080789	-0.667668
07909		9.750469	0.251596	-0.950574	0.009332	-0.001412	0.000143	-0.818115	-0.131348	0.533691	-0.091364	-0.734410	0.080755	-0.667663
07910		9.778377	0.234411	-0.871416	-0.003213	0.001432	-0.000820	-0.829834	-0.125488	0.525146	-0.091413	-0.734407	0.080863	-0.667646
07911		9.772558	0.231214	-0.882861	-0.006992	0.002636	-0.001734	-0.822754	-0.127197	0.528564	-0.091482	-0.734359	0.080978	-0.667675
07912		9.745417	0.173579	-0.883476	-0.002065	-0.001226	-0.007123	-0.828369	-0.127197	0.524658	-0.091554	-0.734371	0.081009	-0.667649
07913		9.755431	0.210545	-0.922724	0.004336	0.002012	-0.010680	-0.825195	-0.128662	0.532471	-0.091602	-0.734351	0.080956	-0.667671
07914		9.767384	0.236968	-0.903516	0.007445	0.000622	-0.015248	-0.829834	-0.125000	0.534668	-0.091656	-0.734371	0.080830	-0.667656
07915		9.747212	0.249778	-0.912246	0.008302	0.001536	-0.014355	-0.830322	-0.126465	0.532715	-0.091669	-0.734383	0.080679	-0.667659
07916		9.765749	0.283006	-0.890434	-0.002096	0.000161	-0.012315	-0.819580	-0.130859	0.545410	-0.091770	-0.734388	0.080645	-0.667644
07917		9.752156	0.256815	-0.890600	-0.007250	0.001465	-0.013365	-0.825684	-0.121094	0.530518	-0.091937	-0.734416	0.080645	-0.667590
07918		9.766639	0.263266	-0.898255	-0.005337	0.001488	-0.012482	-0.823975	-0.124756	0.530029	-0.092042	-0.734409	0.080609	-0.667588
07919		9.764015	0.286408	-0.870866	-0.004289	0.001634	-0.010330	-0.827881	-0.123535	0.532227	-0.092140	-0.734400	0.080603	-0.667586
07920		9.758088	0.330521	-0.888746	-0.018817	-0.003114	-0.006523	-0.826416	-0.127930	0.531982	-0.092322	-0.734409	0.080746	-0.667532
07921		9.748830	0.300768	-0.858606	-0.033215	0.002079	-0.006014	-0.827393	-0.122070	0.533203	-0.092661	-0.734359	0.081030	-0.667507
07922		9.765739	0.269847	-0.887496	-0.025206	0.005702	-0.007326	-0.828125	-0.128906	0.526123	-0.092903	-0.734292	0.081194	-0.667527
07923		9.771348	0.260026	-0.869506	-0.017577	0.001441	-0.011139	-0.826660	-0.134033	0.533203	-0.093149	-0.734256	0.081311	-0.667517
07924		9.775919	0.281335	-0.924892	-0.011630	-0.001331	-0.011558	-0.825195	-0.120605	0.532471	-0.093355	-0.734267	0.081388	-0.667467
07925		9.758681	0.300813	-0.890055	-0.014840	-0.001404	-0.006535	-0.827881	-0.133789	0.531982	-0.093476	-0.734273	0.081469	-0.667434
07926		9.752313	0.266494	-0.892136	-0.023181	-0.000073	-0.003220	-0.825195	-0.128174	0.535156	-0.093717	-0.734247	0.081715	-0.667399
07927		9.767625	0.274337	-0.908848	-0.033206	0.003214	-0.004526	-0.820557	-0.127930	0.531982	-0.094029	-0.734195	0.081993	-0.667378
07928		9.739994	0.214550	-0.899534	-0.030816	0.004658	-0.007430	-0.828857	-0.124756	0.530029	-0.094346	-0.734136	0.082225	-0.667370
07929		9.760130	0.208132	-0.889894	-0.019003	0.000312	-0.012147	-0.827148	-0.130615	0.532227	-0.094570	-0.734118	0.082304	-0.667348
07930		9.775603	0.233621	-0.911989	-0.009673	-0.000051	-0.009828	-0.821777	-0.129395	0.532959	-0.094716	-0.734118	0.082351	-0.667321
07931		9.779171	0.291704	-0.882997	-0.005777	-0.002339	-0.005688	-0.824463	-0.129883	0.532959	-0.094781	-0.734146	0.082398	-0.667276
07932		9.786715	0.318323	-0.894743	-0.014526	-0.001092	0.001611	-0.820557	-0.131836	0.537109	-0.094869	-0.734142	0.082585	-0.667245
07933		9.751111	0.304695	-0.881009	-0.031063	0.003219	0.006471	-0.828857	-0.133057	0.528076	-0.095076	-0.734090	0.082951	-0.667226
07934		9.770792	0.307675	-0.867051	-0.035335	0.000829	0.005648	-0.826904	-0.129639	0.526367	-0.095344	-0.734025	0.083368	-0.667208
07935		9.749137	0.310742	-0.857231	-0.033380	-0.001100	0.001536	-0.827881	-0.135986	0.532959	-0.095609	-0.733983	0.083719	-0.667173
07936		9.770218	0.320904	-0.862997	-0.033649	-0.005357	0.002228	-0.827637	-0.132324	0.530762	-0.095887	-0.733986	0.084099	-0.667081
07937		9.764110	0.301338	-0.870576	-0.049246	-0.000841	0.003843	-0.819580	-0.128906	0.535156	-0.096282	-0.733927	0.084603	-0.667025
07938		9.759711	0.242678	-0.890290	-0.055398	0.002707	0.002991	-0.822754	-0.133301	0.530518	-0.096719	-0.733853	0.085118	-0.666979
07939		9.753204	0.190810	-0.887517	-0.038509	-0.002231	0.003460	-0.833008	-0.130127	0.526123	-0.097018	-0.733825	0.085530	-0.666913
07940		9.751497	0.230364	-0.875204	-0.024775	-0.006545	-0.000366	-0.825439	-0.132812	0.528320	-0.097204	-0.733833	0.085789	-0.666844
07941		9.773267	0.244410	-0.890866	-0.029885	-0.005018	-0.002737	-0.830811	-0.136963	0.523438	-0.097470	-0.733837	0.086075	-0.666764
07942		9.753864	0.213159	-0.904560	-0.034430	-0.003262	-0.005012	-0.829834	-0.128906	0.529785	-0.097824	-0.733806	0.086404	-0.666703
07943		9.754279	0.201918	-0.909919	-0.015962	-0.005395	-0.005288	-0.823242	-0.135742	0.527588	-0.097954	-0.733832	0.086525	-0.666640
07944		9.755108	0.222685	-0.925298	-0.004136	-0.006551	-0.004137	-0.829834	-0.134521	0.527832	-0.098004	-0.733883	0.086596	-0.666568
07945		9.753388	0.217852	-0.908565	0.000646	-0.007325	-0.007762	-0.820068	-0.133545	0.541748	-0.098032	-0.733942	0.086589	-0.666499
07946		9.737910	0.213511	-0.892952	0.004979	-0.005740	-0.010412	-0.822266	-0.132568	0.532959	-0.098018	-0.734036	0.086485	-0.666411
07947		9.763708	0.209995	-0.873749	0.011032	-0.007052	-0.011281	-0.826416	-0.131348	0.527588	-0.097963	-0.734129	0.086339	-0.666336
07948		9.742025	0.237242	-0.951651	0.015136	-0.007468	-0.010214	-0.826416	-0.137695	0.526123	-0.097863	-0.734213	0.086175	-0.666279
07949		9.767463	0.262481	-0.932972	0.013751	-0.006345	-0.008180	-0.821533	-0.131836	0.532715	-0.097797	-0.734278	0.086076	-0.666230
07950		9.754807	0.253915	-0.949488	0.013134	-0.006791	-0.006968	-0.824707	-0.138672	0.539795	-0.097685	-0.734365	0.085950	-0.666167
07951		9.738976	0.277957	-0.934448	0.013329	-0.007567	-0.005715	-0.824219	-0.135498	0.527832	-0.097584	-0.734466	0.085854	-0.666082
07952		9.770639	0.276952	-0.903441	0.011808	-0.006471	-0.008419	-0.827881	-0.123047	0.528564	-0.097526	-0.734535	0.085757	-0.666027
07953		9.754833	0.301672	-0.887959	0.005559	-0.004386	-0.008801	-0.830566	-0.130859	0.537842	-0.097465	-0.734579	0.085645	-0.666002
07954		9.757086	0.267658	-0.911653	0.001332	-0.005538	-0.008766	-0.830811	-0.141846	0.535645	-0.097465	-0.734641	0.085587	-0.665941
07955		9.746328	0.236418	-0.945809	0.002975	-0.005068	-0.007167	-0.830078	-0.138428	0.525146	-0.097497	-0.734692	0.085586	-0.665881
07956		9.751994	0.241727	-0.935311	0.008736	-0.007054	-0.008850	-0.813477	-0.140869	0.529785	-0.097489	-0.734748	0.085533	-0.665827
07957		9.760423	0.243543	-0.957040	0.013799	-0.006122	-0.009503	-0.826660	-0.130859	0.530029	-0.097449	-0.734832	0.085431	-0.665754
07958		9.751570	0.245622	-0.938714	0.014268	-0.007348	-0.008961	-0.828613	-0.130615	0.533936	-0.097344	-0.734912	0.085284	-0.665699
07959		9.729673	0.250771	-0.930967	0.015967	-0.007683	-0.010848	-0.824707	-0.130371	0.528564	-0.097232	-0.735004	0.085097	-0.665638
07960		9.771435	0.256705	-0.938707	0.013974	-0.008028	-0.009772	-0.822021	-0.138916	0.537842	-0.097139	-0.735088	0.084948	-0.665577
07961		9.756532	0.239786	-0.927858	0.017176	-0.007922	-0.014802	-0.825195	-0.134521	0.537354	-0.097087	-0.735201	0.084748	-0.665486
07962		9.758316	0.236078	-0.952483	0.018938	-0.005885	-0.014311	-0.821045	-0.142090	0.534912	-0.096995	-0.735293	0.084515	-0.665427
07963		9.743110	0.265049	-0.946925	0.025390	-0.009758	-0.014858	-0.820557	-0.135254	0.531494	-0.096888	-0.735424	0.084271	-0.665329
07964		9.763152	0.274581	-0.945391	0.029829	-0.008240	-0.012134	-0.824707	-0.131592	0.524658	-0.096691	-0.735539	0.083990	-0.665266
07965		9.748397	0.273274	-0.939595	0.025846	-0.008930	-0.009976	-0.818115	-0.133057	0.525391	-0.096507	-0.735634	0.083761	-0.665217
07966		9.769177	0.285065	-0.947285	0.024444	-0.008938	-0.009459	-0.821289	-0.134521	0.537109	-0.096339	-0.735735	0.083555	-0.665155
07967		9.762998	0.283007	-0.961956	0.028137	-0.011583	-0.008105	-0.824707	-0.135986	0.528076	-0.096112	-0.735879	0.083317	-0.665058
