// Start Time: Unknown
// Update Rate: 40.0Hz
// Filter Profile: human (46.1)
// Firmware Version: 4.6.0
PacketCounter	SampleTimeFine	Acc_X	Acc_Y	Acc_Z	Gyr_X	Gyr_Y	Gyr_Z	Mag_X	Mag_Y	Mag_Z	Quat_q0	Quat_q1	Quat_q2	Quat_q3
07338		9.711921	0.778430	-0.467073	-0.010517	0.004197	-0.001198	-0.809082	0.093018	-0.338623	0.668882	-0.120881	-0.713695	-0.169185
07339		9.724439	0.792439	-0.488530	-0.008047	0.004522	-0.000553	-0.807373	0.087646	-0.335938	0.668909	-0.120934	-0.713641	-0.169268
07340		9.729193	0.777672	-0.481475	-0.010787	0.001483	-0.000713	-0.813477	0.089844	-0.339844	0.668902	-0.121009	-0.713610	-0.169375
07341		9.729390	0.752716	-0.495855	-0.005709	0.002887	0.000168	-0.807129	0.087646	-0.346924	0.668919	-0.121052	-0.713574	-0.169429
07342		9.734095	0.754005	-0.478463	0.001554	0.006722	0.003514	-0.805908	0.086426	-0.342773	0.668987	-0.121058	-0.713518	-0.169393
07343		9.716173	0.815792	-0.448982	-0.000095	0.005803	0.004836	-0.808105	0.093018	-0.338135	0.669046	-0.121093	-0.713464	-0.169358
07344		9.716410	0.797982	-0.458344	-0.017388	-0.001587	0.004737	-0.804688	0.092041	-0.354248	0.669014	-0.121284	-0.713435	-0.169471
07345		9.738629	0.755435	-0.483478	-0.015408	0.001974	0.005523	-0.804443	0.096924	-0.333984	0.669018	-0.121456	-0.713379	-0.169568
07346		9.716353	0.773612	-0.496310	-0.000219	0.000827	0.004076	-0.810791	0.095215	-0.329834	0.669030	-0.121493	-0.713369	-0.169536
07347		9.734062	0.777177	-0.482998	0.006230	0.008570	0.000539	-0.809814	0.100098	-0.348633	0.669108	-0.121430	-0.713319	-0.169486
07348		9.716814	0.795182	-0.454620	-0.004824	0.006137	-0.000028	-0.811523	0.101074	-0.333740	0.669146	-0.121459	-0.713266	-0.169536
07349		9.716524	0.781865	-0.486962	-0.008589	0.004823	-0.003839	-0.801758	0.094727	-0.343994	0.669155	-0.121487	-0.713225	-0.169652
07350		9.730108	0.757294	-0.481218	-0.001647	0.003000	-0.003432	-0.814941	0.088867	-0.342285	0.669162	-0.121457	-0.713212	-0.169702
07351		9.717552	0.744618	-0.457760	-0.000613	0.003386	-0.005039	-0.803955	0.082764	-0.343994	0.669160	-0.121403	-0.713211	-0.169753
07352		9.726403	0.735614	-0.457679	0.000821	0.009052	-0.007035	-0.806641	0.089111	-0.340332	0.669218	-0.121302	-0.713160	-0.169810
07353		9.721219	0.755320	-0.485586	0.006804	0.007674	-0.008018	-0.811035	0.098633	-0.334473	0.669269	-0.121164	-0.713136	-0.169813
07354		9.721031	0.773878	-0.473723	0.012022	0.008627	-0.007876	-0.804688	0.092529	-0.346924	0.669322	-0.121009	-0.713124	-0.169763
07355		9.711597	0.797228	-0.489438	0.017589	0.006795	-0.007130	-0.809814	0.099854	-0.339600	0.669390	-0.120795	-0.713121	-0.169657
07356		9.724920	0.806347	-0.463051	0.009053	0.008224	-0.003463	-0.805664	0.089844	-0.343506	0.669444	-0.120709	-0.713100	-0.169597
07357		9.716521	0.806317	-0.441081	0.002458	0.007861	-0.003105	-0.800049	0.088379	-0.338623	0.669495	-0.120638	-0.713062	-0.169602
07358		9.724904	0.816007	-0.454503	-0.004548	0.005836	-0.001353	-0.809814	0.088867	-0.342041	0.669523	-0.120634	-0.713023	-0.169658
07359		9.734412	0.786188	-0.440537	-0.002084	0.007367	-0.000371	-0.807617	0.095215	-0.345703	0.669559	-0.120615	-0.712985	-0.169692
07360		9.734057	0.797227	-0.457131	0.004081	0.010290	0.001834	-0.808350	0.094238	-0.348389	0.669656	-0.120584	-0.712909	-0.169653
07361		9.716413	0.817668	-0.451713	0.006823	0.012126	0.001665	-0.804688	0.091797	-0.346680	0.669778	-0.120515	-0.712818	-0.169597
07362		9.733755	0.824396	-0.460533	0.014318	0.011518	-0.000054	-0.802246	0.101318	-0.340088	0.669905	-0.120351	-0.712752	-0.169493
07363		9.711483	0.843794	-0.471665	0.004307	0.008859	-0.002409	-0.804443	0.093994	-0.337891	0.669971	-0.120328	-0.712695	-0.169488
07364		9.724969	0.835579	-0.455333	-0.006530	0.003480	-0.001812	-0.812988	0.098877	-0.338623	0.669947	-0.120360	-0.712690	-0.169579
07365		9.729852	0.804460	-0.458047	-0.005500	0.005072	-0.003084	-0.804688	0.087158	-0.347900	0.669915	-0.120408	-0.712689	-0.169678
07366		9.743852	0.776793	-0.428016	0.001564	0.007025	-0.002240	-0.812500	0.087646	-0.344727	0.669979	-0.120277	-0.712641	-0.169716
07367		9.713188	0.787053	-0.424316	0.008342	0.010484	0.000257	-0.812256	0.090576	-0.342285	0.670051	-0.120120	-0.712610	-0.169678
07368		9.730673	0.807868	-0.399784	0.009583	0.009139	0.000166	-0.802490	0.096191	-0.346436	0.670102	-0.119992	-0.712596	-0.169624
07369		9.712992	0.797538	-0.438972	0.011974	0.008035	0.003649	-0.812988	0.094971	-0.347656	0.670222	-0.119925	-0.712522	-0.169506
07370		9.717435	0.823039	-0.406406	0.005173	0.004278	0.006907	-0.802979	0.098877	-0.340576	0.670272	-0.119933	-0.712494	-0.169421
07371		9.722321	0.806592	-0.398849	-0.002589	0.007293	0.004681	-0.812256	0.087891	-0.345703	0.670328	-0.120052	-0.712421	-0.169426
07372		9.735749	0.782907	-0.416158	-0.003816	0.005622	0.003939	-0.807617	0.091064	-0.345947	0.670360	-0.120023	-0.712386	-0.169461
07373		9.736283	0.740485	-0.439952	0.004102	0.004865	0.000334	-0.804443	0.091309	-0.350830	0.670414	-0.119937	-0.712354	-0.169446
07374		9.736375	0.739893	-0.438918	0.011091	0.004784	0.003849	-0.806152	0.091797	-0.338379	0.670537	-0.119815	-0.712287	-0.169326
07375		9.741467	0.729046	-0.402787	0.016496	0.007025	0.006349	-0.801270	0.100586	-0.346191	0.670581	-0.119732	-0.712302	-0.169150
07376		9.723538	0.751225	-0.422102	0.018895	0.009837	0.005076	-0.808105	0.093750	-0.347412	0.670748	-0.119711	-0.712199	-0.168935
07377		9.731823	0.761778	-0.459160	0.015677	0.007620	0.004380	-0.804199	0.092285	-0.340332	0.670862	-0.119609	-0.712149	-0.168766
07378		9.723603	0.751130	-0.442424	0.015110	0.008224	0.007015	-0.806885	0.089355	-0.350098	0.670931	-0.119546	-0.712138	-0.168583
07379		9.728210	0.759647	-0.420037	0.012662	0.003673	0.005200	-0.808594	0.091064	-0.344238	0.671030	-0.119406	-0.712104	-0.168431
07380		9.728367	0.758172	-0.419050	0.010040	0.006215	0.005953	-0.804443	0.090576	-0.345215	0.671081	-0.119347	-0.712097	-0.168301
07381		9.729020	0.737089	-0.403691	0.014153	0.008666	0.005620	-0.799072	0.090576	-0.343018	0.671188	-0.119234	-0.712053	-0.168137
07382		9.737070	0.772817	-0.425995	0.013826	0.006623	0.003684	-0.805908	0.085938	-0.345947	0.671276	-0.119126	-0.712024	-0.167988
07383		9.711143	0.767260	-0.416607	0.008069	0.008373	0.000904	-0.811523	0.091309	-0.349609	0.671353	-0.118932	-0.711997	-0.167927
07384		9.728425	0.774330	-0.427008	0.003168	0.001079	-0.002225	-0.808838	0.089355	-0.349609	0.671367	-0.118851	-0.712002	-0.167913
07385		9.733534	0.740467	-0.406209	0.000484	0.005500	-0.003568	-0.803711	0.090820	-0.344238	0.671425	-0.118735	-0.711959	-0.167944
07386		9.738384	0.709313	-0.408821	0.005903	0.004122	-0.002060	-0.812256	0.087891	-0.344727	0.671446	-0.118659	-0.711959	-0.167913
07387		9.716037	0.737016	-0.416506	0.014536	0.004964	0.000145	-0.810059	0.095947	-0.345459	0.671445	-0.118473	-0.712018	-0.167800
07388		9.728421	0.783688	-0.418307	0.023168	0.005807	0.002351	-0.799316	0.087891	-0.340576	0.671499	-0.118395	-0.712034	-0.167566
07389		9.719373	0.840750	-0.362768	0.012519	0.002324	0.005450	-0.805420	0.092773	-0.350586	0.671503	-0.118305	-0.712081	-0.167415
07390		9.719463	0.817245	-0.401388	-0.009141	-0.001509	0.002687	-0.806396	0.091553	-0.341553	0.671536	-0.118416	-0.712022	-0.167454
07391		9.733163	0.782752	-0.401395	-0.011756	-0.000174	0.003105	-0.804199	0.093750	-0.342773	0.671448	-0.118581	-0.712058	-0.167540
07392		9.728629	0.788751	-0.412709	-0.003923	-0.001763	0.002513	-0.806885	0.096191	-0.345215	0.671391	-0.118715	-0.712087	-0.167550
07393		9.719486	0.801612	-0.435409	-0.002130	-0.000696	0.000620	-0.801270	0.087402	-0.340332	0.671361	-0.118852	-0.712090	-0.167558
07394		9.732611	0.818199	-0.405383	-0.003569	0.001774	-0.000978	-0.805176	0.088623	-0.341064	0.671308	-0.118791	-0.712138	-0.167608
07395		9.732302	0.821530	-0.428902	-0.006360	-0.000598	-0.003567	-0.808350	0.096680	-0.340332	0.671211	-0.118766	-0.712212	-0.167706
07396		9.728012	0.817682	-0.421568	-0.012890	-0.002838	-0.001133	-0.804932	0.098145	-0.337402	0.671063	-0.119037	-0.712274	-0.167841
07397		9.732924	0.777712	-0.430333	-0.019637	-0.000330	0.000612	-0.805176	0.094727	-0.341797	0.670915	-0.119426	-0.712305	-0.168026
07398		9.742714	0.728152	-0.403960	-0.019156	-0.001756	0.000978	-0.800537	0.091309	-0.346191	0.670820	-0.119681	-0.712311	-0.168194
07399		9.747423	0.690127	-0.436326	-0.000994	0.001360	0.004693	-0.807373	0.093994	-0.335938	0.670887	-0.119679	-0.712257	-0.168161
07400		9.751610	0.709910	-0.433302	0.012848	0.004358	0.007388	-0.810059	0.092041	-0.342773	0.670807	-0.119724	-0.712362	-0.168000
07401		9.733870	0.745405	-0.419763	0.010287	0.005022	0.010232	-0.801270	0.086426	-0.349609	0.670820	-0.119714	-0.712391	-0.167831
07402		9.715894	0.783508	-0.430018	0.010573	0.004116	0.008749	-0.809082	0.098389	-0.349365	0.670986	-0.119473	-0.712319	-0.167646
07403		9.729596	0.763751	-0.419324	0.004510	0.003471	0.012377	-0.797852	0.095703	-0.342529	0.671084	-0.119675	-0.712225	-0.167510
07404		9.743191	0.752467	-0.403834	-0.001228	0.001600	0.008600	-0.796875	0.093994	-0.346924	0.671119	-0.119852	-0.712177	-0.167447
07405		9.734288	0.755702	-0.430606	0.001127	0.003870	0.004570	-0.809082	0.086426	-0.346680	0.671243	-0.119880	-0.712068	-0.167394
07406		9.739134	0.731271	-0.428305	0.006005	0.005191	0.003455	-0.809570	0.084229	-0.342285	0.671288	-0.119638	-0.712086	-0.167314
07407		9.722242	0.720543	-0.391974	0.003731	0.004950	0.004815	-0.806152	0.093994	-0.347900	0.671256	-0.119406	-0.712170	-0.167248
07408		9.739165	0.754148	-0.411329	-0.001760	0.002492	0.005477	-0.807373	0.099854	-0.348633	0.671312	-0.119475	-0.712114	-0.167214
07409		9.726935	0.720498	-0.373860	-0.008041	0.005136	-0.000432	-0.814209	0.091797	-0.342529	0.671373	-0.119696	-0.712000	-0.167291
07410		9.731357	0.708243	-0.390616	-0.005360	0.000109	0.000748	-0.811523	0.097656	-0.342529	0.671250	-0.119732	-0.712098	-0.167344
07411		9.726965	0.698060	-0.411585	-0.005081	0.001013	-0.000238	-0.802734	0.088135	-0.350098	0.671160	-0.119918	-0.712138	-0.167400
07412		9.726761	0.723020	-0.396308	0.000187	0.001291	0.002347	-0.792480	0.097412	-0.343262	0.671260	-0.119750	-0.712081	-0.167364
07413		9.744187	0.720870	-0.412217	0.002030	0.002893	0.003211	-0.802246	0.094482	-0.346680	0.671346	-0.119886	-0.711989	-0.167310
07414		9.735606	0.705578	-0.425474	0.002940	0.000708	0.001519	-0.802979	0.096191	-0.345703	0.671392	-0.119893	-0.711956	-0.167262
07415		9.726674	0.724125	-0.419352	0.001575	-0.001718	0.001187	-0.802979	0.095703	-0.339844	0.671394	-0.119970	-0.711950	-0.167228
07416		9.744213	0.727939	-0.407126	-0.005645	0.000413	0.002065	-0.806152	0.095215	-0.348389	0.671315	-0.120135	-0.711989	-0.167259
07417		9.739956	0.731105	-0.394436	-0.002226	0.000296	0.004116	-0.799072	0.092041	-0.348145	0.671356	-0.120215	-0.711942	-0.167238
07418		9.726835	0.722015	-0.419263	0.006217	0.000440	0.004146	-0.809814	0.092285	-0.345703	0.671453	-0.120126	-0.711890	-0.167132
07419		9.722183	0.744648	-0.420688	0.006030	-0.000851	0.001800	-0.805908	0.095703	-0.346924	0.671421	-0.120052	-0.711949	-0.167060
07420		9.735159	0.755116	-0.419891	0.003705	-0.001024	0.000569	-0.811768	0.097900	-0.344238	0.671429	-0.120074	-0.711949	-0.167013
07421		9.735239	0.769165	-0.386444	-0.001229	-0.001068	-0.000576	-0.806396	0.081543	-0.351074	0.671350	-0.120205	-0.711999	-0.167028
07422		9.730889	0.750947	-0.412374	-0.008504	0.002339	-0.001958	-0.805420	0.083984	-0.345947	0.671416	-0.119885	-0.711968	-0.167120
07423		9.735422	0.722097	-0.439606	-0.004121	-0.001238	0.000661	-0.804443	0.089355	-0.343750	0.671392	-0.119672	-0.712020	-0.167150
07424		9.735425	0.721782	-0.440075	0.003287	-0.002683	0.001964	-0.805420	0.089844	-0.339355	0.671346	-0.119579	-0.712090	-0.167102
07425		9.730824	0.758783	-0.408225	0.008025	-0.001515	0.001426	-0.802734	0.104736	-0.347656	0.671245	-0.119495	-0.712216	-0.167034
07426		9.730631	0.783490	-0.393565	-0.003174	-0.000470	0.002389	-0.799561	0.095215	-0.345459	0.671295	-0.119832	-0.712114	-0.167022
07427		9.730826	0.766080	-0.403519	-0.008534	-0.000360	0.003137	-0.804199	0.091309	-0.345215	0.671321	-0.119973	-0.712058	-0.167057
07428		9.730935	0.734394	-0.447256	-0.009572	-0.001344	0.004576	-0.811035	0.097412	-0.343262	0.671302	-0.120033	-0.712057	-0.167097
07429		9.727042	0.718057	-0.421240	-0.009001	-0.002554	0.001776	-0.802246	0.098145	-0.346924	0.671198	-0.120244	-0.712103	-0.167166
07430		9.722418	0.732817	-0.427917	-0.008860	-0.002404	0.001200	-0.797119	0.099365	-0.346436	0.671209	-0.120428	-0.712049	-0.167219
07431		9.722565	0.715747	-0.438194	-0.003031	-0.000924	0.001647	-0.809570	0.093750	-0.349854	0.671268	-0.120590	-0.711967	-0.167213
07432		9.744649	0.713239	-0.414565	0.003646	0.001458	-0.001359	-0.808838	0.097168	-0.343994	0.671315	-0.120502	-0.711942	-0.167193
07433		9.722383	0.740673	-0.423089	0.008495	0.000074	0.002620	-0.805664	0.094971	-0.341797	0.671290	-0.120536	-0.711984	-0.167094
07434		9.717667	0.771677	-0.419766	0.004237	-0.002521	0.003525	-0.801514	0.098389	-0.348145	0.671225	-0.120572	-0.712056	-0.167020
07435		9.739800	0.768108	-0.396975	-0.009370	-0.004279	0.005763	-0.810059	0.096924	-0.334961	0.671247	-0.120790	-0.711994	-0.167037
07436		9.726990	0.739533	-0.409222	-0.016146	-0.007127	0.003423	-0.800049	0.105225	-0.344482	0.670995	-0.121081	-0.712157	-0.167142
07437		9.740275	0.707869	-0.434188	-0.007764	-0.003900	0.001689	-0.808838	0.092773	-0.343750	0.670983	-0.121429	-0.712100	-0.167186
07438		9.744190	0.723085	-0.461421	-0.002826	-0.004464	0.002667	-0.806885	0.091797	-0.346680	0.670907	-0.121423	-0.712173	-0.167181
07439		9.731342	0.725897	-0.429542	-0.002268	-0.002051	0.000862	-0.805664	0.100586	-0.347412	0.670902	-0.121355	-0.712188	-0.167190
07440		9.731247	0.734334	-0.425202	-0.000605	-0.003552	-0.001119	-0.801514	0.095459	-0.341797	0.670903	-0.121474	-0.712165	-0.167198
07441		9.722124	0.739702	-0.453318	-0.002794	-0.002365	-0.002592	-0.802002	0.100342	-0.341797	0.670858	-0.121486	-0.712198	-0.167230
07442		9.730663	0.763409	-0.435135	-0.000804	-0.001823	-0.002636	-0.806885	0.095947	-0.341064	0.670820	-0.121602	-0.712209	-0.167248
07443		9.727019	0.706315	-0.433866	-0.012009	0.000435	-0.001333	-0.805664	0.095703	-0.342773	0.670750	-0.121711	-0.712230	-0.167360
07444		9.748881	0.698793	-0.438910	-0.009871	-0.000683	-0.002451	-0.804688	0.086914	-0.344971	0.670702	-0.121779	-0.712240	-0.167463
07445		9.730998	0.706284	-0.469794	0.004261	0.001990	-0.001072	-0.810547	0.097900	-0.349854	0.670734	-0.121509	-0.712264	-0.167427
07446		9.718099	0.717888	-0.432094	0.007690	-0.000545	0.000313	-0.809814	0.095703	-0.344238	0.670781	-0.121486	-0.712239	-0.167359
07447		9.717591	0.753990	-0.436080	0.002946	-0.000503	0.001186	-0.813965	0.105713	-0.353760	0.670755	-0.121484	-0.712273	-0.167323
07448		9.730911	0.753365	-0.416103	-0.003373	0.001259	0.000874	-0.802490	0.092529	-0.348389	0.670835	-0.121717	-0.712150	-0.167352
07449		9.735313	0.740624	-0.433617	-0.007437	-0.001857	0.003628	-0.798584	0.101807	-0.346436	0.670874	-0.121735	-0.712102	-0.167390
07450		9.726672	0.733189	-0.442152	-0.007257	0.001846	0.006641	-0.811279	0.095703	-0.349609	0.670958	-0.121971	-0.711984	-0.167384
07451		9.726833	0.723511	-0.447080	-0.005727	-0.002219	0.004569	-0.807861	0.097168	-0.350342	0.670961	-0.122048	-0.711962	-0.167408
07452		9.740241	0.714017	-0.432243	-0.004889	0.001100	0.001781	-0.807861	0.097656	-0.351318	0.671018	-0.122110	-0.711889	-0.167448
07453		9.718364	0.722012	-0.426847	-0.004460	-0.000259	-0.000445	-0.810547	0.092041	-0.349365	0.671068	-0.122157	-0.711820	-0.167502
07454		9.727074	0.728541	-0.418334	-0.006307	-0.001858	-0.001310	-0.810059	0.097900	-0.342285	0.671054	-0.122117	-0.711819	-0.167596
07455		9.727112	0.720253	-0.423681	-0.011474	-0.002267	0.001290	-0.804443	0.093994	-0.343262	0.670963	-0.122269	-0.711859	-0.167675
07456		9.727205	0.703714	-0.433904	-0.013240	-0.001230	-0.002075	-0.798828	0.099854	-0.339355	0.670911	-0.122323	-0.711867	-0.167810
07457		9.740643	0.678676	-0.429140	-0.009538	-0.001050	-0.001177	-0.802002	0.097412	-0.344482	0.670862	-0.122468	-0.711874	-0.167872
07458		9.727189	0.696236	-0.439160	-0.004316	-0.001315	-0.001353	-0.805664	0.106201	-0.347412	0.670858	-0.122508	-0.711863	-0.167909
07459		9.727055	0.713136	-0.429218	-0.003369	0.000052	0.000542	-0.807129	0.098633	-0.346436	0.670894	-0.122712	-0.711793	-0.167907
07460		9.726988	0.721628	-0.424197	-0.010914	-0.001059	-0.000845	-0.803955	0.090088	-0.341553	0.670878	-0.122828	-0.711765	-0.168007
07461		9.740298	0.682358	-0.453330	-0.011194	-0.001965	0.000139	-0.805908	0.085938	-0.341553	0.670808	-0.122807	-0.711810	-0.168112
07462		9.731699	0.689909	-0.428575	-0.005021	-0.002070	0.001524	-0.809082	0.096436	-0.336182	0.670737	-0.122674	-0.711887	-0.168164
07463		9.744674	0.700591	-0.427633	0.000758	0.000080	-0.000454	-0.807617	0.102051	-0.338623	0.670627	-0.122689	-0.711991	-0.168156
07464		9.731516	0.715066	-0.413596	-0.001096	0.000897	-0.000652	-0.807861	0.094971	-0.340088	0.670564	-0.122811	-0.712030	-0.168154
07465		9.722426	0.720325	-0.441056	-0.006309	-0.001856	-0.001310	-0.800781	0.095703	-0.344482	0.670477	-0.122834	-0.712092	-0.168216
07466		9.727055	0.697525	-0.440079	-0.007741	-0.000586	-0.003235	-0.803467	0.098633	-0.344971	0.670483	-0.122843	-0.712065	-0.168300
07467		9.748802	0.698860	-0.440540	-0.004224	-0.002296	-0.004854	-0.806152	0.096191	-0.338623	0.670470	-0.122869	-0.712059	-0.168363
07468		9.726500	0.719055	-0.454299	0.001801	-0.000140	-0.002225	-0.807373	0.095947	-0.344971	0.670406	-0.122841	-0.712125	-0.168358
07469		9.722099	0.731864	-0.436714	-0.001287	0.000215	-0.002834	-0.797363	0.096924	-0.337158	0.670403	-0.122809	-0.712125	-0.168392
07470		9.726923	0.714833	-0.407043	-0.008351	-0.002929	-0.004025	-0.801758	0.087891	-0.341797	0.670325	-0.122870	-0.712168	-0.168474
07471		9.730837	0.715148	-0.443685	-0.009168	-0.001126	-0.005660	-0.802979	0.090332	-0.336670	0.670284	-0.122729	-0.712203	-0.168592
07472		9.722149	0.685679	-0.467541	-0.003101	-0.000480	-0.009290	-0.798096	0.101562	-0.346436	0.670191	-0.122583	-0.712293	-0.168693
07473		9.739801	0.689221	-0.431443	0.002876	0.000545	-0.009587	-0.800293	0.094727	-0.342773	0.670254	-0.122552	-0.712232	-0.168722
07474		9.726143	0.716925	-0.436087	0.006577	0.001327	-0.008522	-0.800049	0.100098	-0.340088	0.670275	-0.122388	-0.712240	-0.168720
07475		9.725932	0.727178	-0.431121	0.000941	-0.001279	-0.007287	-0.807373	0.094971	-0.345947	0.670241	-0.122412	-0.712259	-0.168757
07476		9.730571	0.697199	-0.435332	-0.009500	-0.001962	-0.007267	-0.802246	0.099365	-0.339111	0.670211	-0.122405	-0.712257	-0.168891
07477		9.730098	0.702618	-0.459319	-0.006857	-0.001189	-0.012944	-0.806641	0.103516	-0.343018	0.670134	-0.122438	-0.712286	-0.169049
07478		9.756369	0.690966	-0.453278	0.004192	0.001840	-0.012174	-0.804199	0.099365	-0.353516	0.670126	-0.122446	-0.712278	-0.169111
07479		9.733849	0.721450	-0.461090	0.006792	0.004124	-0.011594	-0.806885	0.093506	-0.343994	0.670261	-0.122313	-0.712166	-0.169143
07480		9.733874	0.729606	-0.431823	-0.000831	0.000367	-0.010483	-0.808594	0.093018	-0.342285	0.670236	-0.122194	-0.712188	-0.169233
07481		9.724819	0.742252	-0.430525	-0.001671	-0.001147	-0.007198	-0.808838	0.090088	-0.340088	0.670178	-0.122119	-0.712239	-0.169304
07482		9.725070	0.732431	-0.411926	-0.006226	-0.000431	-0.004141	-0.802246	0.099609	-0.349365	0.670103	-0.122066	-0.712298	-0.169393
07483		9.724972	0.733566	-0.412224	-0.005597	-0.002914	-0.004689	-0.803467	0.094971	-0.345215	0.670137	-0.122137	-0.712238	-0.169457
07484		9.733395	0.735378	-0.432810	0.000095	-0.001583	-0.003668	-0.806152	0.095947	-0.337891	0.670143	-0.122102	-0.712236	-0.169470
07485		9.732552	0.758909	-0.470747	0.005602	-0.002139	-0.005164	-0.799805	0.094238	-0.346924	0.670063	-0.122057	-0.712322	-0.169452
07486		9.728039	0.772370	-0.453604	0.005877	-0.000628	-0.005980	-0.800781	0.098145	-0.344727	0.670116	-0.121929	-0.712300	-0.169428
07487		9.723150	0.789763	-0.460203	0.008950	-0.001809	-0.014052	-0.799072	0.092285	-0.337158	0.670121	-0.121786	-0.712317	-0.169443
07488		9.722630	0.810271	-0.450767	0.011786	-0.001557	-0.017882	-0.804932	0.095947	-0.342285	0.670054	-0.121514	-0.712420	-0.169467
07489		9.731051	0.812388	-0.447924	0.009043	-0.003391	-0.017719	-0.802979	0.083252	-0.343506	0.669993	-0.121332	-0.712496	-0.169519
07490		9.734975	0.812869	-0.461041	-0.003127	-0.000715	-0.017801	-0.807129	0.092041	-0.339844	0.669954	-0.121018	-0.712548	-0.169682
07491		9.730635	0.795609	-0.463502	-0.008918	0.000136	-0.014987	-0.808594	0.084961	-0.345703	0.669868	-0.120963	-0.712590	-0.169886
07492		9.739539	0.764056	-0.479995	-0.007867	-0.001890	-0.017260	-0.804199	0.089355	-0.341553	0.669810	-0.120739	-0.712633	-0.170092
07493		9.712908	0.780275	-0.462733	-0.004349	-0.003588	-0.018879	-0.801025	0.084229	-0.350586	0.669720	-0.120573	-0.712702	-0.170274
07494		9.721655	0.779647	-0.435866	-0.006160	-0.001645	-0.016152	-0.803467	0.092773	-0.336914	0.669755	-0.120303	-0.712679	-0.170427
07495		9.729854	0.784394	-0.455848	-0.001438	0.001950	-0.016024	-0.800537	0.088867	-0.342773	0.669683	-0.120228	-0.712722	-0.170579
07496		9.733968	0.798116	-0.434057	0.005966	0.002933	-0.014064	-0.809570	0.092529	-0.343994	0.669708	-0.120001	-0.712725	-0.170628
07497		9.737268	0.833610	-0.449913	0.004378	0.000729	-0.010493	-0.803467	0.095947	-0.343506	0.669690	-0.119900	-0.712748	-0.170672
07498		9.714300	0.880360	-0.448251	-0.003589	-0.000263	-0.009984	-0.812500	0.093018	-0.341797	0.669677	-0.119926	-0.712733	-0.170769
07499		9.715172	0.829315	-0.454736	-0.011021	-0.001553	-0.006189	-0.798096	0.074951	-0.346924	0.669591	-0.120026	-0.712760	-0.170922
07500		9.725090	0.781153	-0.429233	-0.006822	-0.003995	-0.005265	-0.804199	0.091309	-0.338379	0.669598	-0.119752	-0.712784	-0.170989
07501		9.729439	0.769851	-0.447477	0.008123	-0.001265	-0.001754	-0.808105	0.087402	-0.338379	0.669556	-0.119718	-0.712843	-0.170932
07502		9.724159	0.818570	-0.433452	0.022654	0.004328	-0.001436	-0.810059	0.083008	-0.342773	0.669568	-0.119497	-0.712910	-0.170759
07503		9.718872	0.852969	-0.453028	0.020592	0.001742	0.001272	-0.799316	0.089111	-0.342041	0.669593	-0.119229	-0.712977	-0.170568
07504		9.723374	0.840215	-0.470558	0.006028	0.000974	0.002292	-0.807617	0.082031	-0.345947	0.669633	-0.119185	-0.712969	-0.170475
07505		9.719100	0.843325	-0.458284	-0.000206	-0.002792	0.003073	-0.803711	0.092773	-0.342041	0.669631	-0.119079	-0.713000	-0.170429
07506		9.719693	0.822890	-0.445428	-0.000476	-0.004303	0.003890	-0.806396	0.089111	-0.345947	0.669600	-0.119183	-0.713023	-0.170384
07507		9.729335	0.783612	-0.439405	-0.002453	-0.006663	0.003433	-0.806152	0.086426	-0.342529	0.669570	-0.119218	-0.713054	-0.170346
07508		9.725256	0.770159	-0.438029	0.000974	-0.002854	0.000726	-0.801270	0.090820	-0.342285	0.669540	-0.119174	-0.713095	-0.170320
07509		9.733422	0.795391	-0.443610	0.006715	-0.000980	0.004501	-0.799561	0.079834	-0.343262	0.669566	-0.119172	-0.713100	-0.170202
07510		9.707491	0.789131	-0.436034	0.004713	0.000280	0.005046	-0.805908	0.089844	-0.343262	0.669612	-0.119005	-0.713110	-0.170091
07511		9.711890	0.784039	-0.448990	-0.007358	-0.003775	0.005720	-0.801514	0.096191	-0.345459	0.669583	-0.119124	-0.713118	-0.170090
07512		9.716974	0.750531	-0.453692	-0.016782	-0.005008	0.009729	-0.804199	0.090820	-0.338623	0.669582	-0.119428	-0.713063	-0.170113
07513		9.748205	0.713419	-0.471146	-0.011768	-0.003520	0.008036	-0.801514	0.088379	-0.338379	0.669517	-0.119644	-0.713079	-0.170151
07514		9.739382	0.721873	-0.470506	0.002378	-0.003217	0.008738	-0.803223	0.090088	-0.347412	0.669487	-0.119699	-0.713122	-0.170050
07515		9.726193	0.742231	-0.451717	0.004477	0.002310	0.009455	-0.805176	0.094727	-0.333740	0.669592	-0.119687	-0.713062	-0.169892
07516		9.721517	0.763577	-0.452629	0.000309	-0.000071	0.007195	-0.810059	0.097656	-0.348145	0.669526	-0.119878	-0.713100	-0.169860
07517		9.711993	0.786135	-0.493862	-0.001482	-0.001145	0.009087	-0.806396	0.091553	-0.347656	0.669571	-0.120041	-0.713052	-0.169769
07518		9.721481	0.762509	-0.476881	-0.005040	-0.002388	0.007282	-0.803955	0.093750	-0.342773	0.669603	-0.120121	-0.713021	-0.169719
07519		9.730921	0.739299	-0.460095	-0.007366	-0.003166	0.005888	-0.810547	0.092041	-0.346191	0.669587	-0.120269	-0.713012	-0.169712
07520		9.721821	0.743221	-0.488263	-0.002196	-0.003943	0.002950	-0.807617	0.095947	-0.340576	0.669569	-0.120309	-0.713029	-0.169684
07521		9.731100	0.729160	-0.466326	0.006509	0.000744	0.002986	-0.804199	0.095459	-0.350098	0.669570	-0.120352	-0.713041	-0.169597
07522		9.725887	0.763000	-0.486647	0.010237	-0.003290	0.002711	-0.810059	0.089844	-0.348633	0.669639	-0.120296	-0.713025	-0.169435
07523		9.716556	0.806502	-0.466065	0.008940	-0.002474	0.000045	-0.806152	0.087891	-0.339355	0.669666	-0.120167	-0.713046	-0.169329
07524		9.712105	0.796222	-0.488204	0.000837	-0.004214	0.000967	-0.806396	0.099121	-0.336914	0.669600	-0.120146	-0.713117	-0.169310
07525		9.712847	0.781576	-0.447035	-0.003219	-0.006741	0.003889	-0.800049	0.087891	-0.337158	0.669497	-0.120354	-0.713181	-0.169294
07526		9.743198	0.781414	-0.468962	-0.006671	-0.006925	0.007600	-0.806396	0.089111	-0.344238	0.669419	-0.120455	-0.713243	-0.169272
07527		9.716940	0.777143	-0.486320	-0.012598	-0.006228	0.010994	-0.811523	0.091797	-0.330566	0.669384	-0.120615	-0.713251	-0.169264
07528		9.730456	0.774003	-0.467610	-0.015635	-0.005352	0.013147	-0.805176	0.085693	-0.343262	0.669221	-0.120944	-0.713335	-0.169321
07529		9.717842	0.751600	-0.474379	-0.018403	-0.002361	0.014650	-0.807861	0.089355	-0.337891	0.669219	-0.121118	-0.713304	-0.169336
07530		9.740245	0.715233	-0.495162	-0.012420	-0.003133	0.013845	-0.803955	0.092773	-0.344238	0.669162	-0.121323	-0.713324	-0.169328
07531		9.700416	0.743493	-0.511541	0.000694	-0.003844	0.015975	-0.803711	0.090820	-0.339844	0.669196	-0.121432	-0.713316	-0.169152
07532		9.722154	0.773852	-0.492622	-0.001833	-0.004091	0.012735	-0.808594	0.100586	-0.336182	0.669179	-0.121531	-0.713341	-0.169040
07533		9.736090	0.759592	-0.455080	-0.010815	-0.005147	0.009102	-0.805664	0.099609	-0.338135	0.669085	-0.121842	-0.713370	-0.169066
07534		9.740246	0.740382	-0.502231	-0.005100	-0.002307	0.004695	-0.809570	0.093994	-0.340820	0.669046	-0.122021	-0.713376	-0.169066
07535		9.736096	0.734978	-0.494989	0.004045	-0.000193	0.002164	-0.812256	0.094971	-0.343262	0.669041	-0.122001	-0.713398	-0.169004
07536		9.718358	0.755109	-0.492659	0.002738	-0.003296	0.004250	-0.808350	0.095215	-0.343994	0.669022	-0.122022	-0.713430	-0.168930
07537		9.731250	0.773616	-0.487210	-0.004397	-0.002751	0.001483	-0.801514	0.098633	-0.337158	0.669012	-0.122068	-0.713431	-0.168932
07538		9.713776	0.760324	-0.505336	-0.004754	-0.004490	0.005465	-0.797852	0.089355	-0.343262	0.668965	-0.122231	-0.713452	-0.168912
07539		9.736088	0.748010	-0.487892	-0.003660	-0.004179	0.006449	-0.805908	0.092773	-0.332031	0.668986	-0.122218	-0.713452	-0.168840
07540		9.727313	0.748942	-0.492489	-0.006328	-0.004577	0.003784	-0.801270	0.090820	-0.338623	0.668873	-0.122332	-0.713531	-0.168871
07541		9.735670	0.765599	-0.503313	-0.009562	-0.003171	0.004092	-0.808838	0.091797	-0.342773	0.668842	-0.122393	-0.713544	-0.168893
07542		9.718692	0.732355	-0.507795	-0.005513	-0.004571	0.005919	-0.801514	0.100098	-0.338867	0.668815	-0.122439	-0.713569	-0.168863
07543		9.722958	0.735386	-0.516246	0.000801	-0.003315	0.007052	-0.806641	0.097412	-0.337402	0.668809	-0.122565	-0.713574	-0.168776
07544		9.722996	0.741934	-0.511966	0.000659	-0.002864	0.007796	-0.804688	0.093506	-0.338135	0.668777	-0.122676	-0.713603	-0.168699
07545		9.718869	0.743460	-0.500240	-0.001413	-0.004239	0.010840	-0.805664	0.099365	-0.334229	0.668749	-0.122767	-0.713636	-0.168599
07546		9.727934	0.722007	-0.507811	-0.005398	-0.005324	0.010933	-0.813477	0.094727	-0.342041	0.668672	-0.123001	-0.713678	-0.168558
07547		9.728485	0.716046	-0.484901	-0.006725	-0.002396	0.014698	-0.810059	0.106934	-0.338867	0.668664	-0.123167	-0.713675	-0.168481
07548		9.732402	0.745233	-0.501489	-0.005210	-0.002233	0.013787	-0.802490	0.101074	-0.336914	0.668646	-0.123490	-0.713651	-0.168418
07549		9.724255	0.732656	-0.486525	-0.003982	0.000640	0.014868	-0.807861	0.090332	-0.338135	0.668669	-0.123716	-0.713613	-0.168322
07550		9.715324	0.734166	-0.514179	-0.010852	-0.004231	0.015199	-0.803223	0.092041	-0.335449	0.668630	-0.123856	-0.713639	-0.168264
07551		9.720102	0.732422	-0.498940	-0.014558	-0.005611	0.013973	-0.807129	0.102295	-0.338623	0.668566	-0.124045	-0.713670	-0.168248
07552		9.742053	0.738193	-0.495427	-0.014615	-0.006738	0.011047	-0.805908	0.101807	-0.334229	0.668499	-0.124341	-0.713676	-0.168273
07553		9.716614	0.703026	-0.479885	-0.013305	-0.002430	0.009300	-0.808594	0.099609	-0.334229	0.668439	-0.124610	-0.713674	-0.168317
07554		9.729418	0.681872	-0.523363	-0.014933	-0.004845	0.004356	-0.799561	0.106201	-0.341797	0.668338	-0.124819	-0.713710	-0.168411
07555		9.734069	0.665910	-0.518167	-0.012940	-0.004305	0.004310	-0.803223	0.105225	-0.333740	0.668334	-0.125050	-0.713661	-0.168465
07556		9.729476	0.671828	-0.530032	-0.002213	-0.002732	0.003282	-0.801025	0.104004	-0.338867	0.668285	-0.125204	-0.713681	-0.168459
07557		9.742532	0.656935	-0.545094	0.005150	-0.005323	0.001626	-0.800537	0.102295	-0.334717	0.668268	-0.125240	-0.713709	-0.168378
07558		9.733607	0.683693	-0.534710	0.009894	-0.003561	0.001245	-0.806152	0.100586	-0.343262	0.668246	-0.125220	-0.713761	-0.168262
07559		9.725096	0.691299	-0.510530	0.006886	-0.003573	-0.002689	-0.810791	0.100830	-0.323975	0.668254	-0.125138	-0.713783	-0.168196
07560		9.733875	0.681362	-0.512379	0.015135	0.001904	-0.003188	-0.806152	0.094971	-0.334717	0.668170	-0.125058	-0.713896	-0.168113
07561		9.720452	0.690173	-0.527089	0.008512	0.000049	0.002591	-0.810059	0.099121	-0.334473	0.668166	-0.124952	-0.713947	-0.167990
07562		9.720135	0.692139	-0.550826	0.005479	0.000933	0.004750	-0.806152	0.099365	-0.335938	0.668154	-0.124962	-0.713978	-0.167901
07563		9.733219	0.701680	-0.549656	0.006098	0.000258	0.004702	-0.806885	0.101318	-0.343018	0.668160	-0.124958	-0.713997	-0.167795
07564		9.707255	0.704018	-0.536598	0.010223	0.002092	0.004200	-0.802734	0.099365	-0.337891	0.668235	-0.124914	-0.713968	-0.167655
07565		9.733344	0.732564	-0.528974	-0.004013	0.001027	0.006524	-0.815674	0.097900	-0.341553	0.668260	-0.124996	-0.713940	-0.167615
07566		9.716666	0.720768	-0.493349	-0.017156	0.000873	0.010000	-0.806885	0.104004	-0.338623	0.668254	-0.125200	-0.713895	-0.167677
07567		9.717329	0.681888	-0.489359	-0.026312	-0.000009	0.012877	-0.802734	0.102539	-0.328369	0.668238	-0.125591	-0.713812	-0.167802
07568		9.735249	0.632670	-0.507355	-0.032378	-0.003057	0.015848	-0.805176	0.098877	-0.338623	0.668135	-0.126069	-0.713787	-0.167957
07569		9.722477	0.593777	-0.523651	-0.024323	-0.000068	0.012663	-0.798828	0.104248	-0.336426	0.668132	-0.126345	-0.713722	-0.168039
07570		9.753230	0.581239	-0.526106	-0.009320	-0.007370	0.007520	-0.811279	0.095215	-0.340088	0.668079	-0.126537	-0.713740	-0.168028
07571		9.731423	0.621229	-0.500974	0.002867	0.002265	0.005185	-0.808350	0.105713	-0.330078	0.668118	-0.126453	-0.713743	-0.167927
07572		9.744169	0.617043	-0.533280	0.004244	0.001669	0.004680	-0.809082	0.108887	-0.335449	0.668087	-0.126546	-0.713768	-0.167872
07573		9.735441	0.618522	-0.536190	0.011966	0.005030	0.000224	-0.807373	0.107666	-0.336670	0.668123	-0.126551	-0.713753	-0.167792
07574		9.726681	0.628723	-0.534063	0.020142	0.002431	0.000701	-0.815430	0.104980	-0.335693	0.668163	-0.126473	-0.713769	-0.167619
07575		9.726271	0.689819	-0.522519	0.016153	-0.001656	-0.000048	-0.811523	0.101807	-0.335693	0.668128	-0.126405	-0.713845	-0.167489
07576		9.730877	0.682628	-0.511787	0.003288	-0.000289	0.002615	-0.812744	0.106201	-0.334229	0.668105	-0.126413	-0.713878	-0.167432
07577		9.752780	0.665637	-0.521800	0.000617	0.004147	0.001299	-0.799561	0.102539	-0.331787	0.668100	-0.126493	-0.713867	-0.167439
07578		9.739470	0.674218	-0.535223	0.005363	0.007109	0.001255	-0.802490	0.097412	-0.333740	0.668157	-0.126456	-0.713838	-0.167367
07579		9.730351	0.712460	-0.541138	0.000617	0.002941	0.000962	-0.813477	0.103027	-0.346436	0.668174	-0.126384	-0.713846	-0.167312
07580		9.726528	0.680195	-0.524587	-0.010984	0.000253	-0.003073	-0.802734	0.095703	-0.335205	0.668183	-0.126452	-0.713799	-0.167429
07581		9.734914	0.690158	-0.539437	-0.015114	-0.000370	-0.002236	-0.805176	0.103516	-0.337402	0.668148	-0.126465	-0.713806	-0.167530
07582		9.735658	0.668027	-0.501623	-0.014020	0.002346	-0.000577	-0.803467	0.097900	-0.338623	0.668144	-0.126593	-0.713759	-0.167650
07583		9.731160	0.641538	-0.531693	-0.017394	0.006625	0.001156	-0.802002	0.104492	-0.335938	0.668193	-0.126662	-0.713674	-0.167760
07584		9.735504	0.629413	-0.547412	-0.010034	0.007641	0.000513	-0.797607	0.098877	-0.341797	0.668245	-0.126766	-0.713589	-0.167842
07585		9.735603	0.654179	-0.530205	-0.006607	0.007502	0.002553	-0.805908	0.099121	-0.341309	0.668359	-0.126745	-0.713489	-0.167826
07586		9.735345	0.698405	-0.526448	-0.011075	0.008462	0.002456	-0.801514	0.097900	-0.339844	0.668443	-0.126778	-0.713393	-0.167875
07587		9.713659	0.664906	-0.544475	-0.016834	0.006034	-0.001486	-0.809082	0.104248	-0.333252	0.668492	-0.126809	-0.713314	-0.167991
07588		9.731640	0.658205	-0.512222	-0.016833	0.002419	-0.002501	-0.809814	0.101318	-0.339844	0.668435	-0.126973	-0.713295	-0.168178
07589		9.740442	0.640828	-0.517465	-0.008067	0.006770	-0.008385	-0.808838	0.099609	-0.342773	0.668461	-0.126929	-0.713247	-0.168309
07590		9.740754	0.631459	-0.497187	-0.001126	0.006122	-0.007637	-0.810059	0.104492	-0.337891	0.668517	-0.126798	-0.713208	-0.168351
07591		9.731965	0.610479	-0.514512	0.006095	0.006985	-0.007701	-0.809082	0.107178	-0.343018	0.668553	-0.126700	-0.713187	-0.168372
07592		9.740002	0.657394	-0.531234	0.009240	0.007745	-0.004169	-0.803223	0.108643	-0.329590	0.668642	-0.126618	-0.713129	-0.168324
07593		9.735778	0.678340	-0.506532	0.004684	0.009072	-0.000933	-0.801270	0.102051	-0.335205	0.668671	-0.126672	-0.713090	-0.168330
07594		9.732014	0.645804	-0.489101	0.000896	0.003247	-0.000183	-0.804932	0.098877	-0.340088	0.668689	-0.126657	-0.713082	-0.168305
07595		9.740508	0.639081	-0.513488	0.002305	0.003570	-0.006273	-0.803467	0.103027	-0.336182	0.668721	-0.126519	-0.713078	-0.168300
07596		9.745030	0.641930	-0.496167	0.012613	0.006483	-0.005054	-0.810547	0.104736	-0.341309	0.668774	-0.126374	-0.713072	-0.168225
07597		9.714662	0.658602	-0.464126	0.013987	0.007697	-0.005049	-0.809814	0.100342	-0.333008	0.668849	-0.126234	-0.713044	-0.168150
07598		9.736473	0.660075	-0.463095	0.014132	0.004837	-0.006470	-0.802246	0.107666	-0.337402	0.668846	-0.126060	-0.713092	-0.168088
07599		9.740299	0.677574	-0.488270	0.013794	0.005216	-0.007741	-0.801025	0.104736	-0.333008	0.668890	-0.125952	-0.713081	-0.168041
07600		9.726798	0.696864	-0.496989	0.012364	0.004686	-0.010166	-0.801025	0.107910	-0.341064	0.668899	-0.125811	-0.713102	-0.168023
07601		9.739968	0.714981	-0.466022	0.007809	0.004806	-0.007271	-0.806152	0.097900	-0.337891	0.668954	-0.125755	-0.713061	-0.168019
07602		9.731581	0.674234	-0.470297	-0.001881	0.003622	-0.007866	-0.807617	0.102783	-0.336670	0.668954	-0.125655	-0.713065	-0.168076
07603		9.739959	0.685265	-0.484309	0.005954	0.005024	-0.007634	-0.813232	0.097168	-0.345459	0.668964	-0.125568	-0.713067	-0.168096
07604		9.731128	0.680732	-0.492115	0.013512	0.003711	-0.006926	-0.813721	0.096436	-0.338867	0.669014	-0.125334	-0.713081	-0.168008
07605		9.734749	0.731710	-0.497323	0.013174	0.004088	-0.008197	-0.810547	0.098145	-0.341309	0.669023	-0.125106	-0.713126	-0.167950
07606		9.721961	0.719890	-0.473928	0.003483	0.004105	-0.008456	-0.805420	0.101807	-0.335693	0.669039	-0.124972	-0.713129	-0.167975
07607		9.730053	0.725759	-0.517011	-0.003731	0.002025	-0.008736	-0.806152	0.101318	-0.346191	0.669004	-0.124963	-0.713138	-0.168084
07608		9.730362	0.700040	-0.507934	-0.004825	0.001718	-0.009722	-0.807617	0.093994	-0.337402	0.669022	-0.124916	-0.713106	-0.168183
07609		9.726009	0.697480	-0.500045	-0.003675	0.000740	-0.006483	-0.803467	0.100342	-0.340332	0.668989	-0.124823	-0.713141	-0.168236
07610		9.743454	0.703277	-0.487326	0.000593	0.002128	-0.007719	-0.805908	0.099609	-0.337891	0.668997	-0.124751	-0.713136	-0.168274
07611		9.725801	0.700933	-0.499250	0.003542	0.001618	-0.006538	-0.808838	0.104004	-0.335449	0.668986	-0.124672	-0.713157	-0.168287
07612		9.738784	0.696678	-0.507914	0.009667	0.001586	-0.007749	-0.812988	0.102051	-0.343506	0.668956	-0.124608	-0.713195	-0.168293
07613		9.734163	0.735495	-0.474594	0.004294	0.003508	-0.006487	-0.805664	0.104492	-0.337402	0.668974	-0.124553	-0.713182	-0.168320
07614		9.747141	0.739269	-0.477448	-0.005207	0.004796	-0.004396	-0.812256	0.093750	-0.345703	0.668977	-0.124632	-0.713141	-0.168424
07615		9.711874	0.749027	-0.491192	-0.001347	0.001507	-0.005086	-0.818359	0.098389	-0.341309	0.668990	-0.124525	-0.713143	-0.168443
07616		9.716763	0.724097	-0.466401	-0.004425	-0.001755	-0.006703	-0.812256	0.093994	-0.342529	0.668920	-0.124524	-0.713185	-0.168546
07617		9.733999	0.715820	-0.488827	-0.009243	-0.006770	-0.004009	-0.803711	0.095459	-0.343262	0.668831	-0.124526	-0.713250	-0.168622
07618		9.716642	0.709434	-0.478628	-0.010575	-0.004448	-0.000412	-0.809326	0.097900	-0.340820	0.668797	-0.124565	-0.713264	-0.168664
07619		9.738102	0.721014	-0.497823	-0.002898	0.001032	0.001578	-0.805420	0.099609	-0.340332	0.668798	-0.124596	-0.713259	-0.168661
07620		9.738104	0.721037	-0.497752	-0.006934	-0.001178	-0.001263	-0.808838	0.105225	-0.341797	0.668775	-0.124654	-0.713259	-0.168712
07621		9.720867	0.706437	-0.491343	-0.011320	0.000607	-0.004364	-0.805420	0.102783	-0.343262	0.668750	-0.124790	-0.713223	-0.168860
07622		9.720634	0.693843	-0.524980	-0.005616	0.000119	-0.003849	-0.804688	0.102295	-0.345947	0.668749	-0.124841	-0.713198	-0.168930
07623		9.733955	0.685795	-0.510432	-0.000186	-0.002484	-0.002691	-0.807861	0.100098	-0.336426	0.668753	-0.124850	-0.713193	-0.168930
07624		9.733704	0.711485	-0.495227	-0.002534	0.002174	-0.002568	-0.812744	0.096191	-0.341064	0.668736	-0.124869	-0.713196	-0.168972
07625		9.734189	0.684089	-0.486196	0.000698	0.001971	-0.002538	-0.807861	0.096680	-0.336914	0.668734	-0.124816	-0.713206	-0.168975
07626		9.738057	0.700269	-0.511749	0.005353	0.003507	0.000257	-0.802979	0.094971	-0.341797	0.668751	-0.124750	-0.713217	-0.168911
07627		9.716053	0.724911	-0.495675	0.004740	0.002372	-0.000202	-0.802002	0.094238	-0.344971	0.668797	-0.124647	-0.713212	-0.168824
07628		9.707185	0.735648	-0.493729	-0.002674	0.002021	-0.001993	-0.809814	0.098145	-0.337646	0.668844	-0.124572	-0.713186	-0.168805
07629		9.742252	0.713791	-0.512547	-0.007561	0.001304	-0.000710	-0.808105	0.096680	-0.339600	0.668815	-0.124635	-0.713185	-0.168874
07630		9.742717	0.693916	-0.498611	0.001426	0.001136	0.002595	-0.800049	0.101562	-0.342529	0.668823	-0.124626	-0.713193	-0.168819
07631		9.738482	0.697135	-0.485645	0.005693	0.002527	0.001360	-0.803223	0.093018	-0.340332	0.668883	-0.124598	-0.713164	-0.168725
07632		9.724552	0.742434	-0.503217	-0.001302	0.003238	-0.001988	-0.808594	0.096924	-0.346924	0.668914	-0.124510	-0.713155	-0.168705
07633		9.733180	0.757750	-0.488965	-0.010221	-0.000292	-0.003718	-0.808350	0.107178	-0.343750	0.668915	-0.124525	-0.713132	-0.168785
07634		9.733840	0.705726	-0.495310	-0.016690	0.001320	-0.003442	-0.811279	0.093262	-0.335449	0.668901	-0.124717	-0.713069	-0.168966
07635		9.737996	0.711460	-0.502508	-0.010079	-0.000740	-0.004462	-0.802246	0.095215	-0.344482	0.668827	-0.124728	-0.713109	-0.169081
07636		9.720877	0.680626	-0.506380	-0.009321	-0.000658	-0.004915	-0.804932	0.099609	-0.341064	0.668829	-0.124700	-0.713098	-0.169144
07637		9.729977	0.668425	-0.483712	-0.003209	0.002932	-0.005109	-0.802734	0.103516	-0.343262	0.668844	-0.124677	-0.713075	-0.169193
07638		9.725318	0.676485	-0.494509	-0.000723	-0.000366	-0.005471	-0.816162	0.104004	-0.335938	0.668851	-0.124668	-0.713065	-0.169217
07639		9.747162	0.669468	-0.499768	0.005928	0.001108	-0.002886	-0.808838	0.097656	-0.340332	0.668809	-0.124683	-0.713100	-0.169226
07640		9.729721	0.679734	-0.478091	0.002698	0.000708	-0.003086	-0.807861	0.089844	-0.336426	0.668803	-0.124625	-0.713119	-0.169209
07641		9.733517	0.696492	-0.504258	-0.002522	-0.000839	-0.003413	-0.812500	0.099365	-0.333740	0.668760	-0.124538	-0.713173	-0.169220
07642		9.742735	0.675325	-0.486828	-0.000064	0.002494	-0.001913	-0.800049	0.097412	-0.340332	0.668723	-0.124561	-0.713194	-0.169259
07643		9.734345	0.658317	-0.476775	0.007790	-0.000912	-0.003029	-0.806396	0.093994	-0.337891	0.668736	-0.124444	-0.713224	-0.169166
07644		9.729192	0.693813	-0.496134	0.009567	0.004382	-0.003734	-0.813477	0.092529	-0.338867	0.668769	-0.124281	-0.713241	-0.169085
07645		9.733055	0.732768	-0.482465	0.004626	0.003745	-0.005042	-0.802002	0.097412	-0.342285	0.668771	-0.124148	-0.713265	-0.169071
07646		9.733249	0.708947	-0.497038	0.000643	0.002055	-0.005127	-0.809082	0.099854	-0.338623	0.668800	-0.124068	-0.713254	-0.169064
07647		9.724455	0.703945	-0.505434	0.000508	0.000696	-0.004890	-0.803955	0.096680	-0.335205	0.668777	-0.124052	-0.713270	-0.169098
07648		9.728820	0.714600	-0.484158	0.004134	-0.000567	-0.001166	-0.806152	0.098389	-0.341064	0.668752	-0.124009	-0.713312	-0.169052
07649		9.733054	0.719264	-0.491263	0.002116	0.004314	0.000397	-0.810547	0.095459	-0.339355	0.668797	-0.123989	-0.713283	-0.169010
07650		9.719908	0.733514	-0.476132	0.003152	0.005307	-0.001038	-0.803223	0.099609	-0.347412	0.668829	-0.123930	-0.713271	-0.168981
07651		9.723393	0.761334	-0.520208	0.004831	0.001406	-0.003702	-0.806885	0.093994	-0.340332	0.668883	-0.123840	-0.713250	-0.168918
07652		9.715051	0.736761	-0.514892	0.000587	0.002739	-0.007548	-0.808594	0.096680	-0.339600	0.668889	-0.123724	-0.713259	-0.168944
07653		9.749433	0.774885	-0.498060	-0.005253	0.001862	-0.007829	-0.814453	0.100586	-0.333008	0.668867	-0.123695	-0.713261	-0.169042
07654		9.732308	0.745077	-0.501441	-0.009910	0.000926	-0.010457	-0.806885	0.104248	-0.343750	0.668771	-0.123765	-0.713287	-0.169261
07655		9.719597	0.725346	-0.483320	-0.006216	0.003517	-0.008883	-0.803955	0.087891	-0.340820	0.668785	-0.123797	-0.713238	-0.169392
07656		9.728382	0.717073	-0.483873	-0.006354	0.002761	-0.008477	-0.806396	0.095459	-0.335449	0.668790	-0.123660	-0.713242	-0.169452
07657		9.728493	0.702096	-0.493278	-0.007200	0.002442	-0.004859	-0.804932	0.091553	-0.345703	0.668761	-0.123674	-0.713244	-0.169548
07658		9.737360	0.692654	-0.494060	-0.001778	0.002257	-0.003022	-0.802979	0.100098	-0.342529	0.668803	-0.123575	-0.713228	-0.169521
07659		9.732718	0.700441	-0.504757	0.002022	0.001468	-0.005627	-0.811279	0.098145	-0.333740	0.668823	-0.123522	-0.713219	-0.169521
07660		9.736907	0.720387	-0.477837	0.004713	0.003385	-0.008373	-0.809570	0.097900	-0.337158	0.668789	-0.123453	-0.713249	-0.169577
07661		9.732567	0.717889	-0.469651	0.005615	0.003020	-0.009570	-0.799316	0.096191	-0.336914	0.668775	-0.123349	-0.713272	-0.169614
07662		9.741076	0.712704	-0.494211	0.008229	0.002893	-0.009658	-0.803711	0.093018	-0.344727	0.668789	-0.123183	-0.713292	-0.169592
07663		9.744678	0.739139	-0.514682	0.013308	0.003692	-0.008922	-0.810547	0.089355	-0.341309	0.668850	-0.122928	-0.713303	-0.169491
07664		9.700707	0.770507	-0.470052	0.006782	-0.000370	-0.007007	-0.802979	0.102783	-0.340332	0.668834	-0.122747	-0.713360	-0.169445
07665		9.722593	0.756090	-0.480906	-0.006120	-0.003805	-0.008322	-0.811523	0.085449	-0.332275	0.668774	-0.122802	-0.713380	-0.169560
07666		9.731997	0.719003	-0.474356	-0.006028	-0.001558	-0.002467	-0.812988	0.100342	-0.343018	0.668689	-0.122769	-0.713453	-0.169609
07667		9.740634	0.711748	-0.499543	0.001089	0.000912	0.001156	-0.812256	0.094971	-0.340332	0.668693	-0.122825	-0.713443	-0.169597
07668		9.726678	0.748025	-0.522456	0.009249	0.003171	0.003007	-0.806152	0.094482	-0.343262	0.668723	-0.122775	-0.713450	-0.169484
07669		9.725688	0.809043	-0.509763	0.006991	0.005649	-0.000713	-0.814697	0.096924	-0.341309	0.668794	-0.122676	-0.713422	-0.169394
07670		9.708784	0.777579	-0.512786	-0.002588	0.001649	-0.005329	-0.817627	0.098145	-0.336670	0.668772	-0.122678	-0.713425	-0.169468
07671		9.717579	0.768897	-0.514005	-0.003863	-0.000540	-0.008838	-0.799072	0.090332	-0.341797	0.668689	-0.122701	-0.713465	-0.169609
07672		9.731336	0.742417	-0.485482	0.001827	0.001397	-0.007642	-0.800293	0.094238	-0.336670	0.668712	-0.122540	-0.713477	-0.169584
07673		9.740007	0.728549	-0.515094	0.010068	0.004497	-0.008786	-0.806641	0.094971	-0.335693	0.668742	-0.122359	-0.713490	-0.169542
07674		9.730755	0.757468	-0.502374	0.009771	0.006602	-0.006961	-0.808350	0.096680	-0.339600	0.668771	-0.122222	-0.713492	-0.169518
07675		9.712954	0.771526	-0.503413	0.001666	0.004257	-0.006223	-0.809326	0.086914	-0.335205	0.668783	-0.122175	-0.713480	-0.169556
07676		9.730487	0.768818	-0.495499	-0.003198	0.000511	-0.005789	-0.808105	0.092041	-0.338867	0.668736	-0.122091	-0.713529	-0.169597
07677		9.721738	0.763710	-0.503754	-0.001645	0.003010	-0.003430	-0.801270	0.102783	-0.333984	0.668737	-0.122053	-0.713529	-0.169620
07678		9.721992	0.761254	-0.479261	0.003013	0.003352	-0.000968	-0.812012	0.086182	-0.340088	0.668739	-0.122123	-0.713510	-0.169640
07679		9.739117	0.777119	-0.484559	-0.003175	0.004650	-0.002018	-0.811523	0.100830	-0.336914	0.668755	-0.122044	-0.713508	-0.169639
07680		9.725979	0.783613	-0.474234	-0.004758	0.006372	-0.003196	-0.813232	0.086670	-0.344482	0.668757	-0.122142	-0.713461	-0.169760
07681		9.717033	0.781549	-0.505179	-0.005421	0.005318	-0.006246	-0.803955	0.091797	-0.341553	0.668785	-0.122037	-0.713441	-0.169808
07682		9.717478	0.763168	-0.490911	-0.004991	-0.000568	-0.003903	-0.804443	0.091309	-0.337891	0.668771	-0.122011	-0.713452	-0.169837
07683		9.708990	0.754911	-0.475561	-0.005491	0.002670	-0.003756	-0.809570	0.087158	-0.338379	0.668766	-0.121994	-0.713448	-0.169887
07684		9.726729	0.742981	-0.472660	-0.000351	0.002186	-0.000765	-0.801025	0.095215	-0.339111	0.668763	-0.121925	-0.713470	-0.169854
07685		9.730832	0.756186	-0.474209	0.004516	0.005331	-0.001365	-0.801514	0.092529	-0.336426	0.668814	-0.121873	-0.713442	-0.169809
07686		9.730083	0.792775	-0.476466	-0.000229	0.004752	-0.000664	-0.804199	0.093750	-0.336670	0.668841	-0.121851	-0.713424	-0.169796
07687		9.730630	0.760030	-0.495842	-0.006723	0.002206	-0.004170	-0.804932	0.091553	-0.337646	0.668820	-0.121878	-0.713418	-0.169882
07688		9.709173	0.735279	-0.510620	0.001663	-0.000279	-0.001649	-0.801270	0.099121	-0.343750	0.668801	-0.121834	-0.713451	-0.169851
07689		9.726252	0.764428	-0.482679	0.008287	0.003627	0.001620	-0.806396	0.091797	-0.332520	0.668867	-0.121810	-0.713416	-0.169754
07690		9.730439	0.782851	-0.455852	0.000702	0.000770	-0.002874	-0.810791	0.088623	-0.338135	0.668823	-0.121789	-0.713457	-0.169770
07691		9.721452	0.794054	-0.453940	-0.004259	0.003134	-0.003344	-0.799561	0.091553	-0.342041	0.668813	-0.121748	-0.713465	-0.169806
07692		9.730692	0.754317	-0.498449	-0.010439	0.003224	-0.004735	-0.809326	0.091797	-0.341553	0.668835	-0.121741	-0.713428	-0.169882
07693		9.735226	0.748785	-0.486614	-0.007473	0.000915	-0.004056	-0.805664	0.092773	-0.337402	0.668815	-0.121748	-0.713428	-0.169954
07694		9.713364	0.748903	-0.486172	-0.006465	0.000385	-0.000073	-0.807617	0.087891	-0.342773	0.668788	-0.121805	-0.713433	-0.169998
07695		9.739429	0.753997	-0.493467	0.003972	0.002304	0.000260	-0.808105	0.093262	-0.335205	0.668822	-0.121695	-0.713445	-0.169895
07696		9.717493	0.761828	-0.487538	0.006853	0.004299	-0.000468	-0.809814	0.093994	-0.334961	0.668831	-0.121652	-0.713453	-0.169851
07697		9.729971	0.797977	-0.470029	0.002664	0.004938	-0.001898	-0.806641	0.085205	-0.341797	0.668831	-0.121644	-0.713451	-0.169868
07698		9.708044	0.793066	-0.497548	-0.003703	0.004354	-0.005474	-0.806641	0.095215	-0.342529	0.668859	-0.121513	-0.713447	-0.169867
07699		9.708565	0.760739	-0.517529	-0.003405	-0.002291	-0.002728	-0.802979	0.095459	-0.333008	0.668828	-0.121538	-0.713465	-0.169900
07700		9.739362	0.756738	-0.490589	0.004418	-0.000247	-0.002308	-0.802490	0.091797	-0.337646	0.668787	-0.121539	-0.713502	-0.169901
07701		9.726231	0.768530	-0.452524	0.004950	0.003988	-0.003593	-0.796387	0.096436	-0.337646	0.668812	-0.121446	-0.713504	-0.169863
07702		9.734623	0.778832	-0.466676	0.001389	0.003351	-0.005239	-0.804932	0.097656	-0.336182	0.668831	-0.121415	-0.713485	-0.169890
07703		9.712195	0.793410	-0.507888	0.001140	0.005372	-0.000825	-0.806885	0.094238	-0.344238	0.668848	-0.121465	-0.713452	-0.169927
07704		9.734435	0.782529	-0.488621	-0.004137	0.000555	0.001158	-0.806641	0.093750	-0.338867	0.668856	-0.121511	-0.713436	-0.169930
07705		9.725624	0.784846	-0.492020	-0.004526	0.001016	-0.002703	-0.807129	0.092285	-0.340820	0.668835	-0.121541	-0.713437	-0.169987
07706		9.730178	0.778748	-0.480525	-0.006044	0.000846	-0.001799	-0.805908	0.086670	-0.336426	0.668822	-0.121566	-0.713435	-0.170030
07707		9.734615	0.780724	-0.463677	-0.001600	0.003531	-0.000671	-0.799561	0.093506	-0.338867	0.668830	-0.121501	-0.713446	-0.169997
07708		9.726184	0.771740	-0.448049	-0.004812	0.001310	-0.001385	-0.803711	0.085449	-0.334229	0.668831	-0.121527	-0.713434	-0.170027
07709		9.712948	0.772463	-0.467449	-0.008950	0.001865	-0.000227	-0.804932	0.096436	-0.338867	0.668810	-0.121521	-0.713449	-0.170047
07710		9.725963	0.769416	-0.499553	-0.004569	0.001297	0.003220	-0.801025	0.091064	-0.337646	0.668805	-0.121636	-0.713428	-0.170075
07711		9.717450	0.767518	-0.479401	-0.004498	-0.001199	0.005133	-0.813232	0.097900	-0.341309	0.668791	-0.121697	-0.713441	-0.170031
07712		9.722094	0.759878	-0.468503	-0.000698	-0.001375	0.002703	-0.811523	0.084473	-0.342041	0.668758	-0.121801	-0.713451	-0.170044
07713		9.726364	0.764027	-0.475778	0.003821	0.003356	0.001175	-0.802246	0.095947	-0.348389	0.668796	-0.121660	-0.713471	-0.169913
07714		9.708630	0.776441	-0.477618	0.008114	0.001147	-0.001065	-0.813232	0.092285	-0.338867	0.668854	-0.121568	-0.713458	-0.169804
07715		9.734684	0.781640	-0.485067	0.003363	0.001169	-0.000198	-0.799805	0.088623	-0.341309	0.668838	-0.121547	-0.713484	-0.169774
07716		9.721677	0.779087	-0.480864	0.002116	0.002513	-0.000105	-0.812744	0.098877	-0.339111	0.668880	-0.121447	-0.713484	-0.169679
07717		9.725964	0.783324	-0.487695	-0.000593	0.003000	0.003313	-0.805664	0.088623	-0.333740	0.668877	-0.121568	-0.713459	-0.169710
07718		9.722197	0.766395	-0.461088	-0.001000	0.000728	0.004529	-0.804932	0.086914	-0.334229	0.668858	-0.121587	-0.713488	-0.169651
07719		9.722012	0.781736	-0.450709	-0.007410	0.000426	0.006874	-0.812744	0.092041	-0.331543	0.668838	-0.121655	-0.713505	-0.169609
07720		9.718041	0.761655	-0.476769	-0.007083	0.001254	0.008484	-0.807129	0.096680	-0.336670	0.668791	-0.121828	-0.713513	-0.169631
07721		9.726867	0.759988	-0.496378	-0.002995	0.001581	0.013419	-0.812744	0.092041	-0.339844	0.668798	-0.122029	-0.713487	-0.169574
07722		9.736421	0.735199	-0.478556	0.002786	0.003158	0.011290	-0.800781	0.091797	-0.337891	0.668832	-0.122089	-0.713477	-0.169438
07723		9.735978	0.761016	-0.486693	0.001050	-0.000013	0.006743	-0.808838	0.094971	-0.335205	0.668844	-0.122108	-0.713489	-0.169326
07724		9.731875	0.754906	-0.478953	-0.003765	0.001905	0.005527	-0.802979	0.096680	-0.341064	0.668828	-0.122224	-0.713483	-0.169332
07725		9.732420	0.728705	-0.493596	-0.000874	0.002692	0.004463	-0.804932	0.093750	-0.341553	0.668860	-0.122286	-0.713451	-0.169295
07726		9.732727	0.724585	-0.469250	0.002359	0.002498	0.004501	-0.809570	0.094727	-0.343506	0.668897	-0.122281	-0.713439	-0.169202
07727		9.720187	0.696178	-0.480507	0.006656	-0.000319	0.002092	-0.812744	0.092773	-0.336182	0.668908	-0.122238	-0.713460	-0.169098
07728		9.733006	0.714606	-0.473974	0.015702	0.003388	0.003270	-0.810303	0.093262	-0.336670	0.668930	-0.122136	-0.713497	-0.168931
07729		9.719055	0.764034	-0.462887	0.012187	0.003275	0.004381	-0.806396	0.090332	-0.338867	0.668954	-0.122073	-0.713520	-0.168782
07730		9.732476	0.761622	-0.441942	0.005038	0.006431	0.010779	-0.798584	0.093262	-0.342773	0.669033	-0.122063	-0.713491	-0.168600
07731		9.719233	0.776137	-0.450800	-0.000436	0.001550	0.010744	-0.804932	0.091553	-0.333496	0.669091	-0.122113	-0.713463	-0.168452
07732		9.723908	0.756278	-0.496891	-0.000149	0.001255	0.009426	-0.808594	0.096680	-0.340332	0.669087	-0.122183	-0.713478	-0.168354
07733		9.736988	0.764967	-0.495486	-0.001991	-0.000345	0.008551	-0.802734	0.096191	-0.341553	0.669082	-0.122305	-0.713474	-0.168302
07734		9.719911	0.761320	-0.455196	-0.009414	0.001099	0.007247	-0.809570	0.095947	-0.342285	0.669096	-0.122447	-0.713437	-0.168302
07735		9.741973	0.746320	-0.488913	-0.010307	-0.000344	0.007935	-0.807373	0.093994	-0.339844	0.669085	-0.122609	-0.713417	-0.168310
07736		9.733742	0.727113	-0.478935	-0.000049	0.000284	0.005924	-0.800781	0.092285	-0.334961	0.669089	-0.122643	-0.713426	-0.168229
07737		9.729280	0.732804	-0.489904	-0.001196	0.001264	0.002683	-0.809814	0.092285	-0.342529	0.669088	-0.122642	-0.713440	-0.168176
07738		9.716409	0.721338	-0.491302	-0.002690	-0.002522	0.002571	-0.809082	0.086670	-0.342285	0.669066	-0.122640	-0.713475	-0.168116
07739		9.734355	0.704865	-0.465493	-0.005750	0.000159	0.005224	-0.798828	0.095947	-0.338135	0.669079	-0.122604	-0.713495	-0.168007
07740		9.725525	0.708276	-0.492607	0.000605	0.001939	0.009144	-0.811279	0.100098	-0.333740	0.669114	-0.122673	-0.713476	-0.167901
07741		9.730545	0.688014	-0.462387	0.005975	0.001838	0.008403	-0.802979	0.100342	-0.338135	0.669099	-0.122795	-0.713481	-0.167849
07742		9.725940	0.709163	-0.462979	0.003073	0.002261	0.009805	-0.806885	0.100586	-0.341797	0.669127	-0.122912	-0.713454	-0.167767
07743		9.734330	0.727499	-0.496253	0.005978	0.001235	0.008234	-0.805908	0.098633	-0.342773	0.669155	-0.122982	-0.713440	-0.167660
07744		9.734957	0.711157	-0.453430	0.001643	0.002935	0.007712	-0.808838	0.099854	-0.336426	0.669200	-0.123045	-0.713408	-0.167572
07745		9.717404	0.716175	-0.483877	0.002308	0.002783	0.010426	-0.811279	0.100586	-0.344727	0.669213	-0.123177	-0.713389	-0.167503
07746		9.726135	0.728575	-0.469773	0.002898	-0.000222	0.007113	-0.805420	0.099854	-0.339844	0.669225	-0.123255	-0.713383	-0.167425
07747		9.726691	0.706740	-0.456112	-0.001055	0.001020	0.010453	-0.805664	0.100098	-0.341553	0.669241	-0.123392	-0.713360	-0.167355
07748		9.735757	0.694333	-0.456938	-0.004393	0.003194	0.005740	-0.807861	0.100342	-0.342285	0.669268	-0.123503	-0.713316	-0.167352
07749		9.727040	0.689904	-0.488735	-0.002247	0.002083	0.004622	-0.807129	0.096924	-0.343994	0.669285	-0.123592	-0.713288	-0.167341
07750		9.744618	0.692843	-0.475624	0.000359	0.003159	0.004877	-0.809570	0.098633	-0.336670	0.669329	-0.123603	-0.713263	-0.167261
07751		9.731820	0.680517	-0.476245	0.001027	0.002403	0.007421	-0.802734	0.097412	-0.346924	0.669335	-0.123685	-0.713258	-0.167201
07752		9.727029	0.718704	-0.466464	-0.001114	0.002912	0.008370	-0.800781	0.098877	-0.335938	0.669403	-0.123725	-0.713213	-0.167088
07753		9.723056	0.703726	-0.463355	-0.005103	0.002429	0.008613	-0.806152	0.102539	-0.348877	0.669417	-0.123856	-0.713185	-0.167057
07754		9.718990	0.684009	-0.489061	-0.017166	0.001747	0.004327	-0.807861	0.101318	-0.333252	0.669435	-0.124060	-0.713107	-0.167168
07755		9.745889	0.648845	-0.468891	-0.007043	0.001600	0.002725	-0.802246	0.102051	-0.334229	0.669396	-0.124202	-0.713100	-0.167244
07756		9.732598	0.664790	-0.478051	0.004870	0.003333	0.007924	-0.804688	0.094727	-0.340332	0.669418	-0.124282	-0.713085	-0.167164
07757		9.728307	0.674818	-0.459510	0.002866	0.004600	0.008468	-0.799316	0.103516	-0.337646	0.669482	-0.124262	-0.713066	-0.167005
07758		9.732364	0.691993	-0.508384	-0.001925	0.003515	0.006402	-0.806641	0.095215	-0.339111	0.669509	-0.124386	-0.713021	-0.166995
07759		9.741589	0.663594	-0.518963	-0.001974	0.004201	0.003981	-0.794678	0.110840	-0.344238	0.669542	-0.124377	-0.713007	-0.166926
07760		9.724290	0.663629	-0.501814	0.009909	0.002997	0.005746	-0.803467	0.093750	-0.335693	0.669605	-0.124468	-0.712947	-0.166862
07761		9.741943	0.671411	-0.459524	0.010649	0.006699	0.006310	-0.802734	0.107666	-0.346191	0.669681	-0.124349	-0.712947	-0.166648
07762		9.729101	0.654251	-0.488156	0.010558	0.006862	0.001129	-0.799561	0.105469	-0.337158	0.669766	-0.124348	-0.712879	-0.166600
07763		9.737904	0.659760	-0.477817	0.011359	0.007467	0.003438	-0.810791	0.102295	-0.340088	0.669835	-0.124351	-0.712831	-0.166522
07764		9.742436	0.655026	-0.488625	0.008741	0.008203	0.003688	-0.809570	0.098145	-0.343750	0.669901	-0.124341	-0.712788	-0.166446
07765		9.733522	0.681040	-0.475353	0.011687	0.007693	0.004880	-0.809570	0.100098	-0.344727	0.669993	-0.124251	-0.712757	-0.166277
07766		9.725043	0.678760	-0.453549	0.007549	0.008267	0.006031	-0.807373	0.098145	-0.344971	0.670086	-0.124231	-0.712702	-0.166157
07767		9.724957	0.701990	-0.436420	-0.000864	0.008054	0.008570	-0.807129	0.102295	-0.331787	0.670177	-0.124273	-0.712631	-0.166064
07768		9.729574	0.690873	-0.475882	-0.015297	0.006298	0.008622	-0.799072	0.101562	-0.340820	0.670173	-0.124520	-0.712567	-0.166167
07769		9.738836	0.667243	-0.457152	-0.009297	0.003699	0.007336	-0.807129	0.103516	-0.336670	0.670204	-0.124668	-0.712510	-0.166178
07770		9.747579	0.675065	-0.470672	-0.001232	0.007305	0.004371	-0.803467	0.095703	-0.343262	0.670239	-0.124757	-0.712458	-0.166190
07771		9.721292	0.699663	-0.417378	-0.011535	0.006184	0.003608	-0.812744	0.101562	-0.335205	0.670292	-0.124798	-0.712401	-0.166189
07772		9.730307	0.683039	-0.445816	-0.019518	0.005831	0.004251	-0.797607	0.100098	-0.342529	0.670271	-0.125024	-0.712342	-0.166353
07773		9.735685	0.613993	-0.444776	-0.017048	0.005544	0.004747	-0.799561	0.099609	-0.338623	0.670313	-0.125173	-0.712259	-0.166428
07774		9.732111	0.558129	-0.466463	0.003432	0.004610	0.006007	-0.803955	0.105713	-0.336182	0.670364	-0.125164	-0.712240	-0.166311
07775		9.740510	0.596315	-0.436557	0.016796	0.003035	0.004125	-0.801270	0.105225	-0.341797	0.670389	-0.125128	-0.712256	-0.166173
07776		9.757867	0.616064	-0.412642	0.024229	0.009729	0.001888	-0.795166	0.114014	-0.336182	0.670507	-0.124974	-0.712218	-0.165976
07777		9.727235	0.623627	-0.461975	0.027566	0.008551	-0.001569	-0.805176	0.107422	-0.346680	0.670585	-0.124896	-0.712179	-0.165883
07778		9.722573	0.652506	-0.433343	0.024553	0.002193	-0.001456	-0.808105	0.102051	-0.344238	0.670632	-0.124766	-0.712193	-0.165734
07779		9.731229	0.659046	-0.424268	0.018520	0.003065	-0.003272	-0.801025	0.098633	-0.342529	0.670669	-0.124597	-0.712219	-0.165599
07780		9.753018	0.660127	-0.424082	0.016823	0.001019	-0.004893	-0.808594	0.101074	-0.349365	0.670696	-0.124375	-0.712270	-0.165439
07781		9.740221	0.633386	-0.435116	0.016515	0.004338	-0.002733	-0.794922	0.097412	-0.338867	0.670759	-0.124217	-0.712268	-0.165312
07782		9.739658	0.678702	-0.432554	0.011568	0.006118	-0.003391	-0.810303	0.106445	-0.343994	0.670826	-0.124023	-0.712269	-0.165175
07783		9.726258	0.699731	-0.465173	0.006502	0.003519	-0.004652	-0.804199	0.112305	-0.343994	0.670829	-0.124021	-0.712255	-0.165226
07784		9.722198	0.676139	-0.443481	-0.006321	0.001166	-0.000501	-0.807129	0.100342	-0.343018	0.670799	-0.124248	-0.712199	-0.165417
07785		9.748817	0.644319	-0.447751	-0.010957	-0.004983	0.003851	-0.802979	0.097656	-0.348145	0.670732	-0.124392	-0.712228	-0.165460
07786		9.727157	0.631966	-0.429782	-0.003466	-0.001988	0.003188	-0.802734	0.099854	-0.341309	0.670731	-0.124416	-0.712236	-0.165409
07787		9.753108	0.653170	-0.427272	0.003367	0.001155	-0.000191	-0.800781	0.097900	-0.345947	0.670737	-0.124373	-0.712251	-0.165350
07788		9.739869	0.662645	-0.441583	0.003412	0.004481	-0.005105	-0.801514	0.101807	-0.346191	0.670785	-0.124250	-0.712237	-0.165313
07789		9.735126	0.687691	-0.441794	0.004139	0.003431	-0.008482	-0.801025	0.093262	-0.342773	0.670808	-0.124153	-0.712224	-0.165346
07790		9.730750	0.679995	-0.462409	0.003342	0.002824	-0.010791	-0.805176	0.099121	-0.339844	0.670827	-0.123920	-0.712258	-0.165301
07791		9.726369	0.669419	-0.460501	0.007611	-0.006358	-0.009110	-0.802734	0.100342	-0.346191	0.670744	-0.123781	-0.712366	-0.165273
07792		9.743521	0.681127	-0.420492	-0.001331	-0.003853	-0.009198	-0.806152	0.096680	-0.341064	0.670692	-0.123728	-0.712408	-0.165341
07793		9.743594	0.666442	-0.430869	-0.000130	0.001439	-0.007435	-0.809082	0.094482	-0.340332	0.670678	-0.123624	-0.712436	-0.165357
07794		9.722579	0.600991	-0.470888	0.004331	0.001697	-0.006971	-0.804443	0.101562	-0.338623	0.670670	-0.123463	-0.712482	-0.165312
07795		9.744269	0.610187	-0.465778	0.013244	0.000021	0.001799	-0.799316	0.098633	-0.352539	0.670667	-0.123408	-0.712522	-0.165192
07796		9.743305	0.684258	-0.420421	0.017447	0.001711	0.006508	-0.812500	0.101318	-0.342041	0.670756	-0.123299	-0.712515	-0.164942
07797		9.725461	0.715398	-0.436314	0.007536	0.001716	0.001590	-0.808594	0.095459	-0.346680	0.670756	-0.123292	-0.712529	-0.164885
07798		9.729948	0.708722	-0.424595	-0.003286	0.002694	-0.001967	-0.803223	0.094482	-0.339600	0.670774	-0.123253	-0.712521	-0.164878
07799		9.720837	0.734059	-0.388826	-0.010249	0.001587	-0.005856	-0.804199	0.097900	-0.333252	0.670751	-0.123223	-0.712531	-0.164949
07800		9.716567	0.719969	-0.438859	-0.015403	-0.003056	-0.004455	-0.807129	0.095459	-0.349609	0.670653	-0.123315	-0.712573	-0.165099
07801		9.748004	0.657260	-0.446634	-0.017820	0.001302	0.001405	-0.802490	0.104248	-0.341797	0.670656	-0.123424	-0.712532	-0.165184
07802		9.739309	0.658519	-0.450084	-0.014784	-0.001171	0.007278	-0.802734	0.105713	-0.340820	0.670620	-0.123687	-0.712495	-0.165291
07803		9.734456	0.697392	-0.441346	-0.020180	-0.003396	0.004743	-0.802734	0.104492	-0.345459	0.670546	-0.123994	-0.712468	-0.165479
07804		9.730947	0.633980	-0.469965	-0.027757	-0.005632	0.000393	-0.800781	0.098145	-0.340088	0.670449	-0.124306	-0.712443	-0.165746
07805		9.739775	0.623966	-0.471758	-0.016472	-0.001018	-0.002182	-0.804443	0.104248	-0.340820	0.670405	-0.124397	-0.712442	-0.165862
07806		9.726166	0.658260	-0.471622	-0.001371	-0.001217	-0.000012	-0.802002	0.098389	-0.346924	0.670371	-0.124471	-0.712451	-0.165902
07807		9.743593	0.662364	-0.458948	-0.003099	0.002168	-0.000115	-0.803223	0.107910	-0.344482	0.670400	-0.124463	-0.712429	-0.165886
07808		9.734449	0.692455	-0.470866	-0.006132	0.000031	0.001179	-0.812256	0.103516	-0.349854	0.670380	-0.124631	-0.712392	-0.165999
07809		9.743547	0.665633	-0.482037	-0.008217	0.001459	-0.003462	-0.804443	0.099609	-0.336182	0.670367	-0.124725	-0.712356	-0.166134
07810		9.739477	0.642171	-0.461042	-0.004775	-0.002897	-0.002582	-0.805420	0.103760	-0.337646	0.670305	-0.124735	-0.712406	-0.166162
07811		9.739386	0.643150	-0.461587	-0.004820	-0.002213	-0.005003	-0.803711	0.097168	-0.341797	0.670238	-0.124783	-0.712437	-0.166264
07812		9.743838	0.632061	-0.479413	0.000720	0.000163	-0.003041	-0.805420	0.109619	-0.340088	0.670234	-0.124704	-0.712464	-0.166223
07813		9.757187	0.615204	-0.469241	0.012715	0.003338	-0.000647	-0.804932	0.090576	-0.349121	0.670249	-0.124718	-0.712450	-0.166213
07814		9.743404	0.665794	-0.458003	0.014081	0.005159	-0.000466	-0.808105	0.097412	-0.346924	0.670346	-0.124457	-0.712462	-0.165967
07815		9.729830	0.702525	-0.480238	0.013308	0.006889	0.000491	-0.810059	0.092529	-0.343262	0.670433	-0.124307	-0.712442	-0.165810
07816		9.720745	0.729741	-0.467967	0.007645	0.001341	-0.001741	-0.808105	0.095947	-0.344238	0.670452	-0.124133	-0.712490	-0.165662
07817		9.721004	0.710739	-0.453933	-0.007459	0.002141	-0.003746	-0.802490	0.095703	-0.340088	0.670449	-0.124113	-0.712485	-0.165705
07818		9.738629	0.698878	-0.450969	-0.011260	0.001129	-0.001664	-0.808594	0.096191	-0.346680	0.670434	-0.124136	-0.712485	-0.165753
07819		9.743106	0.692496	-0.439024	-0.006196	0.003731	-0.000400	-0.815918	0.097412	-0.345459	0.670461	-0.124133	-0.712458	-0.165760
07820		9.721434	0.683962	-0.442975	-0.008197	0.004395	-0.000030	-0.804199	0.099365	-0.338867	0.670473	-0.124178	-0.712427	-0.165813
07821		9.725998	0.672178	-0.459654	-0.011883	0.001805	-0.001620	-0.803711	0.105469	-0.345459	0.670449	-0.124258	-0.712412	-0.165915
07822		9.748070	0.656229	-0.469316	-0.014158	0.000353	-0.000609	-0.797852	0.097412	-0.342773	0.670422	-0.124440	-0.712366	-0.166081
07823		9.735303	0.634342	-0.451323	-0.006815	0.003803	-0.000523	-0.795654	0.098145	-0.342041	0.670454	-0.124440	-0.712334	-0.166089
07824		9.735071	0.651480	-0.440244	0.000226	0.003406	-0.002893	-0.797852	0.099365	-0.345459	0.670489	-0.124367	-0.712322	-0.166058
07825		9.739491	0.645707	-0.428603	0.004526	0.000574	-0.005289	-0.804688	0.095215	-0.343750	0.670504	-0.124259	-0.712336	-0.166017
07826		9.747891	0.664688	-0.438024	0.005083	0.003602	-0.006909	-0.811035	0.103271	-0.343506	0.670533	-0.124087	-0.712351	-0.165962
07827		9.735004	0.647077	-0.443766	0.006179	0.002703	-0.006255	-0.804199	0.093750	-0.347656	0.670531	-0.124030	-0.712356	-0.165993
07828		9.726005	0.661933	-0.465624	0.006035	0.002550	-0.005681	-0.810303	0.096191	-0.343018	0.670570	-0.123844	-0.712374	-0.165898
07829		9.734620	0.666446	-0.432403	0.005409	0.003828	-0.005468	-0.805176	0.101807	-0.335449	0.670588	-0.123713	-0.712388	-0.165860
07830		9.730239	0.665852	-0.448150	0.006084	0.001262	-0.003428	-0.811768	0.102295	-0.346680	0.670564	-0.123677	-0.712417	-0.165862
07831		9.739100	0.655985	-0.449408	0.007036	0.000210	-0.002199	-0.801270	0.095703	-0.342773	0.670559	-0.123645	-0.712433	-0.165838
07832		9.734663	0.660013	-0.436542	0.008862	0.003619	-0.000813	-0.809326	0.095703	-0.344727	0.670606	-0.123510	-0.712441	-0.165709
07833		9.729635	0.700700	-0.427226	0.006240	-0.000396	-0.004509	-0.807617	0.104004	-0.346680	0.670598	-0.123384	-0.712487	-0.165642
07834		9.742733	0.696120	-0.436248	-0.003154	-0.001297	-0.006310	-0.803467	0.096924	-0.344238	0.670559	-0.123421	-0.712491	-0.165753
07835		9.729815	0.675668	-0.419742	0.000108	-0.005723	-0.007443	-0.803711	0.092529	-0.341309	0.670494	-0.123341	-0.712564	-0.165761
07836		9.747854	0.631942	-0.438223	-0.005241	0.000130	-0.010953	-0.800049	0.099121	-0.343750	0.670464	-0.123216	-0.712601	-0.165818
07837		9.730424	0.622263	-0.455640	0.008100	0.001600	-0.011974	-0.802246	0.104736	-0.341553	0.670468	-0.123038	-0.712626	-0.165824
07838		9.738723	0.642409	-0.465123	0.017631	0.003263	-0.010579	-0.808838	0.100830	-0.334229	0.670485	-0.122870	-0.712644	-0.165806
07839		9.724915	0.678353	-0.464750	0.020160	0.000488	-0.008164	-0.807129	0.102295	-0.340820	0.670456	-0.122685	-0.712720	-0.165732
07840		9.710682	0.738812	-0.449438	0.014493	0.001494	-0.005953	-0.807129	0.088135	-0.344238	0.670453	-0.122576	-0.712750	-0.165694
07841		9.723251	0.762040	-0.390659	0.002359	-0.001253	-0.007609	-0.810547	0.093750	-0.344238	0.670438	-0.122380	-0.712816	-0.165619
07842		9.732419	0.731102	-0.431592	-0.007402	-0.005117	-0.005770	-0.797607	0.093994	-0.344971	0.670361	-0.122370	-0.712876	-0.165680
07843		9.754286	0.721845	-0.413642	-0.012833	-0.002520	-0.006961	-0.810791	0.089355	-0.342529	0.670321	-0.122370	-0.712890	-0.165777
07844		9.746091	0.686795	-0.466663	-0.002543	-0.000768	-0.006016	-0.799561	0.104004	-0.338379	0.670292	-0.122260	-0.712940	-0.165764
07845		9.723526	0.721389	-0.446722	0.002832	-0.001473	-0.006910	-0.809082	0.097168	-0.344971	0.670245	-0.122266	-0.712963	-0.165850
07846		9.727470	0.736568	-0.449641	-0.001375	-0.002560	-0.011453	-0.798096	0.094482	-0.337158	0.670189	-0.122191	-0.713007	-0.165943
07847		9.714271	0.729243	-0.451591	-0.012515	-0.003635	-0.016959	-0.801270	0.095947	-0.345947	0.670092	-0.122128	-0.713061	-0.166149
07848		9.723187	0.706220	-0.463597	-0.016039	-0.003141	-0.015690	-0.806396	0.095703	-0.350098	0.670019	-0.122114	-0.713078	-0.166379
07849		9.737178	0.648284	-0.455812	-0.009582	-0.002927	-0.015424	-0.809814	0.095947	-0.344727	0.669962	-0.122047	-0.713103	-0.166549
07850		9.728247	0.648756	-0.488581	-0.000396	0.000334	-0.014966	-0.796143	0.094238	-0.345703	0.669926	-0.121922	-0.713132	-0.166663
07851		9.735977	0.691598	-0.459419	0.011938	0.001356	-0.011802	-0.800049	0.094727	-0.343750	0.669954	-0.121677	-0.713163	-0.166596
07852		9.722697	0.694264	-0.479634	0.008819	-0.001630	-0.007513	-0.805664	0.087646	-0.345703	0.669945	-0.121523	-0.713212	-0.166538
07853		9.735345	0.712064	-0.449766	0.011879	0.001041	-0.006048	-0.807373	0.098145	-0.343018	0.669973	-0.121277	-0.713263	-0.166383
07854		9.729837	0.764498	-0.459559	0.006569	-0.000756	-0.003236	-0.808350	0.090820	-0.335449	0.669957	-0.121237	-0.713290	-0.166365
07855		9.720818	0.775733	-0.458302	0.002232	0.000937	-0.003771	-0.800781	0.095947	-0.352295	0.669931	-0.121162	-0.713331	-0.166348
07856		9.738600	0.756355	-0.461102	-0.011308	-0.002971	-0.008026	-0.798096	0.099121	-0.350586	0.669903	-0.121176	-0.713328	-0.166464
07857		9.738984	0.730784	-0.452901	-0.009225	-0.001583	-0.011054	-0.798096	0.092773	-0.337402	0.669879	-0.121177	-0.713314	-0.166620
07858		9.743192	0.730258	-0.465399	0.003580	0.001432	-0.015031	-0.805908	0.098633	-0.339111	0.669857	-0.120993	-0.713351	-0.166680
07859		9.707480	0.756073	-0.446505	0.005741	-0.000881	-0.016480	-0.811768	0.093262	-0.343262	0.669799	-0.120861	-0.713401	-0.166799
07860		9.720406	0.754111	-0.455485	-0.005617	-0.000632	-0.015150	-0.802979	0.093018	-0.346680	0.669739	-0.120779	-0.713432	-0.166962
07861		9.720590	0.737705	-0.441988	-0.004623	-0.001158	-0.011162	-0.802246	0.095947	-0.337891	0.669711	-0.120703	-0.713450	-0.167054
07862		9.724683	0.744383	-0.449770	0.000550	-0.001717	-0.005561	-0.803223	0.098633	-0.346436	0.669666	-0.120688	-0.713483	-0.167103
07863		9.732717	0.771679	-0.454717	-0.003937	0.000421	-0.005352	-0.802490	0.092041	-0.344482	0.669656	-0.120721	-0.713464	-0.167200
07864		9.710703	0.775465	-0.478595	-0.009418	-0.002663	-0.004893	-0.805420	0.094727	-0.338135	0.669615	-0.120742	-0.713481	-0.167280
07865		9.728733	0.747485	-0.486766	-0.012934	-0.002781	-0.003793	-0.811768	0.093506	-0.336914	0.669541	-0.120849	-0.713497	-0.167428
07866		9.724612	0.732897	-0.461121	-0.003146	-0.002509	-0.006645	-0.808105	0.090576	-0.335449	0.669467	-0.120845	-0.713547	-0.167515
07867		9.728230	0.759192	-0.482696	0.000177	-0.001857	-0.009593	-0.806396	0.087646	-0.345703	0.669403	-0.120750	-0.713611	-0.167566
07868		9.723402	0.773469	-0.465227	-0.007827	0.000159	-0.008281	-0.805176	0.096191	-0.345215	0.669387	-0.120678	-0.713623	-0.167629
07869		9.732624	0.748304	-0.476774	-0.009612	-0.002131	-0.006740	-0.808838	0.089111	-0.342773	0.669340	-0.120735	-0.713624	-0.167771
07870		9.724170	0.730212	-0.520140	-0.004215	-0.004629	-0.008144	-0.812256	0.095215	-0.345459	0.669272	-0.120672	-0.713687	-0.167821
07871		9.741633	0.725119	-0.489852	0.001753	-0.002972	-0.008241	-0.803955	0.093750	-0.341797	0.669222	-0.120622	-0.713729	-0.167877
07872		9.723171	0.761563	-0.453665	0.001861	0.000200	-0.007971	-0.810791	0.094727	-0.343506	0.669206	-0.120547	-0.713748	-0.167916
07873		9.727391	0.762820	-0.489792	-0.000618	0.001077	-0.008299	-0.805176	0.091797	-0.341797	0.669185	-0.120508	-0.713754	-0.168000
07874		9.710245	0.746084	-0.460012	-0.001158	-0.001955	-0.006678	-0.806396	0.091064	-0.341797	0.669148	-0.120458	-0.713789	-0.168039
07875		9.718520	0.759881	-0.499020	0.005287	-0.000518	-0.006077	-0.805176	0.094238	-0.340576	0.669133	-0.120352	-0.713826	-0.168014
07876		9.734476	0.818363	-0.479778	0.009580	0.002021	-0.004363	-0.809082	0.094238	-0.344238	0.669146	-0.120255	-0.713841	-0.167970
07877		9.726111	0.801715	-0.469799	0.001623	-0.000193	-0.004233	-0.809326	0.093018	-0.342285	0.669131	-0.120234	-0.713853	-0.167995
07878		9.722364	0.773468	-0.477734	-0.008852	-0.002051	-0.007188	-0.805664	0.091309	-0.335938	0.669072	-0.120268	-0.713870	-0.168130
07879		9.722198	0.775473	-0.477854	-0.003839	0.000056	-0.008683	-0.806396	0.089600	-0.337891	0.669027	-0.120227	-0.713897	-0.168223
07880		9.740220	0.748617	-0.485990	0.003421	-0.003245	-0.009884	-0.817139	0.093994	-0.341309	0.668968	-0.120104	-0.713970	-0.168240
07881		9.735481	0.759667	-0.444809	0.008289	0.002849	-0.007033	-0.803955	0.091797	-0.343506	0.668963	-0.120013	-0.713986	-0.168255
07882		9.734109	0.808977	-0.466587	0.009539	0.001507	-0.007122	-0.806152	0.089600	-0.337891	0.668978	-0.119871	-0.714005	-0.168213
07883		9.699339	0.798969	-0.467799	0.002046	0.000272	-0.005955	-0.799805	0.091553	-0.345947	0.668956	-0.119792	-0.714038	-0.168220
07884		9.721792	0.772884	-0.459531	-0.006803	-0.002792	-0.004968	-0.802734	0.093750	-0.330811	0.668926	-0.119808	-0.714046	-0.168291
07885		9.734686	0.776771	-0.464098	-0.004308	-0.004873	-0.004978	-0.805420	0.085938	-0.344482	0.668830	-0.119851	-0.714107	-0.168382
07886		9.730202	0.776561	-0.481006	0.006186	-0.000271	-0.007101	-0.802002	0.085205	-0.344238	0.668833	-0.119683	-0.714148	-0.168318
07887		9.734589	0.771832	-0.470124	0.009997	-0.001042	-0.009689	-0.806396	0.088379	-0.347412	0.668835	-0.119451	-0.714206	-0.168231
07888		9.720446	0.803014	-0.498981	0.012503	0.000217	-0.014608	-0.811279	0.090332	-0.338867	0.668838	-0.119191	-0.714254	-0.168198
07889		9.705865	0.848658	-0.494043	0.000846	-0.002205	-0.015389	-0.806396	0.086426	-0.342041	0.668766	-0.119070	-0.714314	-0.168315
07890		9.723271	0.840547	-0.492543	-0.013448	-0.006242	-0.019187	-0.809326	0.089600	-0.342529	0.668649	-0.118994	-0.714383	-0.168540
07891		9.720451	0.776143	-0.473866	-0.019618	-0.003239	-0.017164	-0.807617	0.094727	-0.341064	0.668548	-0.119020	-0.714402	-0.168843
07892		9.735296	0.709544	-0.470938	-0.010765	-0.001174	-0.009978	-0.808350	0.090576	-0.343994	0.668486	-0.119086	-0.714399	-0.169055
07893		9.743383	0.729175	-0.480478	0.004139	0.003404	-0.005887	-0.805176	0.091553	-0.348633	0.668508	-0.119010	-0.714388	-0.169067
07894		9.720648	0.760268	-0.435674	0.007364	0.003828	-0.005672	-0.808105	0.079834	-0.346680	0.668555	-0.118911	-0.714365	-0.169049
07895		9.724332	0.781010	-0.484348	0.010454	0.007437	-0.009791	-0.815918	0.084229	-0.346680	0.668634	-0.118631	-0.714360	-0.168952
07896		9.714919	0.802042	-0.476655	0.017083	0.005425	-0.010778	-0.814453	0.084961	-0.345703	0.668684	-0.118349	-0.714383	-0.168853
07897		9.713913	0.832268	-0.484797	0.013821	0.000539	-0.009010	-0.804688	0.082031	-0.330566	0.668688	-0.118132	-0.714436	-0.168770
07898		9.748813	0.831594	-0.440936	0.007808	0.002484	-0.007900	-0.808838	0.089355	-0.338623	0.668677	-0.117950	-0.714488	-0.168719
07899		9.723107	0.811741	-0.442959	0.008503	0.003863	-0.010602	-0.804932	0.088135	-0.346680	0.668682	-0.117804	-0.714502	-0.168743
07900		9.718361	0.820872	-0.453292	0.011858	0.005048	-0.010792	-0.806885	0.082520	-0.344238	0.668732	-0.117600	-0.714495	-0.168714
07901		9.699971	0.846947	-0.473729	0.021571	0.003313	-0.010986	-0.805908	0.080811	-0.336914	0.668776	-0.117272	-0.714544	-0.168562
07902		9.725059	0.879451	-0.466050	0.021509	0.000665	-0.008494	-0.807861	0.089600	-0.347656	0.668782	-0.116970	-0.714629	-0.168386
07903		9.703169	0.879384	-0.466222	0.016602	0.001317	0.001610	-0.810547	0.079590	-0.342041	0.668827	-0.116871	-0.714640	-0.168228
07904		9.717423	0.844595	-0.466465	0.009631	0.000366	0.006233	-0.800293	0.086182	-0.335449	0.668853	-0.116793	-0.714676	-0.168029
07905		9.721189	0.867293	-0.487255	0.010619	0.004385	0.005641	-0.800049	0.085205	-0.333252	0.668904	-0.116752	-0.714670	-0.167880
07906		9.723725	0.929600	-0.458716	0.000575	0.002952	0.000963	-0.810547	0.082764	-0.343262	0.668912	-0.116751	-0.714668	-0.167854
07907		9.698103	0.910676	-0.484513	-0.010500	0.000518	-0.002285	-0.809326	0.084961	-0.340088	0.668892	-0.116792	-0.714663	-0.167929
07908		9.717892	0.834605	-0.470048	-0.012239	-0.004192	-0.001411	-0.807861	0.088135	-0.342529	0.668819	-0.116891	-0.714692	-0.168029
07909		9.727125	0.816409	-0.477248	-0.005636	-0.004389	-0.001889	-0.801270	0.080566	-0.341309	0.668759	-0.116953	-0.714723	-0.168090
07910		9.735096	0.839936	-0.458769	0.007627	0.001408	-0.001741	-0.810303	0.086426	-0.347900	0.668786	-0.116813	-0.714749	-0.167970
07911		9.708569	0.850932	-0.441107	0.004835	0.000444	0.004495	-0.804932	0.084229	-0.344482	0.668812	-0.116812	-0.714748	-0.167871
07912		9.708338	0.860831	-0.459789	-0.010773	-0.000790	0.007039	-0.810059	0.082275	-0.347412	0.668811	-0.116944	-0.714728	-0.167870
07913		9.709285	0.833507	-0.475260	-0.024110	-0.005089	0.013148	-0.804932	0.086182	-0.341553	0.668767	-0.117234	-0.714711	-0.167916
07914		9.723357	0.805382	-0.471317	-0.015363	-0.005779	0.011727	-0.810547	0.087402	-0.336426	0.668714	-0.117474	-0.714718	-0.167925
07915		9.728248	0.790913	-0.489534	0.001855	-0.000599	0.008716	-0.809570	0.088867	-0.339355	0.668703	-0.117559	-0.714735	-0.167839
07916		9.722847	0.828948	-0.480643	0.008725	0.000717	0.007424	-0.801758	0.082520	-0.330566	0.668719	-0.117577	-0.714748	-0.167706
07917		9.701187	0.826266	-0.480769	-0.006111	-0.001626	0.009184	-0.804443	0.090332	-0.344971	0.668690	-0.117685	-0.714773	-0.167642
07918		9.732846	0.794507	-0.468438	-0.014400	0.000057	0.011642	-0.802734	0.089111	-0.344971	0.668699	-0.117927	-0.714718	-0.167670
07919		9.721601	0.733510	-0.524356	-0.007809	-0.006417	0.012644	-0.809570	0.090820	-0.343018	0.668665	-0.118120	-0.714733	-0.167605
07920		9.706996	0.790986	-0.533516	0.013138	0.000282	0.021984	-0.807617	0.085938	-0.339600	0.668726	-0.118231	-0.714727	-0.167309
07921		9.705707	0.844882	-0.498860	-0.009770	-0.005843	0.015605	-0.808105	0.092773	-0.339355	0.668683	-0.118446	-0.714751	-0.167225
07922		9.723546	0.837845	-0.491729	-0.019347	0.000605	0.010652	-0.808105	0.091553	-0.348877	0.668665	-0.118744	-0.714695	-0.167329
07923		9.733127	0.811972	-0.525912	-0.027933	0.003595	0.006255	-0.805420	0.084473	-0.338135	0.668681	-0.119036	-0.714586	-0.167522
07924		9.716233	0.795288	-0.518665	-0.029895	0.000628	0.005613	-0.803467	0.097168	-0.337158	0.668646	-0.119292	-0.714536	-0.167690
07925		9.721661	0.759753	-0.498422	-0.034338	-0.001464	0.004644	-0.807861	0.084473	-0.340576	0.668572	-0.119692	-0.714466	-0.167996
07926		9.721750	0.758601	-0.498449	-0.026099	-0.003478	0.007935	-0.809814	0.090088	-0.337646	0.668517	-0.119937	-0.714453	-0.168099
07927		9.710067	0.709352	-0.496479	-0.023948	-0.001042	0.010426	-0.802979	0.093018	-0.337646	0.668475	-0.120237	-0.714415	-0.168211
07928		9.744660	0.726907	-0.490075	-0.011633	-0.001710	0.010487	-0.809082	0.094971	-0.339600	0.668454	-0.120449	-0.714397	-0.168222
07929		9.734960	0.768329	-0.468172	0.003336	0.002570	0.008662	-0.808594	0.094971	-0.342041	0.668485	-0.120529	-0.714374	-0.168138
07930		9.721914	0.769823	-0.511358	-0.007581	0.001453	0.007767	-0.801270	0.091797	-0.338135	0.668495	-0.120690	-0.714334	-0.168151
07931		9.713490	0.761476	-0.520306	-0.001778	-0.003314	0.009712	-0.806885	0.093750	-0.336670	0.668479	-0.120795	-0.714353	-0.168059
07932		9.730914	0.766673	-0.531818	0.004877	0.000934	0.007254	-0.800781	0.091553	-0.332275	0.668492	-0.120837	-0.714358	-0.167957
07933		9.715611	0.857135	-0.495556	0.004676	0.002071	0.005578	-0.806885	0.089600	-0.342529	0.668510	-0.120842	-0.714365	-0.167852
07934		9.719710	0.874124	-0.467756	-0.018487	0.007823	0.005744	-0.807861	0.093262	-0.346680	0.668567	-0.121004	-0.714264	-0.167941
07935		9.726528	0.783213	-0.505532	-0.051180	0.002595	0.005136	-0.806152	0.093506	-0.340820	0.668531	-0.121472	-0.714123	-0.168341
07936		9.713555	0.782570	-0.524346	-0.046450	-0.000759	0.009186	-0.808105	0.092773	-0.341309	0.668468	-0.121948	-0.714025	-0.168664
07937		9.735551	0.781371	-0.523866	-0.043492	-0.002460	0.010040	-0.800049	0.094482	-0.337646	0.668396	-0.122399	-0.713949	-0.168942
07938		9.727053	0.778355	-0.502940	-0.053255	0.002335	0.011100	-0.805176	0.092773	-0.338623	0.668355	-0.122937	-0.713808	-0.169309
07939		9.716036	0.701214	-0.490936	-0.051204	0.005555	0.008593	-0.813477	0.101562	-0.342529	0.668338	-0.123411	-0.713656	-0.169671
07940		9.724953	0.700700	-0.509119	-0.034537	0.003174	0.009177	-0.803223	0.097412	-0.340332	0.668318	-0.123833	-0.713539	-0.169940
07941		9.729339	0.705627	-0.462878	-0.028382	0.001370	0.007482	-0.811035	0.094971	-0.346436	0.668300	-0.124143	-0.713458	-0.170123
07942		9.738164	0.705962	-0.481707	-0.032209	0.003793	0.002078	-0.810059	0.101318	-0.337646	0.668294	-0.124407	-0.713359	-0.170368
07943		9.730269	0.675086	-0.503947	-0.014811	0.010274	-0.001131	-0.804932	0.097412	-0.341553	0.668339	-0.124546	-0.713249	-0.170549
07944		9.738930	0.684611	-0.515917	-0.000939	0.012060	0.001309	-0.811279	0.098145	-0.342529	0.668447	-0.124541	-0.713149	-0.170548
07945		9.724697	0.736203	-0.449876	-0.000237	0.008277	0.002987	-0.796875	0.097656	-0.329346	0.668518	-0.124566	-0.713081	-0.170533
07946		9.720764	0.725555	-0.468903	-0.005031	0.011308	0.004701	-0.803711	0.099609	-0.337158	0.668599	-0.124633	-0.712992	-0.170543
07947		9.730160	0.705675	-0.473042	0.001179	0.008798	0.005424	-0.808350	0.099854	-0.341797	0.668677	-0.124676	-0.712921	-0.170502
07948		9.743430	0.704049	-0.450771	0.009877	0.010580	0.002100	-0.804199	0.095459	-0.346191	0.668782	-0.124614	-0.712854	-0.170416
07949		9.746974	0.744997	-0.458808	0.012737	0.010871	-0.001711	-0.800049	0.098145	-0.339600	0.668906	-0.124447	-0.712795	-0.170296
07950		9.724995	0.756506	-0.474776	0.013912	0.012637	-0.003535	-0.806152	0.090820	-0.332275	0.669030	-0.124277	-0.712730	-0.170205
07951		9.711409	0.779269	-0.452925	0.006879	0.011189	-0.001684	-0.802490	0.096924	-0.345459	0.669113	-0.124134	-0.712697	-0.170119
07952		9.730113	0.730645	-0.445267	0.004622	0.008516	-0.001027	-0.807617	0.107422	-0.347168	0.669202	-0.124062	-0.712637	-0.170075
07953		9.734301	0.743394	-0.445290	0.006491	0.010620	0.002625	-0.810059	0.100830	-0.337402	0.669306	-0.124099	-0.712534	-0.170069
07954		9.734447	0.746124	-0.466562	0.007544	0.010420	0.000858	-0.811523	0.090820	-0.339844	0.669385	-0.124064	-0.712476	-0.170030
07955		9.725214	0.772601	-0.451871	0.002114	0.014728	0.002784	-0.810791	0.096680	-0.351562	0.669512	-0.123993	-0.712387	-0.169955
07956		9.721535	0.750856	-0.451701	0.001069	0.010807	0.000757	-0.794189	0.093750	-0.342529	0.669620	-0.123966	-0.712294	-0.169937
07957		9.725952	0.755338	-0.456700	0.003558	0.009321	0.000913	-0.805908	0.102295	-0.346191	0.669722	-0.123888	-0.712230	-0.169860
07958		9.743603	0.751019	-0.447059	0.004470	0.008963	-0.000280	-0.807373	0.099365	-0.341797	0.669804	-0.123874	-0.712157	-0.169856
07959		9.726148	0.751952	-0.428425	0.007814	0.011942	0.000059	-0.807861	0.101807	-0.346191	0.669907	-0.123809	-0.712082	-0.169809
07960		9.735497	0.733045	-0.432146	0.006282	0.012371	0.001127	-0.803711	0.096680	-0.338867	0.670021	-0.123786	-0.711985	-0.169784
07961		9.727091	0.726529	-0.438401	0.007541	0.010423	0.000862	-0.804443	0.099121	-0.339111	0.670112	-0.123709	-0.711931	-0.169708
07962		9.749727	0.701616	-0.451493	0.008973	0.009139	0.002786	-0.803955	0.087646	-0.338135	0.670194	-0.123661	-0.711883	-0.169621
07963		9.723574	0.707434	-0.460418	0.017657	0.012126	-0.000179	-0.801270	0.096191	-0.343750	0.670320	-0.123407	-0.711861	-0.169399
07964		9.745326	0.716006	-0.452410	0.025486	0.013569	0.000125	-0.805420	0.100098	-0.354492	0.670478	-0.123161	-0.711810	-0.169169
07965		9.718450	0.743638	-0.421668	0.028704	0.014585	0.000524	-0.798828	0.099609	-0.348145	0.670665	-0.122922	-0.711730	-0.168935
07966		9.735966	0.750787	-0.429720	0.025293	0.014113	-0.001720	-0.801514	0.098633	-0.340576	0.670831	-0.122689	-0.711658	-0.168747
07967		9.735825	0.759414	-0.422011	0.021482	0.010757	-0.002928	-0.804199	0.093018	-0.353516	0.670938	-0.122483	-0.711629	-0.168598
