// Start Time: Unknown
// Update Rate: 40.0Hz
// Filter Profile: human (46.1)
// Firmware Version: 4.3.4
PacketCounter	SampleTimeFine	Acc_X	Acc_Y	Acc_Z	Gyr_X	Gyr_Y	Gyr_Z	Mag_X	Mag_Y	Mag_Z	Quat_q0	Quat_q1	Quat_q2	Quat_q3
07338		9.775132	-0.009983	2.220491	-0.015897	-0.001609	0.001350	-0.830811	0.577881	0.105713	0.405210	-0.533783	-0.322968	-0.668260
07339		9.773441	-0.029534	2.199836	0.000086	-0.002420	0.001251	-0.833008	0.577881	0.101318	0.405212	-0.533808	-0.322973	-0.668237
07340		9.760944	0.008055	2.193570	0.006328	-0.001952	0.001963	-0.834961	0.575928	0.096924	0.405307	-0.533768	-0.323015	-0.668191
07341		9.776226	-0.013824	2.250075	0.002924	0.000732	0.002168	-0.826416	0.575928	0.101318	0.405417	-0.533712	-0.323007	-0.668173
07342		9.769635	-0.014109	2.232094	0.000802	0.002866	0.001699	-0.830811	0.580078	0.098877	0.405488	-0.533664	-0.322979	-0.668181
07343		9.771032	-0.021198	2.200987	-0.000525	0.001387	0.000565	-0.830811	0.577881	0.101318	0.405567	-0.533610	-0.322949	-0.668191
07344		9.765718	-0.064066	2.213460	0.003775	0.002505	0.000741	-0.833008	0.575928	0.096924	0.405642	-0.533553	-0.322956	-0.668188
07345		9.770106	-0.016707	2.264386	0.012579	0.001873	0.000106	-0.833008	0.580078	0.101074	0.405795	-0.533442	-0.323035	-0.668145
07346		9.766799	-0.016644	2.255449	-0.000964	0.000355	0.002381	-0.826660	0.582275	0.096680	0.405852	-0.533439	-0.322993	-0.668134
07347		9.777151	-0.021296	2.221038	0.002426	0.002412	0.000527	-0.830811	0.577881	0.099121	0.405982	-0.533349	-0.322971	-0.668137
07348		9.765815	-0.014266	2.225404	0.009442	0.000654	0.001495	-0.833008	0.577881	0.101318	0.406098	-0.533269	-0.323027	-0.668104
07349		9.758681	0.002034	2.248800	0.007907	0.000368	0.002633	-0.828613	0.575928	0.101318	0.406190	-0.533229	-0.323065	-0.668061
07350		9.765708	-0.026637	2.246191	0.005960	-0.000660	0.003382	-0.833008	0.575928	0.101318	0.406259	-0.533200	-0.323095	-0.668027
07351		9.776178	-0.031545	2.211264	0.003765	-0.000848	0.003311	-0.824463	0.575928	0.099121	0.406308	-0.533191	-0.323105	-0.668001
07352		9.757061	-0.006356	2.207520	0.002072	-0.001038	0.003595	-0.826660	0.580078	0.094482	0.406376	-0.533176	-0.323100	-0.667973
07353		9.760715	-0.047338	2.216558	0.001553	0.002027	0.002874	-0.828857	0.582275	0.096680	0.406504	-0.533114	-0.323074	-0.667958
07354		9.773836	-0.023972	2.212116	0.008246	-0.001212	0.003420	-0.835205	0.584229	0.100830	0.406664	-0.533076	-0.323110	-0.667873
07355		9.758426	-0.026846	2.196881	0.007038	0.001661	0.003694	-0.831055	0.582275	0.101074	0.406804	-0.533060	-0.323115	-0.667798
07356		9.770416	-0.025133	2.203677	0.002445	0.004154	0.004537	-0.828613	0.578125	0.099121	0.406909	-0.533053	-0.323078	-0.667757
07357		9.771586	-0.044744	2.193894	0.001536	0.005092	0.002507	-0.824707	0.584473	0.101074	0.406970	-0.533013	-0.323060	-0.667760
07358		9.769764	-0.038555	2.226808	-0.000591	0.005548	0.003322	-0.826416	0.575928	0.105713	0.407073	-0.533021	-0.322997	-0.667723
07359		9.777480	-0.046355	2.214885	0.000001	0.004806	0.003644	-0.826416	0.575928	0.103516	0.407064	-0.533056	-0.322965	-0.667716
07360		9.782843	-0.056438	2.224146	0.006789	0.002500	0.002875	-0.828857	0.580078	0.103271	0.407103	-0.533055	-0.323004	-0.667674
07361		9.772358	-0.040339	2.238811	0.007636	0.002595	0.002733	-0.830811	0.580078	0.103271	0.407180	-0.533060	-0.323032	-0.667609
07362		9.768504	-0.012773	2.250982	-0.000581	0.000810	0.004974	-0.828857	0.582275	0.103271	0.407207	-0.533129	-0.322985	-0.667560
07363		9.760985	-0.035474	2.243308	0.001517	0.000064	0.006364	-0.828857	0.582275	0.105469	0.407277	-0.533200	-0.322940	-0.667483
07364		9.776514	-0.022448	2.237764	0.003390	-0.001231	0.006015	-0.826660	0.582275	0.103271	0.407330	-0.533289	-0.322916	-0.667390
07365		9.756057	-0.057072	2.213361	0.006081	-0.002719	0.007729	-0.833008	0.580078	0.101074	0.407432	-0.533359	-0.322913	-0.667274
07366		9.773002	-0.086585	2.237308	0.015174	-0.006966	0.006080	-0.826660	0.580078	0.098877	0.407539	-0.533379	-0.323045	-0.667129
07367		9.758491	-0.040459	2.230761	0.006095	-0.005779	0.008097	-0.826660	0.582275	0.101074	0.407650	-0.533423	-0.323069	-0.667014
07368		9.772864	-0.086529	2.203515	0.012199	-0.006600	0.007036	-0.826660	0.582275	0.101074	0.407788	-0.533469	-0.323141	-0.666858
07369		9.765279	-0.068468	2.194631	0.016252	-0.004642	0.006389	-0.826660	0.582275	0.103271	0.407954	-0.533479	-0.323240	-0.666700
07370		9.772965	-0.059731	2.221863	0.011793	-0.005662	0.005361	-0.824463	0.582275	0.103271	0.408052	-0.533547	-0.323312	-0.666552
07371		9.768011	-0.091263	2.212144	0.015818	-0.003990	0.006918	-0.822510	0.584473	0.103271	0.408203	-0.533588	-0.323392	-0.666387
07372		9.771619	-0.079837	2.199484	0.020159	-0.005644	0.005255	-0.826904	0.586426	0.096436	0.408391	-0.533628	-0.323508	-0.666183
07373		9.767734	-0.089473	2.178919	0.022009	-0.005546	0.005823	-0.833008	0.582275	0.096680	0.408669	-0.533572	-0.323653	-0.665988
07374		9.761497	-0.089212	2.159345	0.032164	-0.004404	0.004109	-0.828857	0.582275	0.101074	0.408922	-0.533428	-0.323932	-0.665812
07375		9.760198	-0.081270	2.190155	0.034866	-0.002532	0.003243	-0.824463	0.578125	0.101318	0.409158	-0.533326	-0.324211	-0.665612
07376		9.774848	-0.087661	2.194653	0.017466	-0.004140	0.003541	-0.830811	0.577881	0.101318	0.409237	-0.533333	-0.324359	-0.665486
07377		9.777354	-0.084958	2.172689	0.017460	0.000595	0.001875	-0.831055	0.586426	0.103027	0.409282	-0.533279	-0.324517	-0.665425
07378		9.770852	-0.084478	2.154299	0.020335	-0.000694	0.002238	-0.828857	0.584229	0.103271	0.409419	-0.533285	-0.324643	-0.665274
07379		9.756192	-0.088390	2.170212	0.021952	0.003583	-0.000601	-0.826660	0.582275	0.103271	0.409539	-0.533241	-0.324788	-0.665165
07380		9.780254	-0.094068	2.203872	0.025989	0.002207	0.001326	-0.830811	0.580078	0.103271	0.409680	-0.533198	-0.324964	-0.665026
07381		9.762291	-0.097822	2.210818	0.019502	0.002564	-0.000203	-0.824707	0.586426	0.098633	0.409712	-0.533162	-0.325127	-0.664956
07382		9.774450	-0.082730	2.196615	0.009534	0.001607	0.000162	-0.828857	0.582275	0.101074	0.409846	-0.533164	-0.325143	-0.664864
07383		9.749558	-0.070842	2.226160	0.001093	-0.000738	0.000681	-0.833252	0.584229	0.098633	0.409809	-0.533238	-0.325143	-0.664828
07384		9.774498	-0.082597	2.196408	-0.005717	-0.001873	-0.001263	-0.824463	0.582275	0.103271	0.409736	-0.533300	-0.325116	-0.664836
07385		9.784491	-0.125703	2.130449	-0.005930	-0.002338	0.002295	-0.831055	0.584229	0.094238	0.409658	-0.533476	-0.325025	-0.664788
07386		9.763015	-0.102305	2.148140	0.011817	0.001058	0.000201	-0.828857	0.586426	0.105225	0.409808	-0.533357	-0.325126	-0.664741
07387		9.754425	-0.077656	2.203210	0.019934	0.001921	-0.000733	-0.828857	0.584229	0.103271	0.409890	-0.533395	-0.325231	-0.664609
07388		9.755670	-0.095747	2.193041	0.001611	0.002602	-0.001550	-0.826904	0.586426	0.103027	0.409842	-0.533474	-0.325211	-0.664584
07389		9.762508	-0.112048	2.170841	-0.006676	0.004892	-0.001851	-0.826660	0.582275	0.103271	0.409789	-0.533589	-0.325081	-0.664588
07390		9.758592	-0.095040	2.203725	-0.007373	-0.000118	-0.004476	-0.826660	0.578125	0.096924	0.409640	-0.533719	-0.325026	-0.664603
07391		9.770843	-0.092050	2.209413	-0.009988	-0.002723	-0.003638	-0.826660	0.582275	0.098877	0.409519	-0.533748	-0.325016	-0.664659
07392		9.758793	-0.106113	2.223190	-0.009060	-0.005038	-0.002518	-0.828857	0.584473	0.098877	0.409430	-0.533852	-0.324968	-0.664654
07393		9.737717	-0.070939	2.218766	-0.019441	-0.006739	-0.002537	-0.822510	0.584473	0.098877	0.409282	-0.534021	-0.324833	-0.664675
07394		9.782168	-0.109043	2.190863	-0.021534	-0.010729	-0.002258	-0.822510	0.584473	0.103271	0.409156	-0.534252	-0.324664	-0.664650
07395		9.758581	-0.102735	2.155030	-0.010735	-0.013013	-0.000186	-0.824707	0.584473	0.098877	0.409052	-0.534525	-0.324571	-0.664540
07396		9.785896	-0.107735	2.163289	-0.004083	-0.011787	0.000903	-0.824707	0.584473	0.103271	0.409065	-0.534657	-0.324550	-0.664435
07397		9.771102	-0.110804	2.145136	-0.003422	-0.011878	0.002112	-0.824707	0.586426	0.103027	0.409030	-0.534866	-0.324517	-0.664305
07398		9.770156	-0.158282	2.101858	0.011787	-0.008773	0.000441	-0.822510	0.588623	0.103027	0.409127	-0.534963	-0.324592	-0.664131
07399		9.770778	-0.079323	2.130774	0.017531	-0.006621	-0.000505	-0.828857	0.584229	0.103271	0.409307	-0.535029	-0.324681	-0.663923
07400		9.771423	-0.118471	2.129423	0.017696	-0.005041	-0.000944	-0.822510	0.588623	0.103027	0.409383	-0.535029	-0.324847	-0.663794
07401		9.759340	-0.131380	2.143542	0.022325	-0.000759	-0.001657	-0.822510	0.584473	0.105469	0.409603	-0.535018	-0.324960	-0.663613
07402		9.770164	-0.096386	2.139891	0.023412	0.003235	-0.002650	-0.824707	0.586426	0.100830	0.409743	-0.534987	-0.325100	-0.663483
07403		9.767581	-0.108764	2.182991	0.020117	0.002115	-0.002104	-0.828857	0.584229	0.103271	0.409932	-0.534905	-0.325223	-0.663372
07404		9.761925	-0.097848	2.174978	0.015817	0.000989	-0.002268	-0.826904	0.588623	0.100830	0.409991	-0.534869	-0.325356	-0.663299
07405		9.761912	-0.096642	2.175090	0.010328	-0.000329	-0.001788	-0.824707	0.584473	0.101074	0.410113	-0.534866	-0.325401	-0.663204
07406		9.763365	-0.103190	2.143464	0.002124	-0.000455	-0.000816	-0.820312	0.586426	0.105225	0.410142	-0.534903	-0.325396	-0.663159
07407		9.763428	-0.102855	2.143192	0.003651	-0.001839	-0.000664	-0.824707	0.584473	0.105469	0.410173	-0.535046	-0.325361	-0.663041
07408		9.775290	-0.083712	2.189985	-0.013310	-0.004134	-0.000871	-0.824707	0.584473	0.105469	0.410022	-0.535263	-0.325243	-0.663018
07409		9.754315	-0.144283	2.114108	-0.026673	-0.002425	-0.000300	-0.820312	0.584473	0.105469	0.409799	-0.535526	-0.325002	-0.663061
07410		9.762001	-0.123421	2.120995	-0.007638	-0.002625	-0.002706	-0.824707	0.584473	0.105469	0.409719	-0.535695	-0.324911	-0.663019
07411		9.767736	-0.120650	2.108200	-0.002582	-0.000659	-0.002657	-0.824707	0.588623	0.105225	0.409657	-0.535795	-0.324879	-0.662993
07412		9.762118	-0.122432	2.120511	-0.002830	0.000175	-0.003481	-0.824463	0.582275	0.107666	0.409647	-0.535900	-0.324810	-0.662947
07413		9.763017	-0.112265	2.130762	-0.005795	0.002202	-0.003814	-0.831055	0.584229	0.103271	0.409514	-0.536007	-0.324761	-0.662966
07414		9.761892	-0.121035	2.121631	-0.002177	0.004812	-0.003946	-0.822510	0.582275	0.098877	0.409463	-0.535974	-0.324759	-0.663026
07415		9.769616	-0.126943	2.109637	0.001983	0.004644	-0.005550	-0.822510	0.584473	0.107666	0.409516	-0.535871	-0.324779	-0.663067
07416		9.761355	-0.118370	2.124250	0.006605	0.007258	-0.004972	-0.828857	0.586426	0.107422	0.409522	-0.535891	-0.324779	-0.663046
07417		9.769805	-0.137577	2.164343	0.005302	0.006050	-0.008303	-0.824463	0.582275	0.103271	0.409474	-0.535890	-0.324818	-0.663058
07418		9.769146	-0.083360	2.145081	0.004436	0.007345	-0.007246	-0.822510	0.584473	0.105469	0.409469	-0.535818	-0.324853	-0.663103
07419		9.763559	-0.112264	2.138627	0.003500	0.007990	-0.007073	-0.828857	0.586426	0.103027	0.409471	-0.535806	-0.324839	-0.663118
07420		9.755242	-0.103162	2.153417	0.008247	0.005417	-0.007056	-0.826904	0.586426	0.105225	0.409510	-0.535731	-0.324902	-0.663123
07421		9.767162	-0.098643	2.160658	0.004953	0.004290	-0.006510	-0.824707	0.586426	0.100830	0.409509	-0.535734	-0.324924	-0.663111
07422		9.753845	-0.108839	2.145771	0.002167	0.004834	-0.006904	-0.824707	0.584473	0.103271	0.409559	-0.535683	-0.324918	-0.663124
07423		9.771418	-0.102195	2.140629	0.003171	0.004839	-0.006194	-0.826660	0.584473	0.105469	0.409566	-0.535662	-0.324927	-0.663133
07424		9.758144	-0.112261	2.125596	0.015848	0.002957	-0.005760	-0.824707	0.584473	0.109863	0.409615	-0.535620	-0.325054	-0.663074
07425		9.766320	-0.090579	2.164812	0.014436	0.003880	-0.008149	-0.820312	0.582275	0.103271	0.409593	-0.535650	-0.325160	-0.663011
07426		9.764321	-0.107548	2.145744	-0.000032	0.002968	-0.005679	-0.826904	0.586426	0.107422	0.409575	-0.535676	-0.325140	-0.663011
07427		9.764230	-0.094296	2.125712	-0.003479	0.003598	-0.007283	-0.829102	0.588623	0.100830	0.409481	-0.535762	-0.325093	-0.663023
07428		9.760148	-0.087799	2.179717	-0.002131	0.003699	-0.007071	-0.824707	0.584473	0.103271	0.409493	-0.535737	-0.325062	-0.663051
07429		9.763885	-0.102983	2.147950	-0.000607	0.000647	-0.005623	-0.824707	0.586426	0.105225	0.409465	-0.535773	-0.325054	-0.663043
07430		9.758282	-0.092158	2.139614	0.003870	0.000303	-0.005515	-0.826904	0.586426	0.103027	0.409466	-0.535827	-0.325066	-0.662992
07431		9.772755	-0.097516	2.145097	0.005128	0.001145	-0.005275	-0.826904	0.588623	0.105225	0.409495	-0.535823	-0.325099	-0.662961
07432		9.760562	-0.098620	2.139289	0.001242	0.000751	-0.005056	-0.826660	0.582275	0.101074	0.409496	-0.535887	-0.325080	-0.662918
07433		9.766227	-0.094941	2.126938	0.003273	-0.000628	-0.004547	-0.831055	0.582275	0.103271	0.409490	-0.535862	-0.325136	-0.662915
07434		9.754945	-0.098616	2.151589	0.001650	-0.000174	-0.003377	-0.826660	0.582275	0.103271	0.409437	-0.535859	-0.325188	-0.662924
07435		9.775111	-0.101905	2.144538	0.003870	0.000304	-0.005516	-0.824707	0.586426	0.105225	0.409409	-0.535852	-0.325245	-0.662919
07436		9.777529	-0.097887	2.122989	0.005995	-0.000145	-0.006330	-0.828857	0.586426	0.111816	0.409421	-0.535891	-0.325284	-0.662862
07437		9.766265	-0.100924	2.147598	0.005399	-0.001076	-0.005362	-0.826904	0.586426	0.105225	0.409339	-0.536019	-0.325329	-0.662787
07438		9.780266	-0.077859	2.173368	0.004621	-0.000525	-0.004335	-0.828857	0.584229	0.105469	0.409347	-0.536062	-0.325355	-0.662734
07439		9.762621	-0.070188	2.158391	-0.007195	-0.003292	-0.003237	-0.824707	0.586426	0.107422	0.409239	-0.536175	-0.325317	-0.662728
07440		9.760143	-0.110154	2.148196	-0.004480	-0.006149	-0.002430	-0.829102	0.588623	0.103027	0.409170	-0.536353	-0.325271	-0.662649
07441		9.753416	-0.081130	2.148942	0.002376	-0.006103	-0.003608	-0.828857	0.584229	0.105469	0.409184	-0.536414	-0.325302	-0.662576
07442		9.775349	-0.104202	2.129730	-0.003249	-0.005585	0.000018	-0.831055	0.582275	0.105469	0.409128	-0.536527	-0.325288	-0.662526
07443		9.752218	-0.099778	2.126319	-0.006353	-0.004862	-0.002085	-0.826904	0.586426	0.107422	0.409009	-0.536619	-0.325285	-0.662527
07444		9.774404	-0.084984	2.138104	-0.000207	-0.003616	-0.001354	-0.826904	0.586426	0.105225	0.408986	-0.536731	-0.325268	-0.662458
07445		9.773637	-0.105855	2.148239	0.004089	-0.002475	-0.001190	-0.826660	0.584473	0.107666	0.409021	-0.536779	-0.325284	-0.662390
07446		9.760784	-0.105559	2.110651	0.004112	-0.003865	-0.002102	-0.824707	0.588623	0.105225	0.409002	-0.536858	-0.325324	-0.662318
07447		9.767493	-0.104810	2.128196	0.003334	-0.003314	-0.001075	-0.826904	0.586426	0.107422	0.409061	-0.536932	-0.325312	-0.662227
07448		9.754627	-0.116370	2.111345	0.005116	-0.003858	-0.001392	-0.829102	0.590576	0.107422	0.409074	-0.537007	-0.325346	-0.662142
07449		9.755668	-0.106086	2.120695	0.008226	-0.001240	-0.001881	-0.829102	0.588623	0.103027	0.409143	-0.537049	-0.325379	-0.662049
07450		9.758989	-0.104943	2.129672	0.011608	-0.000845	-0.002458	-0.824707	0.584473	0.105469	0.409251	-0.537003	-0.325459	-0.661980
07451		9.763230	-0.082480	2.127765	0.009071	-0.001140	-0.002026	-0.826660	0.584473	0.105469	0.409304	-0.537007	-0.325523	-0.661913
07452		9.759158	-0.102937	2.128995	0.007562	-0.002819	-0.001795	-0.824707	0.588623	0.107422	0.409332	-0.537025	-0.325591	-0.661847
07453		9.765866	-0.090093	2.125824	0.009344	-0.003361	-0.002112	-0.820312	0.586426	0.109619	0.409396	-0.537085	-0.325643	-0.661733
07454		9.756269	-0.101089	2.118172	0.009434	-0.004101	-0.002140	-0.828857	0.586426	0.105225	0.409437	-0.537184	-0.325695	-0.661602
07455		9.773299	-0.116704	2.122064	-0.001484	-0.001402	-0.001976	-0.824707	0.586426	0.111816	0.409416	-0.537228	-0.325683	-0.661586
07456		9.770126	-0.116398	2.112468	-0.006030	-0.001714	-0.002962	-0.828857	0.586426	0.105225	0.409319	-0.537386	-0.325620	-0.661549
07457		9.751519	-0.118656	2.087701	0.002902	-0.000998	-0.001843	-0.822510	0.588623	0.107422	0.409333	-0.537398	-0.325641	-0.661519
07458		9.755768	-0.108101	2.106507	0.007152	-0.001892	-0.003475	-0.826660	0.584473	0.107666	0.409387	-0.537449	-0.325671	-0.661430
07459		9.772707	-0.123432	2.110852	-0.003333	0.000160	-0.003838	-0.828857	0.586426	0.105225	0.409320	-0.537503	-0.325651	-0.661437
07460		9.762887	-0.123028	2.083423	-0.005709	0.001440	-0.003847	-0.824707	0.588623	0.111816	0.409270	-0.537529	-0.325603	-0.661471
07461		9.774942	-0.119432	2.089990	0.001307	0.003070	-0.005472	-0.820312	0.584473	0.109863	0.409246	-0.537597	-0.325582	-0.661441
07462		9.758777	-0.103883	2.117089	0.002563	0.003914	-0.005233	-0.826660	0.584473	0.112061	0.409235	-0.537630	-0.325572	-0.661425
07463		9.759155	-0.131153	2.097455	-0.002760	0.004151	-0.005194	-0.824707	0.586426	0.109619	0.409146	-0.537688	-0.325543	-0.661448
07464		9.765474	-0.117888	2.096069	-0.000383	0.004541	-0.006480	-0.826904	0.588623	0.107422	0.409109	-0.537711	-0.325520	-0.661463
07465		9.758164	-0.088045	2.099297	0.000713	0.003809	-0.005799	-0.822510	0.586426	0.107422	0.409109	-0.537713	-0.325502	-0.661470
07466		9.765904	-0.116882	2.129120	0.000965	0.006315	-0.007566	-0.824707	0.586426	0.105225	0.409107	-0.537694	-0.325480	-0.661498
07467		9.762415	-0.103350	2.100275	0.004529	0.003563	-0.006903	-0.826660	0.584473	0.109863	0.409131	-0.537650	-0.325507	-0.661505
07468		9.767194	-0.082382	2.130550	0.000279	0.006125	-0.006568	-0.820312	0.586426	0.109619	0.409081	-0.537645	-0.325501	-0.661543
07469		9.770815	-0.097555	2.099566	-0.002577	0.004340	-0.006548	-0.826904	0.588623	0.111816	0.409048	-0.537698	-0.325442	-0.661550
07470		9.759053	-0.127227	2.074103	0.001877	0.005397	-0.005531	-0.822754	0.590820	0.105225	0.409032	-0.537729	-0.325422	-0.661544
07471		9.756641	-0.089564	2.127563	0.005877	0.005341	-0.007987	-0.820312	0.582275	0.105469	0.409106	-0.537683	-0.325426	-0.661534
07472		9.755511	-0.108981	2.139692	0.000621	0.004553	-0.005771	-0.828857	0.584229	0.109863	0.409100	-0.537661	-0.325413	-0.661562
07473		9.782559	-0.116836	2.090179	-0.002601	0.007401	-0.006936	-0.822510	0.586426	0.107422	0.409023	-0.537650	-0.325388	-0.661631
07474		9.758788	-0.098863	2.068983	0.002404	0.007355	-0.008681	-0.824707	0.588623	0.109619	0.409027	-0.537612	-0.325379	-0.661663
07475		9.767286	-0.106102	2.088558	0.004981	0.008026	-0.006021	-0.824463	0.582275	0.101074	0.409066	-0.537589	-0.325367	-0.661664
07476		9.767669	-0.106225	2.121569	0.007015	0.009995	-0.008105	-0.822510	0.588623	0.105225	0.409121	-0.537424	-0.325412	-0.661742
07477		9.761507	-0.094777	2.115627	-0.000091	0.010767	-0.007756	-0.824707	0.588623	0.105225	0.409162	-0.537365	-0.325350	-0.661796
07478		9.762499	-0.111903	2.107608	0.001758	0.010878	-0.007188	-0.822510	0.582275	0.103271	0.409210	-0.537291	-0.325307	-0.661847
07479		9.768357	-0.086332	2.087545	0.002392	0.015525	-0.007663	-0.824707	0.586426	0.105225	0.409249	-0.537144	-0.325272	-0.661959
07480		9.782038	-0.102568	2.117619	0.006460	0.016125	-0.009233	-0.828857	0.582275	0.101074	0.409313	-0.536992	-0.325267	-0.662045
07481		9.768231	-0.100541	2.085006	-0.000145	0.018571	-0.009831	-0.828857	0.586426	0.103027	0.409317	-0.536788	-0.325232	-0.662225
07482		9.759068	-0.102405	2.123918	0.001545	0.022123	-0.012713	-0.824463	0.580078	0.103271	0.409342	-0.536572	-0.325193	-0.662405
07483		9.764424	-0.099104	2.147462	0.001135	0.019709	-0.011799	-0.822510	0.582275	0.103271	0.409326	-0.536384	-0.325167	-0.662579
07484		9.774721	-0.091247	2.127784	0.002983	0.021498	-0.012528	-0.824463	0.582275	0.105469	0.409349	-0.536187	-0.325134	-0.662740
07485		9.765533	-0.080888	2.145957	0.004859	0.020223	-0.012868	-0.826660	0.584473	0.103271	0.409352	-0.536010	-0.325129	-0.662884
07486		9.761205	-0.051445	2.192753	0.005109	0.017719	-0.010743	-0.828857	0.584229	0.101074	0.409388	-0.535844	-0.325123	-0.662999
07487		9.754739	-0.051201	2.208558	0.003727	0.010551	-0.008855	-0.831055	0.584229	0.103271	0.409405	-0.535726	-0.325138	-0.663076
07488		9.764843	-0.065460	2.196792	0.002754	0.005802	-0.007882	-0.822266	0.580078	0.101074	0.409380	-0.535673	-0.325167	-0.663120
07489		9.754871	-0.075671	2.191335	-0.001473	0.005291	-0.007174	-0.826660	0.584473	0.107666	0.409348	-0.535646	-0.325149	-0.663171
07490		9.777425	-0.064860	2.143209	-0.008174	0.005122	-0.005160	-0.824463	0.582275	0.101074	0.409259	-0.535724	-0.325052	-0.663211
07491		9.758541	-0.040773	2.170933	-0.011118	0.002393	-0.003821	-0.826660	0.582275	0.103271	0.409189	-0.535782	-0.324944	-0.663260
07492		9.768223	-0.066777	2.147705	-0.016535	0.001683	-0.002475	-0.824463	0.578125	0.103516	0.409069	-0.535890	-0.324790	-0.663322
07493		9.767383	-0.076527	2.138080	-0.014751	0.001147	-0.002786	-0.829102	0.588623	0.100830	0.408932	-0.535989	-0.324664	-0.663388
07494		9.760775	-0.100225	2.161528	-0.011620	0.000718	-0.002881	-0.826904	0.586426	0.105225	0.408900	-0.536060	-0.324547	-0.663408
07495		9.777718	-0.055146	2.155327	-0.015878	0.001600	-0.001264	-0.826660	0.582275	0.107666	0.408817	-0.536192	-0.324376	-0.663436
07496		9.769739	-0.124461	2.107678	-0.010962	0.002309	-0.002966	-0.833252	0.584229	0.105225	0.408709	-0.536295	-0.324266	-0.663473
07497		9.778362	-0.045361	2.165839	-0.004480	-0.001430	-0.004123	-0.831055	0.584229	0.107666	0.408628	-0.536352	-0.324251	-0.663483
07498		9.749332	-0.081239	2.145434	-0.015442	0.002635	-0.003087	-0.826660	0.580078	0.103271	0.408493	-0.536463	-0.324109	-0.663547
07499		9.775182	-0.083156	2.126583	-0.005732	0.001154	-0.001662	-0.826660	0.584473	0.103271	0.408446	-0.536502	-0.324052	-0.663572
07500		9.757322	-0.087914	2.133063	-0.000063	0.001029	-0.002180	-0.824707	0.584473	0.105469	0.408466	-0.536521	-0.324031	-0.663554
07501		9.763600	-0.098459	2.172496	0.010867	0.000033	-0.003600	-0.826660	0.582275	0.105469	0.408536	-0.536512	-0.324108	-0.663481
07502		9.764527	-0.064153	2.140851	0.007892	0.000371	-0.002651	-0.826660	0.580078	0.103271	0.408570	-0.536509	-0.324166	-0.663434
07503		9.765393	-0.103141	2.140921	0.009708	-0.001557	-0.003873	-0.820312	0.586426	0.103027	0.408596	-0.536482	-0.324266	-0.663391
07504		9.769560	-0.080268	2.138723	0.009896	-0.003041	-0.003929	-0.822266	0.580078	0.105469	0.408691	-0.536498	-0.324339	-0.663284
07505		9.779393	-0.066631	2.144833	0.018070	-0.003139	-0.002663	-0.828857	0.582275	0.103271	0.408777	-0.536480	-0.324494	-0.663170
07506		9.759505	-0.098834	2.120388	0.018321	-0.003971	-0.001837	-0.824707	0.584473	0.105469	0.408874	-0.536437	-0.324664	-0.663062
07507		9.764428	-0.077954	2.148625	0.020699	-0.003566	-0.003116	-0.826660	0.582275	0.105469	0.408993	-0.536411	-0.324841	-0.662922
07508		9.763855	-0.085649	2.137905	0.016064	-0.003150	-0.004092	-0.822510	0.588623	0.103027	0.409050	-0.536392	-0.324994	-0.662828
07509		9.774742	-0.088501	2.102239	0.012650	-0.005601	-0.005318	-0.833008	0.580078	0.101074	0.409143	-0.536410	-0.325116	-0.662696
07510		9.757968	-0.081878	2.117279	0.012648	-0.003924	-0.006617	-0.829102	0.588623	0.103027	0.409140	-0.536344	-0.325290	-0.662666
07511		9.767021	-0.077120	2.113526	0.006884	-0.001389	-0.007369	-0.826660	0.580078	0.105469	0.409169	-0.536331	-0.325373	-0.662618
07512		9.756563	-0.108190	2.117705	0.004000	0.001553	-0.009044	-0.824463	0.580078	0.101074	0.409106	-0.536311	-0.325442	-0.662639
07513		9.759696	-0.093666	2.106750	0.012421	0.003983	-0.009552	-0.826904	0.586426	0.103027	0.409143	-0.536194	-0.325572	-0.662647
07514		9.761881	-0.099890	2.107406	0.008032	0.006908	-0.012299	-0.824463	0.582275	0.105469	0.409166	-0.536091	-0.325655	-0.662675
07515		9.755787	-0.098903	2.121735	0.008249	0.009143	-0.011862	-0.822510	0.582275	0.105469	0.409166	-0.535991	-0.325727	-0.662722
07516		9.764987	-0.083249	2.130698	0.006683	0.008478	-0.013814	-0.826660	0.584473	0.101074	0.409143	-0.535903	-0.325796	-0.662772
07517		9.776694	-0.065183	2.118064	0.003895	0.009002	-0.014219	-0.822510	0.582275	0.103271	0.409131	-0.535783	-0.325852	-0.662850
07518		9.764099	-0.075937	2.135035	0.003550	0.008906	-0.013721	-0.826660	0.584473	0.109863	0.409105	-0.535694	-0.325894	-0.662916
07519		9.760485	-0.072724	2.127873	0.003458	0.007974	-0.012394	-0.828857	0.582275	0.107666	0.409046	-0.535669	-0.325925	-0.662958
07520		9.766293	-0.068851	2.149025	0.008549	0.014002	-0.014053	-0.826660	0.582275	0.103271	0.409023	-0.535533	-0.325991	-0.663049
07521		9.761387	-0.048503	2.184099	0.005959	0.009687	-0.011910	-0.822510	0.586426	0.098633	0.409019	-0.535428	-0.326043	-0.663111
07522		9.771610	-0.050240	2.151819	0.002578	0.009267	-0.011346	-0.824463	0.582275	0.101074	0.409069	-0.535329	-0.326052	-0.663155
07523		9.762280	-0.049754	2.156964	0.005400	0.007359	-0.011849	-0.828857	0.582275	0.103271	0.409074	-0.535238	-0.326108	-0.663199
07524		9.756240	-0.037507	2.150219	-0.000768	0.007455	-0.011692	-0.828857	0.582275	0.103271	0.409009	-0.535186	-0.326117	-0.663276
07525		9.766524	-0.051208	2.138390	-0.004401	0.007868	-0.011958	-0.830811	0.575928	0.103516	0.408921	-0.535150	-0.326095	-0.663370
07526		9.750122	-0.072604	2.135934	-0.004058	0.007970	-0.012457	-0.831055	0.582275	0.105469	0.408779	-0.535094	-0.326095	-0.663503
07527		9.764326	-0.064774	2.122490	-0.007848	0.008476	-0.013579	-0.831055	0.582275	0.096680	0.408640	-0.535078	-0.326052	-0.663623
07528		9.782185	-0.058526	2.149674	-0.005607	0.012704	-0.015223	-0.826660	0.582275	0.103271	0.408576	-0.534938	-0.326028	-0.663786
07529		9.768818	-0.067579	2.136598	-0.006200	0.011765	-0.014254	-0.831055	0.582275	0.103271	0.408489	-0.534879	-0.325979	-0.663912
07530		9.764520	-0.026105	2.160770	0.000561	0.012622	-0.015377	-0.830811	0.580078	0.107666	0.408428	-0.534764	-0.325997	-0.664033
07531		9.767131	-0.010729	2.151972	-0.001125	0.010732	-0.013796	-0.828857	0.580078	0.101074	0.408321	-0.534712	-0.325997	-0.664140
07532		9.756942	-0.031152	2.168613	0.003353	0.010433	-0.013667	-0.830811	0.577881	0.101318	0.408292	-0.534596	-0.326039	-0.664232
07533		9.757647	-0.020054	2.211671	0.009027	0.008663	-0.012874	-0.826660	0.580078	0.101074	0.408277	-0.534463	-0.326138	-0.664299
07534		9.763003	-0.014433	2.201074	0.003214	0.005490	-0.010620	-0.824463	0.580078	0.107666	0.408261	-0.534411	-0.326178	-0.664332
07535		9.758349	-0.031101	2.173030	0.000470	0.002933	-0.010638	-0.830811	0.575928	0.101318	0.408184	-0.534450	-0.326192	-0.664340
07536		9.758349	-0.017203	2.152506	-0.001806	0.000094	-0.008087	-0.833008	0.577881	0.101318	0.408091	-0.534463	-0.326215	-0.664375
07537		9.760829	-0.024222	2.152028	0.009180	0.001495	-0.009904	-0.830811	0.577881	0.103516	0.408070	-0.534399	-0.326335	-0.664381
07538		9.761390	-0.011959	2.162278	-0.000525	0.001240	-0.010053	-0.826660	0.580078	0.101074	0.407977	-0.534408	-0.326368	-0.664414
07539		9.767057	-0.019079	2.170891	-0.003899	-0.000872	-0.008192	-0.833008	0.580078	0.103271	0.407913	-0.534456	-0.326362	-0.664418
07540		9.769087	-0.024558	2.139131	-0.002111	-0.001398	-0.008498	-0.833008	0.580078	0.103271	0.407824	-0.534498	-0.326386	-0.664428
07541		9.763985	-0.027128	2.181938	0.000235	-0.001268	-0.007564	-0.826416	0.575928	0.105713	0.407762	-0.534529	-0.326421	-0.664423
07542		9.767263	-0.013671	2.170002	-0.003587	-0.001059	-0.006480	-0.826660	0.582275	0.103271	0.407664	-0.534609	-0.326408	-0.664426
07543		9.757823	-0.012707	2.142225	-0.003094	0.000630	-0.007424	-0.826660	0.580078	0.105469	0.407626	-0.534659	-0.326389	-0.664418
07544		9.757795	-0.022848	2.163001	-0.000298	-0.001563	-0.005712	-0.830811	0.575928	0.099121	0.407586	-0.534731	-0.326394	-0.664383
07545		9.762921	-0.028494	2.140749	-0.001847	0.001489	-0.007180	-0.828613	0.575928	0.105713	0.407531	-0.534715	-0.326405	-0.664423
07546		9.769199	-0.014878	2.138707	-0.000846	0.001504	-0.006463	-0.830811	0.575928	0.107910	0.407461	-0.534750	-0.326406	-0.664438
07547		9.757084	-0.027545	2.153569	-0.000019	-0.000427	-0.008394	-0.830811	0.575928	0.107910	0.407353	-0.534799	-0.326437	-0.664449
07548		9.772308	-0.022616	2.168839	-0.001208	-0.000637	-0.007756	-0.830811	0.577881	0.105713	0.407244	-0.534858	-0.326455	-0.664459
07549		9.774901	-0.018637	2.147257	-0.004440	0.000516	-0.007643	-0.835205	0.577881	0.103271	0.407146	-0.534911	-0.326438	-0.664485
07550		9.757724	-0.012327	2.163406	0.003861	0.000018	-0.008595	-0.830811	0.577881	0.103516	0.407096	-0.534893	-0.326512	-0.664494
07551		9.750197	0.006221	2.185683	-0.001806	-0.005303	-0.007276	-0.828857	0.580078	0.103271	0.407011	-0.534965	-0.326547	-0.664471
07552		9.758682	-0.010843	2.192492	-0.006483	-0.003524	-0.007355	-0.830811	0.577881	0.105713	0.406924	-0.535051	-0.326528	-0.664464
07553		9.764813	0.004835	2.157630	-0.003905	-0.009990	-0.007871	-0.832764	0.573730	0.103516	0.406792	-0.535183	-0.326571	-0.664418
07554		9.770506	-0.012261	2.153572	-0.001763	-0.012093	-0.007375	-0.830811	0.575928	0.105713	0.406652	-0.535294	-0.326653	-0.664373
07555		9.765444	0.010652	2.121254	0.001803	-0.011457	-0.009289	-0.835205	0.580078	0.103271	0.406534	-0.535395	-0.326764	-0.664309
07556		9.766055	0.001419	2.139293	0.005438	-0.011855	-0.009021	-0.833008	0.575928	0.103516	0.406469	-0.535461	-0.326910	-0.664224
07557		9.763516	0.003902	2.127197	0.016143	-0.011565	-0.008164	-0.835205	0.577881	0.103271	0.406466	-0.535471	-0.327141	-0.664104
07558		9.760345	0.032738	2.166030	0.006146	-0.015009	-0.007413	-0.833008	0.580078	0.103271	0.406396	-0.535561	-0.327302	-0.663996
07559		9.746662	-0.018226	2.137545	0.006862	-0.014446	-0.005318	-0.826416	0.575928	0.105713	0.406373	-0.535657	-0.327445	-0.663862
07560		9.768314	0.011944	2.095146	-0.000897	-0.015338	-0.004907	-0.828613	0.573730	0.105713	0.406279	-0.535825	-0.327517	-0.663748
07561		9.776692	-0.014993	2.089841	-0.000706	-0.011421	-0.005772	-0.826660	0.578125	0.105713	0.406177	-0.535944	-0.327585	-0.663681
07562		9.756986	-0.009223	2.093958	0.005305	-0.011392	-0.006787	-0.828369	0.569580	0.108154	0.406143	-0.536037	-0.327700	-0.663570
07563		9.760118	0.030772	2.130575	0.003786	-0.013385	-0.004347	-0.830811	0.575928	0.110107	0.406041	-0.536162	-0.327808	-0.663478
07564		9.774155	0.017110	2.091924	-0.014648	-0.014219	-0.001683	-0.830811	0.575928	0.107910	0.405857	-0.536415	-0.327741	-0.663420
07565		9.770394	-0.003127	2.059692	-0.025278	-0.011826	0.000147	-0.824463	0.575928	0.112305	0.405642	-0.536689	-0.327567	-0.663415
07566		9.769142	0.002963	2.088324	-0.024092	-0.011607	-0.000494	-0.826416	0.575928	0.107910	0.405429	-0.536991	-0.327390	-0.663388
07567		9.768938	0.003615	2.055130	-0.041123	-0.008006	-0.001538	-0.833008	0.575928	0.116699	0.405130	-0.537306	-0.327072	-0.663472
07568		9.767954	-0.016947	2.033921	-0.029481	-0.002946	-0.001674	-0.832764	0.573730	0.107910	0.404865	-0.537560	-0.326823	-0.663552
07569		9.744177	-0.045919	2.062645	-0.003649	-0.003369	-0.006060	-0.826416	0.573730	0.116699	0.404775	-0.537601	-0.326838	-0.663565
07570		9.760652	0.000293	2.055499	-0.014867	-0.001920	-0.003253	-0.826416	0.575928	0.110107	0.404611	-0.537771	-0.326709	-0.663592
07571		9.764627	-0.037120	2.033666	-0.005880	-0.002205	-0.005223	-0.828613	0.573730	0.107910	0.404543	-0.537845	-0.326680	-0.663587
07572		9.754435	0.002016	2.036206	0.006789	-0.000564	-0.007347	-0.833008	0.580078	0.107666	0.404542	-0.537809	-0.326772	-0.663571
07573		9.754456	-0.007529	2.057430	0.011174	0.003602	-0.006704	-0.833008	0.575928	0.107910	0.404621	-0.537718	-0.326875	-0.663546
07574		9.757344	0.006666	2.046795	0.012262	0.004558	-0.007316	-0.830811	0.573730	0.105713	0.404678	-0.537609	-0.326990	-0.663543
07575		9.756484	-0.000515	2.037982	0.014109	0.004683	-0.006744	-0.828613	0.571777	0.110352	0.404758	-0.537480	-0.327118	-0.663536
07576		9.753638	-0.000223	2.061320	0.018077	0.009788	-0.007787	-0.833008	0.577881	0.112305	0.404844	-0.537319	-0.327251	-0.663549
07577		9.763446	0.000906	2.122047	0.014798	0.008609	-0.007248	-0.834961	0.573730	0.118896	0.404920	-0.537202	-0.327354	-0.663546
07578		9.757858	0.021828	2.125431	-0.000977	0.007654	-0.007243	-0.828857	0.580078	0.109863	0.404818	-0.537208	-0.327323	-0.663619
07579		9.780346	0.021380	2.098316	-0.007175	0.003710	-0.005364	-0.828613	0.578125	0.110107	0.404781	-0.537248	-0.327253	-0.663643
07580		9.753525	0.026055	2.087435	0.003146	0.001575	-0.003604	-0.826416	0.573730	0.107910	0.404808	-0.537259	-0.327269	-0.663610
07581		9.753480	0.026859	2.087633	-0.003167	0.000053	-0.002999	-0.824463	0.578125	0.112305	0.404782	-0.537300	-0.327242	-0.663606
07582		9.766351	-0.019744	2.084299	-0.012227	0.001365	-0.003216	-0.833008	0.575928	0.118896	0.404709	-0.537414	-0.327121	-0.663618
07583		9.767285	0.023149	2.062843	-0.006660	0.002036	-0.003707	-0.828613	0.578125	0.114502	0.404598	-0.537512	-0.327045	-0.663643
07584		9.772989	0.002888	2.092970	-0.002479	0.003976	-0.003503	-0.830566	0.569580	0.108154	0.404577	-0.537555	-0.326995	-0.663646
07585		9.782185	0.027006	2.079759	-0.009763	0.002789	-0.000521	-0.826416	0.573730	0.110107	0.404504	-0.537601	-0.326890	-0.663705
07586		9.755308	0.030096	2.069169	-0.018925	0.004846	-0.000712	-0.832764	0.573730	0.114502	0.404403	-0.537701	-0.326690	-0.663785
07587		9.745686	0.005381	2.084361	-0.012096	0.004693	0.000342	-0.833252	0.584229	0.107666	0.404316	-0.537785	-0.326538	-0.663844
07588		9.763901	0.007966	2.109860	0.000417	0.002780	0.002180	-0.826416	0.575928	0.110107	0.404418	-0.537798	-0.326497	-0.663792
07589		9.751583	0.015713	2.083769	-0.017290	0.004478	0.003425	-0.830811	0.575928	0.112305	0.404375	-0.537909	-0.326284	-0.663832
07590		9.748999	-0.023747	2.044893	-0.004064	0.003068	0.002056	-0.831055	0.582275	0.107666	0.404379	-0.537963	-0.326199	-0.663829
07591		9.769651	-0.006991	2.027931	0.004197	0.003969	0.002003	-0.830811	0.577881	0.112305	0.404503	-0.537945	-0.326185	-0.663774
07592		9.754163	-0.021664	2.035051	0.010697	0.009405	0.000545	-0.828613	0.571777	0.112549	0.404629	-0.537867	-0.326200	-0.663753
07593		9.773201	0.000908	2.082137	0.005071	0.011810	0.000643	-0.830811	0.573730	0.114502	0.404695	-0.537797	-0.326155	-0.663792
07594		9.754184	-0.013919	2.081632	0.004670	0.014780	0.000753	-0.828613	0.571777	0.112549	0.404765	-0.537717	-0.326087	-0.663847
07595		9.753478	-0.013488	2.084939	0.006788	0.012331	-0.001848	-0.833008	0.577881	0.114502	0.404820	-0.537626	-0.326069	-0.663896
07596		9.757347	-0.040978	2.076937	0.012715	0.015139	-0.001036	-0.826660	0.580078	0.109863	0.404946	-0.537499	-0.326078	-0.663918
07597		9.772247	-0.015521	2.085340	0.014389	0.017049	-0.002617	-0.835205	0.577881	0.105713	0.405130	-0.537329	-0.326106	-0.663929
07598		9.768769	-0.016275	2.111235	0.019012	0.018356	-0.002933	-0.828857	0.582275	0.109863	0.405329	-0.537083	-0.326181	-0.663970
07599		9.755823	-0.017216	2.109336	0.020844	0.016453	-0.004151	-0.832764	0.573730	0.105713	0.405541	-0.536884	-0.326276	-0.663955
07600		9.758099	-0.015042	2.122635	0.007690	0.016767	-0.005923	-0.828613	0.571777	0.110352	0.405608	-0.536703	-0.326281	-0.664058
07601		9.773880	-0.027152	2.100560	0.011738	0.015441	-0.003967	-0.828613	0.573730	0.110107	0.405689	-0.536555	-0.326300	-0.664118
07602		9.758473	-0.018920	2.098802	0.014372	0.015036	-0.004413	-0.828613	0.573730	0.105713	0.405793	-0.536400	-0.326346	-0.664158
07603		9.767091	-0.004739	2.109411	0.012769	0.015760	-0.005462	-0.824463	0.575928	0.107910	0.405902	-0.536218	-0.326391	-0.664216
07604		9.756829	-0.026780	2.127295	0.013425	0.015676	-0.004248	-0.837158	0.577881	0.109863	0.406036	-0.536064	-0.326426	-0.664241
07605		9.753399	-0.003991	2.111004	0.014669	0.016543	-0.004003	-0.830811	0.577881	0.105713	0.406146	-0.535892	-0.326466	-0.664292
07606		9.776580	-0.008111	2.148005	0.012280	0.014077	-0.004521	-0.830811	0.577881	0.107910	0.406264	-0.535740	-0.326508	-0.664323
07607		9.779583	0.026466	2.128614	0.006468	0.012553	-0.003574	-0.830811	0.575928	0.107910	0.406331	-0.535649	-0.326497	-0.664361
07608		9.774219	-0.012879	2.113426	0.005169	0.011043	-0.004702	-0.828857	0.580078	0.105469	0.406361	-0.535571	-0.326489	-0.664409
07609		9.761660	-0.014481	2.109817	0.004581	0.010094	-0.003733	-0.824463	0.575928	0.107910	0.406432	-0.535504	-0.326480	-0.664424
07610		9.755978	0.005526	2.113360	0.008417	0.008219	-0.003507	-0.830811	0.573730	0.112305	0.406499	-0.535451	-0.326502	-0.664415
07611		9.754980	-0.002650	2.105682	0.010249	0.010036	-0.004231	-0.828857	0.582275	0.107666	0.406526	-0.535384	-0.326528	-0.664439
07612		9.770065	-0.000020	2.154188	0.008761	0.008326	-0.004005	-0.830811	0.577881	0.105713	0.406613	-0.535328	-0.326558	-0.664417
07613		9.768522	-0.029662	2.157436	0.003491	0.009139	-0.003125	-0.826660	0.580078	0.101074	0.406655	-0.535276	-0.326539	-0.664443
07614		9.774418	-0.004926	2.136134	0.008172	0.007377	-0.003035	-0.828857	0.580078	0.103271	0.406767	-0.535199	-0.326574	-0.664419
07615		9.775117	0.015183	2.157333	0.000374	0.004124	-0.002225	-0.833008	0.580078	0.109863	0.406802	-0.535202	-0.326551	-0.664406
07616		9.748816	-0.039727	2.127383	0.006976	0.005121	-0.004187	-0.828613	0.573730	0.105713	0.406825	-0.535186	-0.326581	-0.664390
07617		9.770514	-0.001843	2.130527	0.010712	0.003991	-0.003933	-0.833008	0.582275	0.103271	0.406867	-0.535137	-0.326651	-0.664369
07618		9.752402	-0.017656	2.158821	-0.000085	0.006450	-0.003008	-0.830811	0.573730	0.107910	0.406901	-0.535117	-0.326620	-0.664380
07619		9.769866	-0.011262	2.154110	0.004287	0.004879	-0.004630	-0.830811	0.577881	0.107910	0.406880	-0.535101	-0.326633	-0.664399
07620		9.770185	0.011202	2.144183	-0.002779	0.004165	-0.005239	-0.835205	0.577881	0.107910	0.406827	-0.535129	-0.326595	-0.664428
07621		9.760177	-0.009731	2.128088	-0.001220	0.001114	-0.003762	-0.830811	0.575928	0.110107	0.406773	-0.535173	-0.326578	-0.664434
07622		9.766401	0.003251	2.125904	0.002415	0.000728	-0.003482	-0.835205	0.580078	0.103271	0.406736	-0.535219	-0.326585	-0.664416
07623		9.772079	-0.004961	2.134689	0.001570	0.000615	-0.003344	-0.828613	0.578125	0.105713	0.406737	-0.535231	-0.326601	-0.664398
07624		9.751099	-0.009618	2.132033	0.000165	0.003572	-0.003964	-0.828613	0.573730	0.107910	0.406732	-0.535244	-0.326585	-0.664399
07625		9.756248	-0.015697	2.110527	0.007535	0.002057	-0.003428	-0.830811	0.580078	0.107666	0.406740	-0.535241	-0.326631	-0.664373
07626		9.762751	-0.004456	2.139771	0.005440	0.004806	-0.003054	-0.833008	0.577881	0.105713	0.406777	-0.535230	-0.326644	-0.664353
07627		9.774535	-0.000662	2.146892	-0.000424	0.002620	-0.002995	-0.824463	0.575928	0.101318	0.406759	-0.535251	-0.326625	-0.664357
07628		9.764545	-0.021882	2.130812	0.000921	0.002743	-0.002773	-0.828613	0.578125	0.101318	0.406785	-0.535252	-0.326619	-0.664343
07629		9.764380	-0.020850	2.131579	0.006333	0.003528	-0.004098	-0.831055	0.582275	0.107666	0.406839	-0.535209	-0.326665	-0.664321
07630		9.776223	-0.016693	2.138436	0.004003	0.001700	-0.003733	-0.830811	0.577881	0.107910	0.406858	-0.535231	-0.326687	-0.664281
07631		9.765579	0.010167	2.162318	0.000178	0.001885	-0.002660	-0.833008	0.580078	0.105469	0.406838	-0.535272	-0.326668	-0.664270
07632		9.758304	-0.020282	2.145228	-0.003116	0.000331	-0.005226	-0.830811	0.575928	0.101318	0.406785	-0.535317	-0.326653	-0.664274
07633		9.764935	-0.009406	2.173799	-0.008232	0.001042	-0.003493	-0.826416	0.575928	0.103516	0.406720	-0.535365	-0.326589	-0.664307
07634		9.776088	-0.013547	2.139074	-0.004243	-0.002965	-0.004191	-0.833008	0.575928	0.099121	0.406661	-0.535441	-0.326576	-0.664288
07635		9.767956	0.005481	2.130123	-0.004920	-0.004860	-0.001891	-0.830811	0.577881	0.103516	0.406614	-0.535510	-0.326565	-0.664266
07636		9.757856	-0.025980	2.102547	-0.006915	-0.002856	-0.001542	-0.824463	0.580078	0.107666	0.406560	-0.535603	-0.326515	-0.664249
07637		9.757987	-0.025633	2.101942	-0.002002	-0.002078	-0.003226	-0.826416	0.573730	0.105713	0.406538	-0.535690	-0.326501	-0.664199
07638		9.772210	-0.029150	2.076568	0.003104	0.000940	-0.004477	-0.830811	0.577881	0.110107	0.406524	-0.535700	-0.326529	-0.664186
07639		9.769938	-0.009078	2.087666	0.002506	0.003716	-0.003024	-0.833008	0.580078	0.103271	0.406520	-0.535716	-0.326521	-0.664179
07640		9.754058	-0.044168	2.105144	0.001905	0.004451	-0.003359	-0.824219	0.571777	0.108154	0.406548	-0.535691	-0.326522	-0.664181
07641		9.764117	0.000299	2.112216	0.005614	0.006699	-0.005713	-0.828613	0.575928	0.110107	0.406549	-0.535650	-0.326544	-0.664204
07642		9.753879	-0.020121	2.097447	0.004515	0.009466	-0.004620	-0.824219	0.573730	0.103516	0.406563	-0.535603	-0.326532	-0.664238
07643		9.758987	-0.039244	2.129551	0.006190	0.011383	-0.006201	-0.826660	0.580078	0.109863	0.406614	-0.535497	-0.326548	-0.664285
07644		9.755292	-0.037601	2.123104	0.008378	0.011623	-0.006117	-0.826416	0.575928	0.103516	0.406676	-0.535415	-0.326566	-0.664304
07645		9.761875	-0.004185	2.143121	0.006585	0.010098	-0.007605	-0.828857	0.580078	0.107666	0.406716	-0.535314	-0.326601	-0.664344
07646		9.764006	-0.000029	2.124234	0.002554	0.011770	-0.006486	-0.828857	0.580078	0.103271	0.406740	-0.535247	-0.326578	-0.664395
07647		9.766009	-0.007544	2.126528	0.004588	0.012105	-0.007258	-0.830811	0.573730	0.101318	0.406792	-0.535141	-0.326584	-0.664445
07648		9.752527	-0.016115	2.082966	0.008554	0.015564	-0.006990	-0.832764	0.573730	0.112305	0.406858	-0.534970	-0.326609	-0.664530
07649		9.775922	-0.021365	2.150793	0.012239	0.013794	-0.007611	-0.833008	0.575928	0.103516	0.406881	-0.534848	-0.326653	-0.664593
07650		9.764585	0.018167	2.156736	0.003639	0.014784	-0.005314	-0.830811	0.577881	0.107910	0.406920	-0.534729	-0.326625	-0.664679
07651		9.748714	0.005024	2.165506	0.003295	0.012638	-0.006603	-0.837402	0.580078	0.105469	0.406930	-0.534654	-0.326601	-0.664744
07652		9.772414	0.022083	2.190679	0.005906	0.010257	-0.003518	-0.833008	0.577881	0.107910	0.406979	-0.534579	-0.326599	-0.664776
07653		9.756924	0.019641	2.177276	0.000955	0.007132	-0.001415	-0.832764	0.573730	0.105713	0.406989	-0.534581	-0.326549	-0.664793
07654		9.761025	-0.018047	2.157947	0.000213	0.006272	-0.001302	-0.837158	0.573730	0.105713	0.406981	-0.534579	-0.326502	-0.664822
07655		9.778190	-0.010359	2.122558	0.001161	0.005644	-0.001462	-0.826660	0.582275	0.101074	0.406965	-0.534570	-0.326469	-0.664855
07656		9.757330	-0.017419	2.151562	-0.003624	0.006096	-0.003330	-0.830811	0.575928	0.105713	0.406988	-0.534577	-0.326411	-0.664864
07657		9.767774	-0.031055	2.109098	0.002131	0.009044	-0.003355	-0.833008	0.575928	0.107910	0.407002	-0.534539	-0.326378	-0.664902
07658		9.750881	0.005001	2.125925	0.003079	0.008416	-0.003515	-0.830811	0.575928	0.101318	0.407003	-0.534510	-0.326352	-0.664938
07659		9.747199	-0.005598	2.139870	0.003910	0.010222	-0.004959	-0.828613	0.575928	0.105713	0.407039	-0.534426	-0.326349	-0.664985
07660		9.755011	-0.022561	2.150418	0.009731	0.010089	-0.004580	-0.833008	0.580078	0.105469	0.407102	-0.534341	-0.326380	-0.664999
07661		9.769640	-0.006187	2.147285	0.009592	0.008495	-0.004130	-0.832764	0.573730	0.099121	0.407169	-0.534270	-0.326416	-0.664997
07662		9.763317	-0.006970	2.161737	0.008837	0.009326	-0.005326	-0.828613	0.573730	0.103516	0.407224	-0.534154	-0.326467	-0.665032
07663		9.762822	-0.005371	2.163975	0.007300	0.009001	-0.004197	-0.828613	0.573730	0.105713	0.407266	-0.534083	-0.326484	-0.665055
07664		9.762002	-0.001945	2.135812	0.005633	0.012801	-0.005662	-0.828613	0.578125	0.101318	0.407290	-0.533994	-0.326472	-0.665118
07665		9.763618	-0.019293	2.128394	0.005737	0.012058	-0.005685	-0.826416	0.573730	0.105713	0.407350	-0.533895	-0.326475	-0.665159
07666		9.771349	-0.024070	2.119170	0.011567	0.017653	-0.008348	-0.830811	0.577881	0.105713	0.407415	-0.533730	-0.326503	-0.665238
07667		9.771376	-0.003987	2.173913	0.009482	0.016668	-0.008462	-0.828613	0.571777	0.101562	0.407468	-0.533584	-0.326520	-0.665314
07668		9.764556	-0.004164	2.190458	0.006940	0.018369	-0.006274	-0.826660	0.578125	0.103516	0.407524	-0.533423	-0.326503	-0.665417
07669		9.767357	0.017229	2.223609	0.003873	0.015668	-0.005802	-0.828613	0.573730	0.101318	0.407576	-0.533324	-0.326461	-0.665485
07670		9.769233	0.009446	2.226498	0.005284	0.012710	-0.005168	-0.834961	0.575928	0.103516	0.407615	-0.533228	-0.326450	-0.665544
07671		9.759584	0.009921	2.201273	0.006605	0.008806	-0.003202	-0.830811	0.577881	0.101318	0.407648	-0.533171	-0.326453	-0.665568
07672		9.767640	0.003985	2.190640	0.003967	0.009201	-0.002776	-0.832764	0.573730	0.101318	0.407695	-0.533123	-0.326431	-0.665587
07673		9.781248	-0.009307	2.157891	0.006756	0.008714	-0.002344	-0.828613	0.575928	0.103516	0.407740	-0.533061	-0.326435	-0.665608
07674		9.763092	-0.015586	2.196900	0.007496	0.009578	-0.002457	-0.835205	0.577881	0.101074	0.407800	-0.533007	-0.326431	-0.665617
07675		9.754570	0.013347	2.200843	0.001931	0.008863	-0.002012	-0.830811	0.577881	0.101318	0.407828	-0.532971	-0.326391	-0.665648
07676		9.753731	0.004072	2.193233	-0.005683	0.009499	-0.002114	-0.831055	0.582275	0.101074	0.407814	-0.532976	-0.326281	-0.665707
07677		9.776265	-0.007004	2.157569	0.000090	0.008724	-0.002601	-0.828857	0.580078	0.098877	0.407850	-0.532959	-0.326224	-0.665725
07678		9.754752	-0.023727	2.177398	0.000635	0.009389	-0.001359	-0.828613	0.573730	0.094727	0.407908	-0.532930	-0.326166	-0.665742
07679		9.767137	0.008804	2.215472	-0.001252	0.008597	-0.002830	-0.833008	0.580078	0.098877	0.407929	-0.532884	-0.326120	-0.665789
07680		9.754836	0.006146	2.210916	-0.002327	0.005935	-0.000911	-0.833008	0.577881	0.101318	0.407946	-0.532895	-0.326054	-0.665801
07681		9.768990	0.001805	2.187317	-0.002478	0.006030	-0.001769	-0.830811	0.575928	0.101318	0.407936	-0.532911	-0.325988	-0.665827
07682		9.762788	-0.000290	2.200886	0.000415	0.004796	-0.001357	-0.833008	0.582275	0.098877	0.407940	-0.532926	-0.325948	-0.665832
07683		9.762119	-0.009461	2.192593	0.000194	0.007982	-0.002623	-0.833008	0.582275	0.096680	0.407977	-0.532902	-0.325904	-0.665851
07684		9.761054	-0.028124	2.174834	-0.000303	0.007971	-0.002986	-0.826660	0.578125	0.101318	0.408015	-0.532869	-0.325863	-0.665873
07685		9.763908	-0.015482	2.164867	0.002544	0.006085	-0.003452	-0.828613	0.573730	0.101318	0.408038	-0.532862	-0.325844	-0.665874
07686		9.772543	-0.013503	2.194241	0.002393	0.006180	-0.004311	-0.833008	0.577881	0.099121	0.408031	-0.532844	-0.325833	-0.665899
07687		9.759638	-0.032983	2.138901	0.005725	0.006357	-0.002632	-0.833008	0.577881	0.105713	0.408077	-0.532803	-0.325845	-0.665898
07688		9.769170	0.000416	2.166820	0.026576	0.004416	-0.003754	-0.828613	0.578125	0.099121	0.408217	-0.532698	-0.326030	-0.665805
07689		9.769271	0.008439	2.239680	0.014922	0.006712	-0.002770	-0.830811	0.575928	0.096924	0.408332	-0.532614	-0.326113	-0.665761
07690		9.756691	-0.003120	2.225209	0.000645	0.007344	-0.003146	-0.828613	0.578125	0.096924	0.408347	-0.532582	-0.326084	-0.665791
07691		9.762009	-0.009658	2.204468	0.002660	0.003648	-0.002165	-0.830811	0.580078	0.096680	0.408381	-0.532581	-0.326080	-0.665774
07692		9.755510	-0.019307	2.177113	0.002450	0.005141	-0.002123	-0.833008	0.577881	0.099121	0.408424	-0.532566	-0.326068	-0.665765
07693		9.761482	-0.008392	2.206807	-0.004363	0.005235	-0.003248	-0.832764	0.571533	0.099365	0.408389	-0.532587	-0.326004	-0.665801
07694		9.766176	-0.034215	2.166625	0.002681	0.007688	-0.003909	-0.830811	0.577881	0.099121	0.408380	-0.532542	-0.325993	-0.665847
07695		9.778202	-0.010529	2.194627	0.008743	0.008425	-0.003983	-0.833008	0.577881	0.099121	0.408443	-0.532470	-0.326024	-0.665851
07696		9.771841	-0.011503	2.208786	0.004822	0.007287	-0.004693	-0.828613	0.575928	0.101318	0.408465	-0.532422	-0.326035	-0.665871
07697		9.766067	0.008333	2.211622	-0.002040	0.007085	-0.003608	-0.837158	0.573730	0.094727	0.408441	-0.532429	-0.325973	-0.665910
07698		9.785933	-0.004684	2.196925	0.001153	0.005666	-0.001473	-0.833008	0.580078	0.096680	0.408452	-0.532397	-0.325958	-0.665937
07699		9.759733	0.018740	2.205836	0.000207	0.005936	-0.004412	-0.828857	0.580078	0.101074	0.408458	-0.532377	-0.325940	-0.665958
07700		9.767214	-0.018329	2.195766	-0.001531	0.005404	-0.001933	-0.834961	0.575928	0.094727	0.408461	-0.532406	-0.325878	-0.665964
07701		9.769988	-0.017627	2.205929	-0.000509	0.001682	-0.001675	-0.831055	0.582275	0.101074	0.408455	-0.532420	-0.325867	-0.665961
07702		9.770403	0.003733	2.195400	-0.004202	0.003448	-0.001081	-0.833008	0.575928	0.101318	0.408443	-0.532481	-0.325788	-0.665958
07703		9.758019	-0.010451	2.211044	-0.000234	0.004883	-0.002582	-0.828857	0.580078	0.098877	0.408422	-0.532495	-0.325750	-0.665978
07704		9.769954	0.004640	2.197398	-0.002210	0.003139	-0.002722	-0.833008	0.580078	0.098877	0.408414	-0.532532	-0.325706	-0.665976
07705		9.766786	0.002819	2.219766	-0.001023	0.003723	-0.000258	-0.830811	0.577881	0.099121	0.408428	-0.532562	-0.325656	-0.665968
07706		9.769311	-0.006678	2.219969	-0.006134	0.002357	-0.000342	-0.832764	0.573730	0.099121	0.408397	-0.532630	-0.325570	-0.665974
07707		9.753543	-0.041099	2.206085	-0.006526	0.001598	-0.000726	-0.830811	0.577881	0.101318	0.408338	-0.532697	-0.325493	-0.665994
07708		9.771829	-0.016145	2.220199	-0.002242	0.000793	-0.002290	-0.828613	0.575928	0.099121	0.408302	-0.532759	-0.325456	-0.665985
07709		9.780441	-0.021041	2.176807	-0.007067	0.000934	-0.001969	-0.833008	0.575928	0.103516	0.408243	-0.532836	-0.325381	-0.665996
07710		9.765511	-0.025743	2.192320	0.000534	0.002003	-0.003162	-0.833008	0.580078	0.098877	0.408204	-0.532873	-0.325365	-0.665998
07711		9.766200	0.004166	2.222340	-0.000459	0.001979	-0.003888	-0.828613	0.575928	0.103516	0.408187	-0.532896	-0.325355	-0.665995
07712		9.760185	0.002436	2.234873	-0.005422	0.000519	-0.003115	-0.826416	0.573730	0.096924	0.408112	-0.532981	-0.325293	-0.666004
07713		9.771545	-0.011816	2.190738	-0.005018	-0.000417	-0.001418	-0.826660	0.580078	0.103271	0.408073	-0.533049	-0.325245	-0.665996
07714		9.750741	-0.017439	2.187431	-0.000857	0.001577	-0.001179	-0.830811	0.577881	0.099121	0.408069	-0.533114	-0.325198	-0.665970
07715		9.765313	-0.023347	2.193230	0.001707	-0.001814	-0.002046	-0.824463	0.578125	0.099121	0.408063	-0.533164	-0.325214	-0.665926
07716		9.777526	-0.010042	2.209084	0.000260	-0.001198	-0.002256	-0.833008	0.580078	0.098877	0.408060	-0.533223	-0.325209	-0.665882
07717		9.780304	-0.017103	2.177460	-0.003373	-0.000832	-0.002563	-0.828857	0.580078	0.096680	0.408025	-0.533286	-0.325183	-0.665866
07718		9.774098	-0.028637	2.179843	-0.002888	0.000876	-0.003512	-0.834961	0.573730	0.103516	0.408008	-0.533324	-0.325160	-0.665857
07719		9.785659	-0.034419	2.176584	0.003776	0.000879	-0.003238	-0.837402	0.580078	0.094482	0.407979	-0.533343	-0.325186	-0.665848
07720		9.771038	-0.027117	2.171009	0.006955	0.001154	-0.002414	-0.835205	0.580078	0.101074	0.408032	-0.533311	-0.325252	-0.665808
07721		9.762265	-0.019021	2.184364	0.006341	0.003586	-0.004067	-0.824463	0.578125	0.105713	0.408055	-0.533287	-0.325291	-0.665794
07722		9.779913	-0.013941	2.209960	0.007502	0.001464	-0.004264	-0.833008	0.580078	0.101074	0.408070	-0.533306	-0.325330	-0.665751
07723		9.771008	-0.013496	2.182181	0.011992	-0.000476	-0.002776	-0.833008	0.577881	0.096680	0.408128	-0.533295	-0.325426	-0.665677
07724		9.779681	-0.020611	2.200038	0.016773	-0.001264	-0.003977	-0.830811	0.573730	0.099121	0.408214	-0.533241	-0.325588	-0.665588
07725		9.768120	-0.012215	2.203298	0.018654	-0.000463	-0.002504	-0.828613	0.578125	0.101318	0.408308	-0.533186	-0.325746	-0.665498
07726		9.762756	0.008077	2.204153	0.011103	-0.001243	-0.003524	-0.835205	0.582275	0.101074	0.408349	-0.533188	-0.325840	-0.665424
07727		9.770394	-0.037897	2.182808	0.011239	0.000359	-0.003979	-0.830811	0.577881	0.099121	0.408398	-0.533170	-0.325933	-0.665363
07728		9.761291	-0.048978	2.175704	0.011010	-0.002189	-0.002190	-0.834961	0.575928	0.101318	0.408449	-0.533175	-0.326030	-0.665281
07729		9.785889	-0.008621	2.155945	0.017360	-0.000292	-0.004949	-0.833008	0.580078	0.101074	0.408505	-0.533122	-0.326188	-0.665211
07730		9.770464	-0.032773	2.182580	0.014254	0.002432	-0.005329	-0.830811	0.580078	0.098877	0.408566	-0.533067	-0.326304	-0.665161
07731		9.773806	-0.011015	2.212049	0.009883	0.001925	-0.005525	-0.835205	0.580078	0.101074	0.408606	-0.533032	-0.326390	-0.665122
07732		9.764548	-0.021776	2.205662	0.005555	0.002071	-0.004841	-0.826660	0.580078	0.098877	0.408607	-0.533025	-0.326434	-0.665106
07733		9.770974	0.003044	2.182375	0.001651	-0.000773	-0.004237	-0.828613	0.578125	0.103516	0.408598	-0.533066	-0.326452	-0.665070
07734		9.770810	-0.007352	2.202927	0.002615	-0.003093	-0.003075	-0.833008	0.577881	0.103516	0.408569	-0.533139	-0.326474	-0.665018
07735		9.762404	0.000521	2.214572	0.004877	-0.005932	-0.002562	-0.833008	0.580078	0.103271	0.408540	-0.533220	-0.326531	-0.664943
07736		9.771253	-0.015282	2.190062	0.001383	-0.010069	-0.003352	-0.830811	0.577881	0.103516	0.408473	-0.533351	-0.326584	-0.664853
07737		9.775007	-0.003322	2.175948	-0.008767	-0.009463	0.000022	-0.826660	0.578125	0.101318	0.408366	-0.533542	-0.326528	-0.664793
07738		9.765872	-0.035153	2.147137	0.000582	-0.009534	-0.002341	-0.830811	0.573730	0.101318	0.408318	-0.533671	-0.326567	-0.664700
07739		9.778193	-0.031521	2.151434	0.008567	-0.007327	-0.000064	-0.831055	0.584229	0.103271	0.408331	-0.533739	-0.326657	-0.664593
07740		9.770410	-0.002980	2.151316	0.004331	-0.006236	-0.000713	-0.826660	0.582275	0.101074	0.408341	-0.533835	-0.326695	-0.664491
07741		9.755110	-0.038696	2.166686	-0.001308	-0.003881	-0.000692	-0.828613	0.578125	0.099121	0.408333	-0.533934	-0.326678	-0.664425
07742		9.767456	-0.023798	2.150922	0.007602	-0.005006	-0.001227	-0.832764	0.573730	0.103516	0.408366	-0.533979	-0.326757	-0.664329
07743		9.761999	-0.015767	2.172029	0.007283	-0.002766	-0.001167	-0.828613	0.578125	0.105713	0.408370	-0.534014	-0.326818	-0.664269
07744		9.753054	-0.027706	2.164247	0.002777	-0.004877	-0.000902	-0.826416	0.573730	0.103516	0.408350	-0.534110	-0.326836	-0.664196
07745		9.765433	-0.014657	2.179269	0.001977	-0.004344	0.000110	-0.828613	0.575928	0.103516	0.408333	-0.534197	-0.326846	-0.664130
07746		9.765409	-0.022611	2.137421	0.004872	-0.005566	0.000528	-0.828857	0.580078	0.105469	0.408338	-0.534280	-0.326885	-0.664041
07747		9.757130	-0.016924	2.179572	0.002839	-0.006276	-0.001801	-0.830811	0.580078	0.101074	0.408312	-0.534381	-0.326917	-0.663960
07748		9.766362	-0.012399	2.144069	-0.007291	-0.007726	-0.000196	-0.830811	0.580078	0.098877	0.408240	-0.534532	-0.326877	-0.663903
07749		9.754413	-0.036662	2.147125	0.001407	-0.007356	-0.000695	-0.828857	0.580078	0.103271	0.408233	-0.534622	-0.326919	-0.663814
07750		9.772758	-0.019541	2.118592	0.003877	-0.005593	-0.000198	-0.826660	0.578125	0.101318	0.408241	-0.534707	-0.326954	-0.663724
07751		9.773147	-0.022471	2.179019	0.004465	-0.004633	-0.001171	-0.828857	0.580078	0.107666	0.408253	-0.534768	-0.327002	-0.663643
07752		9.769936	-0.042060	2.148733	-0.006703	-0.006765	-0.001166	-0.828613	0.575928	0.103516	0.408162	-0.534928	-0.326951	-0.663596
07753		9.755231	-0.056945	2.152506	-0.005859	-0.006643	-0.001301	-0.828857	0.580078	0.103271	0.408079	-0.535060	-0.326923	-0.663554
07754		9.759657	-0.014355	2.137058	-0.005962	-0.011986	-0.001307	-0.828857	0.582275	0.103271	0.407988	-0.535238	-0.326920	-0.663467
07755		9.765815	-0.021744	2.112565	-0.010622	-0.007912	-0.001870	-0.828613	0.578125	0.105713	0.407886	-0.535405	-0.326861	-0.663425
07756		9.770621	-0.079222	2.070123	-0.001954	-0.009887	-0.001939	-0.826660	0.580078	0.105469	0.407814	-0.535547	-0.326882	-0.663344
07757		9.764287	-0.002384	2.118666	-0.008046	-0.006895	-0.001394	-0.826416	0.575928	0.103516	0.407728	-0.535700	-0.326831	-0.663298
07758		9.760874	-0.033619	2.109330	-0.004730	-0.005013	-0.001033	-0.828613	0.575928	0.110107	0.407672	-0.535808	-0.326807	-0.663258
07759		9.767260	-0.021388	2.105875	0.004901	-0.003218	0.000084	-0.826660	0.580078	0.101074	0.407669	-0.535879	-0.326829	-0.663191
07760		9.758583	-0.024017	2.107874	0.005762	-0.004789	0.001264	-0.828857	0.584229	0.109863	0.407725	-0.535935	-0.326881	-0.663086
07761		9.767716	-0.021375	2.103761	0.001284	-0.004554	0.001099	-0.828857	0.582275	0.112061	0.407727	-0.536045	-0.326868	-0.663002
07762		9.770635	-0.031278	2.102296	0.003365	-0.003193	0.004305	-0.828857	0.580078	0.105469	0.407762	-0.536152	-0.326840	-0.662908
07763		9.767746	-0.032169	2.092481	0.004885	-0.001167	0.001862	-0.826660	0.582275	0.103271	0.407812	-0.536196	-0.326853	-0.662835
07764		9.764780	-0.032816	2.083027	0.007614	-0.000244	0.003195	-0.826660	0.578125	0.107910	0.407913	-0.536220	-0.326879	-0.662741
07765		9.752718	-0.047609	2.097767	0.004674	0.000325	0.001902	-0.830811	0.577881	0.107910	0.407955	-0.536262	-0.326875	-0.662683
07766		9.773147	-0.052023	2.091565	0.000287	0.001866	0.003495	-0.828857	0.582275	0.103271	0.407980	-0.536315	-0.326821	-0.662651
07767		9.767111	-0.055220	2.104502	-0.005050	0.003671	0.002150	-0.826660	0.580078	0.105469	0.407998	-0.536363	-0.326732	-0.662645
07768		9.764797	-0.027395	2.125404	-0.004642	0.002740	0.003847	-0.831055	0.584229	0.107666	0.408018	-0.536432	-0.326633	-0.662626
07769		9.773743	-0.027630	2.153488	-0.009435	-0.000873	0.003715	-0.826660	0.584473	0.107666	0.407988	-0.536561	-0.326508	-0.662601
07770		9.755656	-0.043439	2.118351	-0.026271	-0.002627	0.007286	-0.826660	0.580078	0.107666	0.407875	-0.536809	-0.326226	-0.662609
07771		9.767620	-0.041533	2.092907	-0.027253	-0.004698	0.004782	-0.826660	0.582275	0.105469	0.407714	-0.537063	-0.325968	-0.662630
07772		9.755327	-0.066695	2.066030	-0.027917	-0.002560	0.005340	-0.832764	0.573730	0.110107	0.407578	-0.537296	-0.325697	-0.662658
07773		9.763753	-0.085447	2.042738	-0.004098	-0.002680	0.005057	-0.822510	0.582275	0.109863	0.407548	-0.537406	-0.325624	-0.662623
07774		9.770668	-0.056709	2.090645	0.002926	0.001475	0.003073	-0.822510	0.582275	0.109863	0.407609	-0.537457	-0.325589	-0.662561
07775		9.769811	-0.088111	2.092377	0.003770	0.001595	0.002938	-0.824463	0.582275	0.107666	0.407674	-0.537501	-0.325562	-0.662498
07776		9.760708	-0.089311	2.064966	0.011971	0.001940	0.002068	-0.824463	0.582275	0.107666	0.407794	-0.537487	-0.325615	-0.662410
07777		9.756110	-0.041357	2.095877	0.009393	0.000930	0.001592	-0.822510	0.584473	0.109863	0.407886	-0.537492	-0.325656	-0.662329
07778		9.763210	-0.098303	2.065406	0.013297	0.003768	0.000982	-0.826904	0.586426	0.109619	0.408013	-0.537464	-0.325709	-0.662248
07779		9.766826	-0.066484	2.074100	0.021015	0.002412	0.001064	-0.826660	0.582275	0.103271	0.408185	-0.537404	-0.325835	-0.662128
07780		9.764108	-0.057726	2.106067	0.017034	0.002308	-0.001833	-0.831055	0.584229	0.107666	0.408315	-0.537327	-0.325969	-0.662044
07781		9.763832	-0.068315	2.127522	0.001929	0.001093	-0.000745	-0.824463	0.580078	0.105469	0.408330	-0.537355	-0.325966	-0.662014
07782		9.751532	-0.078948	2.080623	0.005125	-0.000678	-0.001707	-0.826904	0.586426	0.107422	0.408357	-0.537373	-0.326009	-0.661962
07783		9.763557	-0.063722	2.066182	0.001763	0.002877	-0.002919	-0.826660	0.580078	0.103271	0.408374	-0.537384	-0.326006	-0.661943
07784		9.751335	-0.077606	2.081599	-0.003905	0.002888	-0.002453	-0.826660	0.578125	0.114502	0.408352	-0.537405	-0.325970	-0.661958
07785		9.766018	-0.073730	2.098166	-0.005216	0.005098	-0.003116	-0.826660	0.578125	0.105713	0.408280	-0.537450	-0.325881	-0.662009
07786		9.768949	-0.061628	2.087637	-0.005910	0.004886	-0.002123	-0.828857	0.580078	0.107666	0.408242	-0.537473	-0.325809	-0.662050
07787		9.751068	-0.068861	2.125306	-0.003799	0.002503	0.000619	-0.824707	0.584473	0.109863	0.408227	-0.537522	-0.325743	-0.662052
07788		9.763069	-0.054740	2.110955	-0.008954	0.000476	-0.000333	-0.822510	0.586426	0.109619	0.408173	-0.537626	-0.325639	-0.662052
07789		9.763041	-0.055299	2.111072	-0.013778	0.000609	-0.000003	-0.830811	0.580078	0.107666	0.408101	-0.537757	-0.325493	-0.662062
07790		9.771868	-0.051516	2.077123	-0.006648	-0.001706	0.001054	-0.833008	0.575928	0.112305	0.408052	-0.537852	-0.325425	-0.662048
07791		9.759970	-0.068617	2.122208	-0.012663	-0.001800	0.002014	-0.822510	0.582275	0.109863	0.407938	-0.537991	-0.325289	-0.662072
07792		9.783330	-0.083221	2.114412	-0.022538	-0.004433	0.001370	-0.824463	0.582275	0.107666	0.407786	-0.538208	-0.325090	-0.662087
07793		9.752719	-0.118836	2.022225	-0.021378	-0.000460	0.001206	-0.824463	0.582275	0.112061	0.407664	-0.538373	-0.324892	-0.662125
07794		9.747232	-0.100665	2.023631	0.001613	0.003330	-0.000680	-0.824463	0.582275	0.116455	0.407681	-0.538396	-0.324864	-0.662109
07795		9.761635	-0.107425	2.061683	0.017729	0.008245	-0.005876	-0.824463	0.582275	0.112061	0.407769	-0.538291	-0.324965	-0.662092
07796		9.761751	-0.085646	2.083590	0.018361	0.009861	-0.005969	-0.826660	0.580078	0.112061	0.407881	-0.538153	-0.325077	-0.662079
07797		9.755525	-0.089075	2.159864	0.018466	0.009119	-0.005990	-0.824463	0.582275	0.112061	0.407979	-0.538019	-0.325195	-0.662070
07798		9.759215	-0.045569	2.179190	0.015874	0.003713	-0.007812	-0.826660	0.580078	0.109863	0.408032	-0.537940	-0.325328	-0.662037
07799		9.752626	-0.063601	2.141303	-0.003526	-0.001106	-0.006508	-0.824707	0.584473	0.109863	0.407942	-0.537994	-0.325324	-0.662050
07800		9.760177	-0.106088	2.058010	-0.002274	-0.002276	-0.008038	-0.824463	0.582275	0.107666	0.407861	-0.538051	-0.325345	-0.662043
07801		9.772102	-0.101044	2.064224	0.002518	0.001338	-0.007902	-0.826660	0.584473	0.109863	0.407830	-0.538044	-0.325395	-0.662043
07802		9.764299	-0.062642	2.106511	0.000695	-0.000860	-0.010272	-0.828613	0.575928	0.105713	0.407755	-0.538063	-0.325450	-0.662047
07803		9.758309	-0.061332	2.088050	-0.012256	0.001914	-0.008634	-0.822266	0.578125	0.107910	0.407604	-0.538106	-0.325391	-0.662134
07804		9.749378	-0.062307	2.091256	-0.001898	0.000179	-0.008970	-0.826416	0.575928	0.112305	0.407523	-0.538126	-0.325417	-0.662155
07805		9.755228	-0.057834	2.079300	-0.003559	0.002284	-0.009137	-0.824463	0.582275	0.112061	0.407410	-0.538145	-0.325407	-0.662214
07806		9.751769	-0.076843	2.081400	0.008203	-0.000712	-0.010144	-0.828857	0.586426	0.116211	0.407380	-0.538131	-0.325516	-0.662190
07807		9.755465	-0.043194	2.089345	-0.001508	0.000940	-0.008588	-0.828857	0.582275	0.109863	0.407295	-0.538173	-0.325513	-0.662210
07808		9.760775	-0.058290	2.057872	-0.000229	0.002474	-0.007460	-0.826660	0.584473	0.114258	0.407246	-0.538174	-0.325529	-0.662232
07809		9.772505	-0.053361	2.064932	0.002347	0.003490	-0.006982	-0.824463	0.580078	0.112061	0.407217	-0.538175	-0.325541	-0.662243
07810		9.769740	-0.044177	2.096803	0.007748	0.000643	-0.003440	-0.826660	0.582275	0.109863	0.407240	-0.538178	-0.325595	-0.662200
07811		9.742410	-0.069110	2.055723	-0.000683	0.003468	-0.003850	-0.822266	0.580078	0.109863	0.407225	-0.538190	-0.325577	-0.662207
07812		9.751116	-0.065127	2.053658	0.007517	0.003830	-0.004713	-0.824463	0.580078	0.109863	0.407261	-0.538157	-0.325628	-0.662187
07813		9.771350	-0.067259	2.048589	0.009968	0.007289	-0.005530	-0.826660	0.582275	0.107666	0.407316	-0.538077	-0.325689	-0.662188
07814		9.762379	-0.059935	2.094085	0.015529	0.008036	-0.005971	-0.833252	0.586426	0.114014	0.407419	-0.537954	-0.325804	-0.662169
07815		9.767993	-0.057244	2.114332	0.007649	0.005434	-0.005170	-0.828857	0.580078	0.109863	0.407444	-0.537915	-0.325840	-0.662167
07816		9.761923	-0.046945	2.107203	0.006829	0.008016	-0.002379	-0.826660	0.578125	0.110107	0.407499	-0.537855	-0.325850	-0.662177
07817		9.773013	-0.064129	2.126400	0.003774	0.005290	-0.001904	-0.822510	0.582275	0.109863	0.407522	-0.537838	-0.325843	-0.662180
07818		9.773002	-0.052311	2.106318	0.000870	0.002469	-0.000570	-0.828857	0.580078	0.112061	0.407545	-0.537871	-0.325815	-0.662153
07819		9.769558	-0.062404	2.088327	-0.009117	0.006644	-0.001175	-0.828857	0.584229	0.109863	0.407488	-0.537917	-0.325683	-0.662215
07820		9.754480	-0.067729	2.104805	-0.006007	0.003932	-0.000797	-0.826660	0.580078	0.112061	0.407464	-0.537967	-0.325597	-0.662232
07821		9.774963	-0.059953	2.078472	0.003427	0.005183	-0.001407	-0.822266	0.578125	0.107910	0.407488	-0.537961	-0.325577	-0.662232
07822		9.763069	-0.052885	2.083171	0.001242	0.004924	-0.001503	-0.831055	0.582275	0.109863	0.407510	-0.537958	-0.325554	-0.662232
07823		9.750539	-0.076492	2.089201	0.002390	0.004502	-0.003011	-0.824707	0.586426	0.111816	0.407518	-0.537946	-0.325550	-0.662239
07824		9.768359	-0.060672	2.093979	0.001713	0.002592	-0.000703	-0.824463	0.582275	0.112061	0.407546	-0.537981	-0.325525	-0.662205
07825		9.767947	-0.069618	2.085085	0.010740	0.004778	-0.003010	-0.826660	0.580078	0.107666	0.407613	-0.537939	-0.325578	-0.662172
07826		9.749929	-0.074334	2.092123	0.005025	0.004481	-0.000339	-0.824707	0.586426	0.107422	0.407667	-0.537921	-0.325583	-0.662151
07827		9.764321	-0.079874	2.098977	0.008812	0.003681	-0.002267	-0.828857	0.582275	0.107666	0.407749	-0.537890	-0.325637	-0.662099
07828		9.760883	-0.087258	2.050247	0.008837	0.006029	-0.002704	-0.826660	0.582275	0.105469	0.407817	-0.537830	-0.325682	-0.662084
07829		9.766875	-0.064163	2.059387	0.009209	0.008486	-0.003638	-0.826660	0.584473	0.112061	0.407901	-0.537740	-0.325731	-0.662082
07830		9.751600	-0.067794	2.076775	0.009299	0.009436	-0.004975	-0.828857	0.582275	0.112061	0.407960	-0.537660	-0.325760	-0.662095
07831		9.768341	-0.081510	2.085070	0.011533	0.014395	-0.005755	-0.824707	0.584473	0.112061	0.408038	-0.537522	-0.325788	-0.662146
07832		9.758983	-0.072333	2.101015	0.013501	0.011750	-0.006957	-0.826660	0.582275	0.103271	0.408120	-0.537397	-0.325851	-0.662165
07833		9.749911	-0.052095	2.095590	0.004995	0.011921	-0.004731	-0.822510	0.582275	0.112061	0.408184	-0.537293	-0.325858	-0.662208
07834		9.766442	-0.077435	2.124801	0.005905	0.010646	-0.005761	-0.831055	0.582275	0.109863	0.408216	-0.537223	-0.325852	-0.662247
07835		9.766523	-0.046840	2.156459	0.000362	0.008196	-0.004011	-0.830811	0.580078	0.105469	0.408209	-0.537194	-0.325812	-0.662294
07836		9.761752	-0.116137	2.111581	-0.007400	0.008874	-0.004994	-0.828613	0.578125	0.105713	0.408154	-0.537180	-0.325726	-0.662383
07837		9.756068	-0.082825	2.062938	0.016504	0.009799	-0.006548	-0.820312	0.584473	0.105469	0.408247	-0.537031	-0.325841	-0.662390
07838		9.782458	-0.053816	2.107392	0.023775	0.013159	-0.007685	-0.824463	0.582275	0.105469	0.408424	-0.536826	-0.326004	-0.662366
07839		9.763664	-0.067875	2.137854	0.013306	0.015614	-0.007360	-0.822266	0.580078	0.105469	0.408528	-0.536652	-0.326065	-0.662413
07840		9.757043	-0.066317	2.122756	0.004288	0.013052	-0.008157	-0.822266	0.580078	0.103271	0.408551	-0.536544	-0.326067	-0.662486
07841		9.765072	-0.070812	2.113365	0.010195	0.013924	-0.009083	-0.824707	0.584473	0.103271	0.408617	-0.536388	-0.326127	-0.662542
07842		9.758570	-0.060448	2.138652	0.005489	0.012929	-0.011880	-0.826660	0.580078	0.101074	0.408632	-0.536255	-0.326172	-0.662618
07843		9.769582	-0.064286	2.138342	0.002559	0.012155	-0.008773	-0.828857	0.580078	0.103271	0.408641	-0.536145	-0.326182	-0.662696
07844		9.774943	-0.059432	2.128988	0.006994	0.011286	-0.009469	-0.826660	0.580078	0.101074	0.408660	-0.536023	-0.326230	-0.662760
07845		9.762999	-0.030829	2.154503	0.004223	0.010057	-0.008596	-0.822266	0.580078	0.105469	0.408673	-0.535924	-0.326262	-0.662816
07846		9.753638	-0.031390	2.159551	0.002017	0.007441	-0.008254	-0.828857	0.582275	0.103271	0.408655	-0.535879	-0.326269	-0.662860
07847		9.773785	-0.041534	2.114706	-0.000197	0.009233	-0.006583	-0.826660	0.582275	0.105469	0.408647	-0.535826	-0.326248	-0.662918
07848		9.773102	-0.059452	2.097158	0.000130	0.006991	-0.006636	-0.826660	0.584473	0.098877	0.408627	-0.535799	-0.326232	-0.662960
07849		9.748891	-0.065835	2.117244	-0.001150	0.009857	-0.006434	-0.824463	0.580078	0.103271	0.408641	-0.535737	-0.326214	-0.663011
07850		9.760528	-0.048224	2.074714	-0.000116	0.014596	-0.006591	-0.826660	0.580078	0.105469	0.408655	-0.535643	-0.326162	-0.663103
07851		9.762139	-0.076431	2.089194	0.012263	0.014970	-0.008959	-0.830811	0.580078	0.107666	0.408723	-0.535478	-0.326220	-0.663166
07852		9.776386	-0.048980	2.097762	0.014048	0.018890	-0.007910	-0.824463	0.580078	0.109863	0.408814	-0.535280	-0.326258	-0.663251
07853		9.771960	-0.059251	2.145116	0.012156	0.019779	-0.010707	-0.828613	0.578125	0.099121	0.408873	-0.535088	-0.326283	-0.663358
07854		9.774182	-0.034771	2.148131	0.007260	0.021289	-0.009508	-0.826660	0.580078	0.101074	0.408939	-0.534875	-0.326289	-0.663486
07855		9.772859	-0.033746	2.183922	0.003258	0.019166	-0.008890	-0.831055	0.582275	0.101074	0.408975	-0.534714	-0.326260	-0.663607
07856		9.774651	-0.040491	2.188031	0.004027	0.017985	-0.010775	-0.822510	0.582275	0.101074	0.408995	-0.534550	-0.326256	-0.663729
07857		9.767520	-0.051676	2.224782	0.000244	0.010307	-0.008426	-0.833008	0.580078	0.105469	0.408990	-0.534488	-0.326241	-0.663789
07858		9.767801	-0.026787	2.184443	0.003507	0.004793	-0.009812	-0.828857	0.580078	0.101074	0.408936	-0.534453	-0.326276	-0.663834
07859		9.761625	-0.044882	2.147613	0.002736	0.005979	-0.007928	-0.826660	0.584473	0.101074	0.408919	-0.534409	-0.326300	-0.663868
07860		9.767346	-0.040303	2.136852	0.006717	0.005756	-0.008099	-0.830811	0.575928	0.103516	0.408941	-0.534352	-0.326361	-0.663870
07861		9.766560	-0.058783	2.149976	0.003654	0.008759	-0.010719	-0.826660	0.580078	0.101074	0.408895	-0.534272	-0.326387	-0.663949
07862		9.766084	-0.055974	2.152211	0.003544	0.009510	-0.010703	-0.835449	0.586426	0.103027	0.408878	-0.534188	-0.326417	-0.664013
07863		9.774814	-0.029269	2.140661	0.000773	0.012327	-0.011604	-0.824463	0.582275	0.101074	0.408845	-0.534093	-0.326413	-0.664112
07864		9.777003	-0.026347	2.153099	-0.002036	0.013148	-0.008966	-0.828613	0.573730	0.101318	0.408830	-0.534019	-0.326365	-0.664205
07865		9.761107	-0.040365	2.191987	0.008165	0.009221	-0.009646	-0.830811	0.580078	0.101074	0.408830	-0.533913	-0.326425	-0.664261
07866		9.761090	0.002765	2.202328	-0.000530	0.008786	-0.009196	-0.826660	0.578125	0.096924	0.408789	-0.533860	-0.326414	-0.664334
07867		9.760083	-0.055173	2.176855	0.000314	0.008915	-0.009326	-0.828857	0.582275	0.101074	0.408767	-0.533791	-0.326422	-0.664399
07868		9.780995	-0.024215	2.140445	0.007117	0.008896	-0.008160	-0.835205	0.580078	0.098877	0.408795	-0.533707	-0.326466	-0.664427
07869		9.762334	-0.038753	2.169532	0.007006	0.009647	-0.008144	-0.833008	0.580078	0.103271	0.408818	-0.533603	-0.326513	-0.664474
07870		9.770741	-0.023840	2.178766	0.006657	0.009538	-0.007650	-0.833008	0.580078	0.103271	0.408830	-0.533520	-0.326539	-0.664520
07871		9.761357	-0.024648	2.183803	0.004382	0.008312	-0.006418	-0.831055	0.584229	0.098877	0.408832	-0.533465	-0.326543	-0.664561
07872		9.758368	-0.021655	2.145921	0.008378	0.010455	-0.007031	-0.828613	0.578125	0.101318	0.408893	-0.533361	-0.326588	-0.664585
07873		9.780899	-0.034103	2.172873	0.007568	0.010985	-0.006026	-0.826660	0.578125	0.099121	0.408937	-0.533267	-0.326606	-0.664624
07874		9.765349	-0.047153	2.180823	0.011199	0.010661	-0.005696	-0.833008	0.582275	0.101074	0.409016	-0.533154	-0.326659	-0.664640
07875		9.764749	-0.025394	2.203000	0.009953	0.011469	-0.007274	-0.828857	0.580078	0.098877	0.409072	-0.533039	-0.326704	-0.664676
07876		9.779120	-0.017917	2.190656	0.007882	0.010445	-0.007399	-0.833008	0.575928	0.094727	0.409115	-0.532938	-0.326742	-0.664711
07877		9.769195	-0.020314	2.227106	-0.001495	0.012132	-0.006418	-0.828613	0.578125	0.094727	0.409106	-0.532857	-0.326701	-0.664802
07878		9.766579	-0.007130	2.168457	-0.006394	0.009561	-0.003462	-0.833008	0.577881	0.099121	0.409091	-0.532841	-0.326611	-0.664869
07879		9.760005	-0.008354	2.182870	0.008889	0.008784	-0.005339	-0.833008	0.577881	0.099121	0.409138	-0.532754	-0.326651	-0.664890
07880		9.779765	-0.021504	2.200110	0.012553	0.009119	-0.004130	-0.828613	0.573730	0.101318	0.409220	-0.532651	-0.326711	-0.664892
07881		9.770379	-0.013060	2.214719	0.007603	0.007593	-0.003377	-0.833008	0.580078	0.096680	0.409257	-0.532598	-0.326723	-0.664907
07882		9.773164	-0.019894	2.185716	0.001837	0.010656	-0.003393	-0.824463	0.575928	0.103516	0.409292	-0.532536	-0.326688	-0.664951
07883		9.766462	-0.021218	2.200646	-0.001701	0.011933	-0.005068	-0.830811	0.577881	0.101318	0.409275	-0.532500	-0.326601	-0.665033
07884		9.759823	-0.032169	2.205691	0.002266	0.009363	-0.004779	-0.828857	0.580078	0.096680	0.409278	-0.532456	-0.326569	-0.665083
07885		9.771069	-0.017866	2.223870	-0.001267	0.006575	-0.004680	-0.828857	0.580078	0.101074	0.409271	-0.532443	-0.326535	-0.665114
07886		9.759009	-0.020342	2.218866	-0.006330	0.005794	-0.003914	-0.831055	0.582275	0.098877	0.409219	-0.532480	-0.326443	-0.665162
07887		9.776534	-0.013793	2.214486	0.001744	0.004624	-0.004247	-0.828613	0.578125	0.096924	0.409223	-0.532476	-0.326435	-0.665166
07888		9.773376	0.015994	2.235267	-0.002218	0.003130	-0.002763	-0.830566	0.571533	0.099365	0.409206	-0.532504	-0.326397	-0.665173
07889		9.761118	0.001539	2.250353	-0.012231	0.000818	-0.001247	-0.831055	0.582275	0.098877	0.409097	-0.532609	-0.326270	-0.665218
07890		9.773411	-0.023583	2.197006	-0.013918	0.000559	-0.000992	-0.826660	0.578125	0.094727	0.409009	-0.532731	-0.326131	-0.665243
07891		9.773898	-0.042514	2.147060	-0.014811	0.002494	0.000904	-0.826660	0.580078	0.094482	0.408946	-0.532837	-0.325976	-0.665273
07892		9.767699	-0.065016	2.140629	-0.005292	0.004788	-0.000977	-0.826660	0.580078	0.096680	0.408947	-0.532867	-0.325902	-0.665284
07893		9.776198	-0.061667	2.139690	0.000847	0.010628	-0.004120	-0.833008	0.582275	0.090088	0.408980	-0.532811	-0.325863	-0.665327
07894		9.777769	-0.031865	2.211752	0.002596	0.011188	-0.006592	-0.826660	0.580078	0.096680	0.409023	-0.532709	-0.325877	-0.665376
07895		9.762558	-0.024354	2.208475	0.000477	0.012225	-0.004951	-0.828857	0.580078	0.098877	0.409052	-0.532639	-0.325832	-0.665436
07896		9.761993	-0.032644	2.201526	0.004046	0.010590	-0.006367	-0.833008	0.577881	0.096680	0.409077	-0.532564	-0.325827	-0.665483
07897		9.758573	-0.031369	2.194973	0.005652	0.012260	-0.005729	-0.828613	0.575928	0.096924	0.409119	-0.532458	-0.325831	-0.665540
07898		9.769175	-0.027778	2.234915	0.008045	0.008677	-0.005198	-0.833008	0.580078	0.096680	0.409166	-0.532376	-0.325866	-0.665560
07899		9.769180	-0.024632	2.206412	0.003201	0.010464	-0.006242	-0.833008	0.575928	0.101318	0.409185	-0.532299	-0.325861	-0.665612
07900		9.762403	-0.005841	2.240258	0.001501	0.007840	-0.005540	-0.830811	0.580078	0.090088	0.409163	-0.532266	-0.325834	-0.665665
07901		9.765537	-0.031794	2.191517	0.002695	0.008083	-0.006161	-0.830811	0.580078	0.098877	0.409192	-0.532195	-0.325856	-0.665694
07902		9.780185	-0.034161	2.168974	0.015957	0.009317	-0.007707	-0.833008	0.580078	0.098877	0.409275	-0.532066	-0.325963	-0.665694
07903		9.758272	-0.029266	2.208790	0.006424	0.015159	-0.009388	-0.828857	0.580078	0.094482	0.409300	-0.531929	-0.325973	-0.665783
07904		9.780248	-0.021353	2.256414	0.011041	0.014881	-0.008312	-0.826660	0.580078	0.094482	0.409382	-0.531767	-0.326026	-0.665836
07905		9.779505	-0.009184	2.268935	0.007026	0.007995	-0.006810	-0.833008	0.582275	0.098877	0.409424	-0.531692	-0.326069	-0.665849
07906		9.758793	0.017221	2.265195	-0.001441	0.006022	-0.006425	-0.828613	0.571777	0.097168	0.409389	-0.531687	-0.326037	-0.665890
07907		9.770330	0.012123	2.263112	-0.001689	0.002794	-0.005495	-0.832764	0.573730	0.094727	0.409331	-0.531706	-0.326016	-0.665921
07908		9.773424	-0.015676	2.243303	0.004357	-0.002816	-0.003288	-0.830811	0.580078	0.094482	0.409315	-0.531741	-0.326069	-0.665877
07909		9.782411	-0.002151	2.249428	0.004755	-0.003753	-0.001579	-0.826660	0.584473	0.098877	0.409332	-0.531793	-0.326120	-0.665800
07910		9.762264	-0.027139	2.225224	0.003246	-0.004468	-0.003559	-0.835205	0.577881	0.096680	0.409324	-0.531870	-0.326159	-0.665724
07911		9.783444	-0.049272	2.198674	0.004203	-0.005086	-0.003699	-0.832764	0.569580	0.097168	0.409297	-0.531927	-0.326222	-0.665664
07912		9.760538	-0.024033	2.182994	0.003750	-0.002083	-0.003642	-0.837158	0.575928	0.096924	0.409261	-0.531960	-0.326263	-0.665640
07913		9.763167	-0.002520	2.211483	0.003094	-0.000301	-0.006199	-0.826660	0.578125	0.096924	0.409218	-0.531970	-0.326309	-0.665636
07914		9.753443	-0.025776	2.256014	0.007850	-0.004051	-0.007778	-0.826416	0.573730	0.094727	0.409198	-0.531991	-0.326420	-0.665577
07915		9.778236	-0.014244	2.206243	0.009842	-0.005679	-0.004980	-0.830811	0.577881	0.092529	0.409204	-0.532018	-0.326544	-0.665491
07916		9.766372	-0.027127	2.219598	0.007928	-0.004441	-0.004699	-0.826416	0.573730	0.090332	0.409216	-0.532038	-0.326653	-0.665414
07917		9.779388	-0.018911	2.163602	0.019737	-0.002584	-0.006471	-0.826660	0.578125	0.096924	0.409301	-0.531970	-0.326868	-0.665311
07918		9.773118	-0.049339	2.177130	0.023376	-0.000528	-0.006583	-0.830811	0.580078	0.096680	0.409408	-0.531887	-0.327082	-0.665205
07919		9.751410	-0.048311	2.071757	0.053200	0.002246	-0.007969	-0.837158	0.575928	0.096924	0.409714	-0.531620	-0.327542	-0.665004
07920		9.763569	0.046785	2.237141	0.064064	0.003057	-0.008282	-0.828857	0.582275	0.092285	0.410071	-0.531284	-0.328089	-0.664783
07921		9.762534	0.028577	2.280006	0.015183	0.001386	-0.006255	-0.826660	0.578125	0.101318	0.410150	-0.531222	-0.328233	-0.664713
07922		9.777293	0.004527	2.267114	-0.006525	0.000473	-0.004765	-0.828857	0.580078	0.092285	0.410060	-0.531309	-0.328162	-0.664734
07923		9.760417	0.031212	2.239376	-0.011344	-0.005900	-0.002240	-0.828613	0.573730	0.096924	0.409962	-0.531458	-0.328096	-0.664708
07924		9.757783	-0.000338	2.230337	-0.011087	-0.006740	-0.001390	-0.828857	0.580078	0.096680	0.409840	-0.531624	-0.328018	-0.664689
07925		9.776636	-0.003718	2.182534	-0.016261	-0.006790	-0.000615	-0.835205	0.580078	0.098877	0.409708	-0.531821	-0.327893	-0.664673
07926		9.759998	-0.038656	2.127099	-0.020318	-0.002820	-0.000030	-0.835205	0.580078	0.094482	0.409557	-0.532009	-0.327709	-0.664708
07927		9.774437	-0.025137	2.152249	0.000177	-0.000454	-0.002232	-0.826416	0.573730	0.096924	0.409548	-0.532049	-0.327712	-0.664680
07928		9.767830	-0.027846	2.194992	0.012725	-0.001767	-0.002340	-0.833008	0.577881	0.099121	0.409604	-0.532045	-0.327816	-0.664597
07929		9.767722	-0.017037	2.204641	0.003465	0.001490	-0.001852	-0.830811	0.575928	0.101318	0.409611	-0.532067	-0.327820	-0.664573
07930		9.777548	-0.051451	2.132708	0.013141	0.002029	-0.001540	-0.826660	0.580078	0.096680	0.409680	-0.532043	-0.327891	-0.664515
07931		9.756855	-0.005355	2.146862	0.042974	0.000768	-0.001152	-0.833008	0.580078	0.096680	0.409972	-0.531871	-0.328226	-0.664307
07932		9.764067	0.047117	2.253992	0.052781	-0.001122	0.000475	-0.830811	0.580078	0.094482	0.410326	-0.531667	-0.328642	-0.664046
07933		9.758198	-0.014005	2.238679	0.019742	-0.002196	0.002790	-0.828857	0.582275	0.092285	0.410481	-0.531649	-0.328778	-0.663897
07934		9.765094	-0.021082	2.185515	-0.015495	-0.001874	0.003665	-0.833008	0.575928	0.099121	0.410424	-0.531809	-0.328619	-0.663883
07935		9.757199	-0.003109	2.145300	-0.004430	-0.003238	0.002453	-0.828857	0.580078	0.096680	0.410385	-0.531929	-0.328549	-0.663846
07936		9.774502	0.010696	2.179419	0.011197	-0.002793	0.004076	-0.828857	0.584473	0.098877	0.410488	-0.531970	-0.328603	-0.663723
07937		9.764544	0.014134	2.252967	-0.018868	-0.002408	0.004176	-0.828857	0.584229	0.101074	0.410397	-0.532172	-0.328397	-0.663719
07938		9.751045	-0.071857	2.159455	-0.044403	-0.000858	0.006235	-0.830811	0.580078	0.092285	0.410153	-0.532504	-0.327952	-0.663823
07939		9.775625	-0.015396	2.127619	-0.022685	-0.003998	0.006521	-0.824463	0.575928	0.096924	0.410057	-0.532722	-0.327732	-0.663817
07940		9.781333	-0.016415	2.145676	-0.003498	-0.001124	0.004947	-0.826660	0.580078	0.101074	0.410074	-0.532824	-0.327652	-0.663764
07941		9.771074	-0.044427	2.221462	-0.012302	-0.000868	0.005384	-0.828613	0.575928	0.099121	0.410032	-0.532982	-0.327483	-0.663746
07942		9.745616	-0.062745	2.158191	-0.017568	-0.001869	0.007505	-0.830811	0.580078	0.096680	0.409962	-0.533174	-0.327270	-0.663740
07943		9.769938	-0.035671	2.128530	0.003155	-0.001012	0.005271	-0.828857	0.584229	0.101074	0.410030	-0.533236	-0.327249	-0.663659
07944		9.775048	-0.046903	2.168498	0.001857	0.001856	0.005450	-0.826660	0.584473	0.096680	0.410101	-0.533298	-0.327187	-0.663595
07945		9.757216	-0.064042	2.164987	-0.003286	0.002467	0.007102	-0.826660	0.582275	0.098877	0.410170	-0.533378	-0.327080	-0.663542
07946		9.775254	-0.048958	2.139093	-0.002083	0.005076	0.006025	-0.831055	0.582275	0.101074	0.410236	-0.533429	-0.326971	-0.663514
07947		9.774341	-0.051351	2.171586	0.009147	0.008327	0.004763	-0.828857	0.582275	0.103271	0.410368	-0.533392	-0.326943	-0.663475
07948		9.764562	-0.065942	2.197440	0.008880	0.006807	0.004370	-0.826660	0.580078	0.092285	0.410485	-0.533376	-0.326915	-0.663430
07949		9.776286	-0.042347	2.193891	0.006226	0.004796	0.005220	-0.824463	0.580078	0.098877	0.410609	-0.533365	-0.326901	-0.663369
07950		9.770017	-0.055559	2.197438	0.005146	0.003801	0.005829	-0.831055	0.582275	0.092285	0.410711	-0.533389	-0.326857	-0.663308
07951		9.764370	-0.067545	2.169863	0.007059	0.002567	0.005549	-0.833252	0.584229	0.100830	0.410832	-0.533391	-0.326861	-0.663229
07952		9.761296	-0.058958	2.171045	0.007390	0.004383	0.003723	-0.826660	0.580078	0.101074	0.410926	-0.533391	-0.326845	-0.663179
07953		9.769961	-0.056786	2.169307	0.008519	0.004336	0.005320	-0.824707	0.584473	0.098877	0.411037	-0.533396	-0.326825	-0.663116
07954		9.775282	-0.066487	2.179810	0.004437	0.007649	0.005028	-0.822510	0.582275	0.098877	0.411150	-0.533391	-0.326761	-0.663082
07955		9.763216	-0.070820	2.174944	0.002833	0.005973	0.004395	-0.826660	0.582275	0.101074	0.411236	-0.533406	-0.326695	-0.663049
07956		9.762730	-0.052095	2.195536	0.003202	0.004382	0.005232	-0.826660	0.582275	0.094482	0.411314	-0.533439	-0.326630	-0.663006
07957		9.765450	-0.072488	2.186645	0.004681	0.004446	0.006335	-0.828857	0.582275	0.090088	0.411428	-0.533450	-0.326589	-0.662947
07958		9.774124	-0.071166	2.184849	0.000956	0.003804	0.007336	-0.824463	0.582275	0.094482	0.411531	-0.533477	-0.326528	-0.662891
07959		9.776733	-0.072345	2.194874	0.002631	0.001706	0.007540	-0.826660	0.582275	0.096680	0.411631	-0.533528	-0.326474	-0.662814
07960		9.768296	-0.075551	2.167310	-0.000790	0.002218	0.005842	-0.820312	0.582275	0.101074	0.411687	-0.533589	-0.326396	-0.662769
07961		9.756530	-0.090568	2.151828	-0.005203	0.003718	0.007374	-0.824463	0.582275	0.094482	0.411728	-0.533682	-0.326248	-0.662741
07962		9.764735	-0.100390	2.171058	0.006100	0.003189	0.005689	-0.822510	0.582275	0.098877	0.411841	-0.533694	-0.326229	-0.662671
07963		9.764532	-0.101122	2.171939	0.015633	0.003807	0.005145	-0.824463	0.582275	0.098877	0.412004	-0.533663	-0.326276	-0.662571
07964		9.758186	-0.103672	2.184973	0.021061	0.003014	0.005222	-0.822510	0.584473	0.094482	0.412198	-0.533609	-0.326371	-0.662447
07965		9.770108	-0.079730	2.180799	0.020389	0.003457	0.007083	-0.824707	0.586426	0.094238	0.412422	-0.533554	-0.326458	-0.662309
07966		9.775535	-0.089136	2.190726	0.013102	0.003418	0.005523	-0.822510	0.584473	0.096680	0.412586	-0.533530	-0.326495	-0.662208
07967		9.769813	-0.090963	2.172832	0.016028	0.002890	0.006855	-0.824707	0.586426	0.100830	0.412768	-0.533508	-0.326542	-0.662089
