// Start Time: Unknown
// Update Rate: 40.0Hz
// Filter Profile: human (46.1)
// Firmware Version: 4.6.0
PacketCounter	SampleTimeFine	Acc_X	Acc_Y	Acc_Z	Gyr_X	Gyr_Y	Gyr_Z	Mag_X	Mag_Y	Mag_Z	Quat_q0	Quat_q1	Quat_q2	Quat_q3
07338		8.901051	0.913049	3.925833	-0.011281	-0.010277	-0.009667	-0.621338	-0.460449	-0.475586	0.725300	0.320048	-0.443427	0.418188
07339		8.898606	0.898532	3.929293	-0.009594	-0.011786	-0.009139	-0.618652	-0.465332	-0.473877	0.725321	0.320073	-0.443547	0.418005
07340		8.915535	0.880414	3.902269	-0.010421	-0.007481	-0.004761	-0.619385	-0.466797	-0.477295	0.725348	0.320050	-0.443646	0.417872
07341		8.905471	0.896358	3.905684	0.000162	-0.000670	0.000560	-0.617432	-0.467773	-0.484863	0.725339	0.320051	-0.443655	0.417875
07342		8.899567	0.964297	3.904288	-0.010948	-0.001329	-0.003964	-0.614258	-0.468994	-0.478271	0.725395	0.319980	-0.443712	0.417774
07343		8.904165	0.951242	3.921143	-0.010648	0.000521	-0.007547	-0.619385	-0.460449	-0.475098	0.725478	0.319927	-0.443734	0.417646
07344		8.861674	0.890950	3.912781	-0.004539	-0.002752	-0.008304	-0.618164	-0.462891	-0.488281	0.725524	0.319954	-0.443749	0.417530
07345		8.882625	0.860797	3.903700	0.002660	-0.003205	-0.008625	-0.618652	-0.457764	-0.470947	0.725541	0.320047	-0.443729	0.417451
07346		8.883805	0.899148	3.903337	0.001942	-0.001222	-0.005832	-0.618896	-0.464844	-0.465820	0.725553	0.320101	-0.443713	0.417405
07347		8.901271	0.944772	3.915506	0.000474	-0.004352	-0.009537	-0.620117	-0.455322	-0.483154	0.725571	0.320179	-0.443720	0.417307
07348		8.900548	0.936102	3.951993	-0.000563	-0.005521	-0.007826	-0.621582	-0.455322	-0.468262	0.725581	0.320243	-0.443749	0.417210
07349		8.892946	0.935213	3.939735	-0.000005	-0.005706	-0.005256	-0.613525	-0.461670	-0.481689	0.725575	0.320302	-0.443780	0.417141
07350		8.854440	0.890434	3.924297	-0.000107	-0.007878	-0.003631	-0.623291	-0.466553	-0.476807	0.725560	0.320359	-0.443826	0.417074
07351		8.874564	0.888665	3.891621	0.005926	-0.008480	-0.005318	-0.613525	-0.475586	-0.479004	0.725522	0.320481	-0.443843	0.417029
07352		8.887695	0.876921	3.926845	0.010478	-0.006679	-0.004196	-0.620605	-0.464600	-0.478027	0.725475	0.320630	-0.443817	0.417023
07353		8.909007	0.940829	3.923100	0.010376	-0.004272	-0.003237	-0.620605	-0.459717	-0.469482	0.725429	0.320740	-0.443789	0.417049
07354		8.906184	0.929081	3.918622	0.010896	-0.000312	0.001810	-0.615234	-0.465820	-0.481445	0.725367	0.320814	-0.443749	0.417142
07355		8.887013	0.909509	3.901856	0.007534	-0.001700	0.000165	-0.618652	-0.456543	-0.472168	0.725343	0.320865	-0.443712	0.417185
07356		8.887546	0.913007	3.891587	0.003519	-0.004990	-0.003050	-0.616943	-0.464844	-0.479492	0.725310	0.320914	-0.443737	0.417178
07357		8.882994	0.927202	3.874238	0.001565	-0.000406	-0.003179	-0.612549	-0.463623	-0.474609	0.725329	0.320921	-0.443715	0.417163
07358		8.895820	0.920095	3.892639	0.004794	0.001999	-0.004612	-0.620850	-0.468506	-0.473633	0.725349	0.320971	-0.443649	0.417159
07359		8.904104	0.928995	3.885003	0.004522	0.000411	-0.002916	-0.620361	-0.461182	-0.477783	0.725337	0.321030	-0.443619	0.417167
07360		8.922545	0.919248	3.882681	0.003860	0.003001	-0.004527	-0.619385	-0.459717	-0.479736	0.725355	0.321045	-0.443574	0.417172
07361		8.919691	0.938761	3.898563	0.001735	0.003589	-0.003918	-0.613525	-0.463135	-0.479736	0.725386	0.321022	-0.443542	0.417170
07362		8.864366	0.912311	3.909986	0.001877	-0.001917	-0.000800	-0.614990	-0.454346	-0.470703	0.725387	0.321030	-0.443547	0.417157
07363		8.870362	0.910182	3.888275	0.000983	-0.005060	-0.003191	-0.615723	-0.457520	-0.471924	0.725346	0.321064	-0.443609	0.417135
07364		8.895614	0.925873	3.891741	0.002665	-0.006654	-0.002035	-0.620361	-0.456543	-0.471191	0.725289	0.321118	-0.443676	0.417121
07365		8.912678	0.910681	3.855452	0.005125	-0.008494	-0.002153	-0.616455	-0.467773	-0.476074	0.725191	0.321202	-0.443771	0.417127
07366		8.921324	0.914029	3.864755	0.006804	-0.005510	-0.001668	-0.625244	-0.466797	-0.475830	0.725142	0.321313	-0.443778	0.417119
07367		8.917486	0.933356	3.827993	0.007621	-0.004277	0.000463	-0.623047	-0.462402	-0.474121	0.725042	0.321408	-0.443827	0.417167
07368		8.911726	0.931181	3.866716	0.010197	-0.002726	0.004009	-0.615723	-0.457275	-0.482910	0.724918	0.321489	-0.443876	0.417268
07369		8.899077	0.939476	3.847574	0.010780	-0.002648	0.004690	-0.621826	-0.460449	-0.477783	0.724875	0.321467	-0.443897	0.417337
07370		8.896259	0.952730	3.881367	0.008684	0.002862	0.002111	-0.616211	-0.456055	-0.471436	0.724823	0.321477	-0.443895	0.417422
07371		8.895740	0.948211	3.900130	0.006965	-0.001603	-0.001779	-0.624512	-0.467773	-0.478760	0.724767	0.321539	-0.443919	0.417446
07372		8.895819	0.946467	3.908617	0.006025	-0.005264	-0.000391	-0.618408	-0.460449	-0.474609	0.724693	0.321629	-0.443966	0.417456
07373		8.898947	0.934349	3.873831	0.009750	-0.000203	-0.001450	-0.617188	-0.461182	-0.479980	0.724650	0.321706	-0.443943	0.417494
07374		8.890225	0.925201	3.890835	0.010147	0.000285	0.000558	-0.619385	-0.462158	-0.471680	0.724648	0.321720	-0.443904	0.417529
07375		8.895474	0.918291	3.888428	0.013034	-0.000723	-0.000069	-0.611816	-0.457520	-0.476318	0.724554	0.321865	-0.443874	0.417611
07376		8.893231	0.940207	3.894068	0.015095	0.002580	0.003679	-0.615479	-0.463135	-0.477783	0.724547	0.321879	-0.443789	0.417703
07377		8.903839	0.953360	3.918510	0.013383	0.003830	0.005038	-0.618896	-0.463379	-0.470215	0.724536	0.321903	-0.443694	0.417805
07378		8.900411	0.940550	3.915714	0.011942	0.006665	0.004698	-0.619141	-0.468018	-0.477783	0.724456	0.322000	-0.443610	0.417959
07379		8.893514	0.912599	3.919037	0.014517	0.007163	0.001690	-0.620117	-0.468994	-0.475586	0.724457	0.322086	-0.443451	0.418059
07380		8.879656	0.921914	3.902398	0.014095	0.010993	0.000890	-0.615723	-0.466797	-0.473633	0.724459	0.322188	-0.443260	0.418179
07381		8.892891	0.953843	3.913485	0.011970	0.011583	0.001499	-0.613281	-0.464844	-0.474121	0.724486	0.322257	-0.443064	0.418287
07382		8.865967	0.926718	3.957810	0.007762	0.008613	0.000250	-0.622070	-0.470459	-0.473877	0.724545	0.322278	-0.442906	0.418338
07383		8.881739	0.914148	3.915665	0.012259	0.008762	-0.000781	-0.623535	-0.468018	-0.475586	0.724517	0.322422	-0.442748	0.418442
07384		8.878249	0.933758	3.932870	0.013579	0.012742	0.001090	-0.625000	-0.469482	-0.473633	0.724495	0.322492	-0.442584	0.418600
07385		8.891881	0.968119	3.934188	0.010787	0.006682	0.002074	-0.618896	-0.466797	-0.475098	0.724415	0.322606	-0.442501	0.418737
07386		8.898751	0.942178	3.918728	0.010170	0.010840	0.003226	-0.624512	-0.469482	-0.472656	0.724423	0.322626	-0.442349	0.418869
07387		8.881422	0.932731	3.917323	0.009449	0.007107	0.000777	-0.623291	-0.461914	-0.470703	0.724353	0.322744	-0.442266	0.418988
07388		8.898840	0.987555	3.894099	-0.002435	0.011246	-0.003146	-0.615479	-0.466797	-0.468750	0.724359	0.322675	-0.442254	0.419043
07389		8.894123	0.972164	3.903116	-0.002401	0.017311	-0.000430	-0.619629	-0.462402	-0.478516	0.724437	0.322657	-0.442085	0.419100
07390		8.858716	0.915777	3.899882	-0.000173	0.009734	-0.001303	-0.621094	-0.465088	-0.472656	0.724524	0.322509	-0.442019	0.419133
07391		8.860766	0.929648	3.905511	0.002346	0.008486	-0.005821	-0.617920	-0.464111	-0.472168	0.724539	0.322543	-0.441948	0.419156
07392		8.867604	0.931272	3.927501	0.001294	0.006002	-0.008764	-0.615967	-0.461670	-0.476562	0.724582	0.322587	-0.441874	0.419125
07393		8.897918	0.976870	3.931245	-0.003657	0.003618	-0.011259	-0.614502	-0.469727	-0.470215	0.724711	0.322504	-0.441829	0.419014
07394		8.913334	0.957156	3.916525	-0.004891	0.002783	-0.007587	-0.618896	-0.468506	-0.472656	0.724764	0.322619	-0.441742	0.418925
07395		8.898439	0.924695	3.917650	-0.008857	0.001054	-0.008022	-0.623047	-0.460205	-0.469238	0.724807	0.322654	-0.441744	0.418822
07396		8.887911	0.915862	3.884011	-0.009623	-0.004337	-0.012613	-0.617188	-0.461182	-0.463867	0.724761	0.322657	-0.441930	0.418703
07397		8.882121	0.920392	3.904540	-0.005198	-0.000288	-0.009287	-0.621094	-0.462402	-0.471191	0.724695	0.322761	-0.442015	0.418647
07398		8.890006	0.923950	3.915488	-0.005078	-0.001379	-0.005577	-0.612061	-0.465820	-0.477295	0.724655	0.322748	-0.442129	0.418605
07399		8.930692	0.918464	3.904541	-0.006825	-0.001617	-0.007624	-0.617432	-0.466553	-0.469482	0.724802	0.322684	-0.442081	0.418452
07400		8.910992	0.896375	3.898012	0.001546	0.003994	-0.002601	-0.624756	-0.467529	-0.476807	0.724757	0.322790	-0.442044	0.418487
07401		8.910044	0.894545	3.908817	0.003888	0.009057	-0.001815	-0.614990	-0.471191	-0.479492	0.724744	0.322778	-0.442001	0.418564
07402		8.887272	0.919401	3.947370	0.003953	0.010884	-0.000932	-0.625732	-0.461914	-0.477051	0.724866	0.322768	-0.441780	0.418593
07403		8.879157	0.953984	3.938766	0.006537	0.012615	0.001354	-0.609863	-0.462646	-0.469238	0.724835	0.322640	-0.441787	0.418739
07404		8.890642	0.943501	3.969176	0.004173	0.011959	0.001142	-0.610352	-0.464844	-0.477051	0.724876	0.322638	-0.441645	0.418819
07405		8.878700	0.931073	3.947833	0.005037	0.013707	-0.000508	-0.623291	-0.469482	-0.476807	0.725025	0.322547	-0.441431	0.418857
07406		8.882410	0.921097	3.957904	0.003781	0.011466	-0.000868	-0.621338	-0.474365	-0.469482	0.725022	0.322554	-0.441343	0.418950
07407		8.868778	0.961087	3.960725	0.001836	0.011557	-0.000960	-0.617920	-0.464844	-0.478516	0.724953	0.322752	-0.441216	0.419051
07408		8.883479	0.940215	3.948059	0.003519	0.014629	-0.001112	-0.620850	-0.462402	-0.482178	0.725047	0.322623	-0.441087	0.419121
07409		8.867727	0.938835	3.970930	0.009747	0.019512	-0.000142	-0.625977	-0.466309	-0.470947	0.725149	0.322422	-0.440936	0.419258
07410		8.869254	0.955130	3.968881	0.005690	0.015699	0.000424	-0.623535	-0.465576	-0.471680	0.725045	0.322466	-0.440903	0.419439
07411		8.851405	0.945727	3.968593	0.002445	0.011890	-0.002171	-0.613770	-0.467529	-0.478027	0.724984	0.322487	-0.440887	0.419547
07412		8.852424	0.954250	3.993948	-0.000761	0.014316	-0.003313	-0.606445	-0.465332	-0.471924	0.725132	0.322399	-0.440699	0.419555
07413		8.854436	0.970460	3.990822	-0.004270	0.009009	-0.004835	-0.613525	-0.463867	-0.478760	0.725266	0.322381	-0.440538	0.419506
07414		8.850050	0.926522	3.970604	-0.002710	0.009746	-0.002089	-0.614990	-0.465088	-0.476318	0.725396	0.322219	-0.440453	0.419496
07415		8.862138	0.921354	3.981975	-0.001091	0.010991	-0.003122	-0.617676	-0.463135	-0.469971	0.725479	0.322139	-0.440357	0.419514
07416		8.877729	0.934655	3.978260	0.000273	0.010821	-0.003711	-0.618652	-0.463379	-0.477783	0.725445	0.322156	-0.440332	0.419587
07417		8.866190	0.951279	3.984418	-0.001592	0.008247	-0.002865	-0.609619	-0.470703	-0.477783	0.725493	0.322033	-0.440325	0.419606
07418		8.865253	0.951834	3.986371	-0.001164	0.009078	-0.003376	-0.617920	-0.468018	-0.476807	0.725633	0.322041	-0.440118	0.419574
07419		8.845280	0.932050	3.971809	-0.003590	0.006593	-0.004473	-0.618652	-0.462158	-0.476562	0.725674	0.322019	-0.440077	0.419564
07420		8.854887	0.913859	3.978454	-0.001188	0.004248	-0.000797	-0.622314	-0.460938	-0.476562	0.725662	0.321916	-0.440136	0.419600
07421		8.840412	0.911779	3.998441	0.001091	0.002908	-0.000204	-0.619629	-0.476807	-0.484131	0.725594	0.321821	-0.440252	0.419671
07422		8.874628	0.944955	3.958424	-0.000315	0.001419	-0.001757	-0.615234	-0.473389	-0.476074	0.725656	0.321868	-0.440144	0.419639
07423		8.882371	0.947585	3.969805	-0.004031	0.001016	-0.002016	-0.611572	-0.472412	-0.476318	0.725672	0.321961	-0.440079	0.419609
07424		8.878109	0.924216	4.003919	-0.007230	-0.001136	-0.002472	-0.616455	-0.468506	-0.472412	0.725727	0.322018	-0.440019	0.419534
07425		8.860555	0.916852	3.940528	-0.006180	0.000115	-0.004817	-0.615723	-0.454346	-0.479248	0.725706	0.322083	-0.440049	0.419489
07426		8.876002	0.922233	3.963349	-0.004426	0.005100	-0.004714	-0.612061	-0.465820	-0.478027	0.725795	0.321792	-0.440148	0.419454
07427		8.886503	0.940777	3.970045	-0.003601	0.006509	-0.003843	-0.615723	-0.467529	-0.479248	0.725897	0.321716	-0.440067	0.419419
07428		8.855713	0.931753	3.977608	-0.005496	0.002361	-0.005771	-0.623291	-0.462891	-0.476807	0.725972	0.321666	-0.440048	0.419349
07429		8.857926	0.913989	3.963301	-0.004682	0.003686	-0.004271	-0.614746	-0.464111	-0.482422	0.725939	0.321575	-0.440161	0.419356
07430		8.867448	0.922340	4.006956	-0.003379	0.001690	-0.005741	-0.605713	-0.462891	-0.478027	0.726046	0.321446	-0.440152	0.419279
07431		8.865456	0.917788	3.974879	-0.004989	-0.004134	-0.004024	-0.616943	-0.462646	-0.484375	0.726147	0.321378	-0.440141	0.419168
07432		8.875249	0.896744	3.989901	0.000795	0.005816	0.001443	-0.616699	-0.462646	-0.478027	0.726219	0.321177	-0.440136	0.419203
07433		8.876401	0.938415	3.971979	-0.003777	0.002430	-0.002460	-0.620605	-0.464844	-0.474854	0.726231	0.321087	-0.440185	0.419202
07434		8.877734	0.980315	3.953603	-0.008888	0.000621	-0.004906	-0.612549	-0.462646	-0.482178	0.726190	0.321062	-0.440292	0.419177
07435		8.837870	0.926920	3.968121	-0.006169	0.000200	-0.005451	-0.620117	-0.463379	-0.472900	0.726309	0.320911	-0.440306	0.419073
07436		8.839443	0.901482	3.981356	-0.007156	-0.000542	-0.006886	-0.611816	-0.455078	-0.477539	0.726241	0.320938	-0.440418	0.419053
07437		8.842269	0.915414	3.985073	-0.008897	-0.000780	-0.008939	-0.617432	-0.468994	-0.478271	0.726326	0.320754	-0.440519	0.418941
07438		8.850066	0.919117	3.996071	-0.007940	-0.001609	-0.010278	-0.617920	-0.468018	-0.482422	0.726373	0.320792	-0.440535	0.418813
07439		8.880084	0.927781	3.998427	-0.003794	-0.005033	-0.009212	-0.616211	-0.459717	-0.482910	0.726426	0.320794	-0.440571	0.418680
07440		8.880766	0.903223	3.959700	-0.003051	-0.005621	-0.007964	-0.615479	-0.467773	-0.474854	0.726480	0.320672	-0.440675	0.418571
07441		8.834694	0.916478	3.980603	-0.000842	-0.004208	-0.008940	-0.609619	-0.461426	-0.476318	0.726450	0.320816	-0.440684	0.418503
07442		8.835072	0.917794	3.979463	-0.001757	-0.006386	-0.004143	-0.614258	-0.463867	-0.475586	0.726455	0.320815	-0.440738	0.418438
07443		8.862233	0.910296	3.986818	0.000625	-0.005555	-0.005185	-0.616455	-0.464111	-0.479736	0.726411	0.320887	-0.440789	0.418405
07444		8.882457	0.937116	3.982851	-0.001043	-0.008545	-0.005670	-0.616455	-0.472412	-0.480469	0.726396	0.320893	-0.440887	0.418325
07445		8.894260	0.927585	3.958283	-0.003316	-0.007122	-0.006893	-0.621094	-0.461426	-0.483887	0.726425	0.320977	-0.440901	0.418196
07446		8.869185	0.905751	3.980294	0.000848	-0.004396	-0.003739	-0.618652	-0.463135	-0.478760	0.726422	0.320865	-0.441017	0.418163
07447		8.851264	0.922980	3.963059	-0.000051	-0.003054	-0.006179	-0.625000	-0.456543	-0.487549	0.726404	0.320859	-0.441084	0.418129
07448		8.865316	0.952398	3.980576	-0.003866	-0.005632	-0.004803	-0.614502	-0.467285	-0.478027	0.726423	0.320603	-0.441298	0.418067
07449		8.865756	0.953062	3.979437	-0.007564	-0.005870	-0.006322	-0.610596	-0.458496	-0.476562	0.726458	0.320609	-0.441354	0.417941
07450		8.882457	0.932462	3.962545	-0.009986	-0.008358	-0.007425	-0.622559	-0.462158	-0.483643	0.726497	0.320524	-0.441480	0.417806
07451		8.879451	0.915111	3.976358	-0.009471	-0.005441	-0.008939	-0.620361	-0.463623	-0.483887	0.726544	0.320381	-0.441635	0.417671
07452		8.841908	0.935475	3.989650	-0.006336	-0.005110	-0.009366	-0.618652	-0.463135	-0.484863	0.726608	0.320282	-0.441735	0.417528
07453		8.850752	0.944572	3.980770	-0.006579	-0.006440	-0.009555	-0.619141	-0.470215	-0.482910	0.726693	0.320168	-0.441836	0.417361
07454		8.845735	0.951357	3.990630	-0.009417	-0.009676	-0.010780	-0.623535	-0.462891	-0.474365	0.726767	0.320164	-0.441931	0.417135
07455		8.873015	0.944248	3.997646	-0.009706	-0.006685	-0.009760	-0.612549	-0.468750	-0.477295	0.726684	0.320202	-0.442098	0.417074
07456		8.868757	0.929821	3.951430	-0.009309	-0.006110	-0.008379	-0.612305	-0.461670	-0.476318	0.726751	0.320233	-0.442128	0.416901
07457		8.855427	0.931161	3.959991	-0.008361	-0.007022	-0.009091	-0.614014	-0.465820	-0.475586	0.726785	0.320218	-0.442209	0.416768
07458		8.877431	0.934555	3.960245	-0.007452	-0.003528	-0.009220	-0.614746	-0.455566	-0.482910	0.726820	0.320253	-0.442238	0.416648
07459		8.861052	0.954503	3.984737	-0.005264	-0.002283	-0.008936	-0.615234	-0.464600	-0.479492	0.726913	0.320072	-0.442320	0.416538
07460		8.858976	0.950744	3.952510	-0.004276	-0.001541	-0.007500	-0.617432	-0.472656	-0.479004	0.726971	0.320045	-0.442337	0.416440
07461		8.857912	0.941371	3.989778	-0.005291	-0.002542	-0.007047	-0.617188	-0.472900	-0.476562	0.727020	0.320106	-0.442334	0.416311
07462		8.872071	0.944794	3.970055	-0.005117	-0.003123	-0.007115	-0.619629	-0.466309	-0.471191	0.727038	0.320210	-0.442336	0.416198
07463		8.861779	0.933177	3.945062	-0.003829	-0.005285	-0.007333	-0.614258	-0.458740	-0.474121	0.726940	0.320349	-0.442420	0.416172
07464		8.867163	0.952282	3.979509	-0.004272	-0.006292	-0.005565	-0.620361	-0.465332	-0.475098	0.726896	0.320347	-0.442529	0.416136
07465		8.853964	0.953478	3.987835	-0.004912	-0.008197	-0.007138	-0.610840	-0.466553	-0.478516	0.726828	0.320417	-0.442651	0.416070
07466		8.865567	0.943612	3.963711	-0.005162	-0.003556	-0.003965	-0.611084	-0.464355	-0.480469	0.726891	0.320399	-0.442654	0.415970
07467		8.884383	0.933140	3.961124	-0.004197	0.001763	-0.003203	-0.619629	-0.461670	-0.471436	0.726992	0.320304	-0.442625	0.415898
07468		8.892622	0.941228	3.953763	-0.002077	0.001098	-0.003177	-0.614014	-0.467773	-0.478027	0.726901	0.320345	-0.442686	0.415960
07469		8.851855	0.947987	3.964247	-0.003772	-0.003459	-0.006446	-0.608643	-0.462891	-0.470703	0.726941	0.320377	-0.442689	0.415863
07470		8.843533	0.938392	3.980344	-0.002360	-0.006722	-0.002952	-0.612305	-0.473877	-0.478760	0.726888	0.320469	-0.442728	0.415843
07471		8.835612	0.928302	3.995682	-0.002694	-0.010223	-0.001512	-0.612061	-0.468994	-0.471191	0.726889	0.320573	-0.442747	0.415742
07472		8.874916	0.912104	3.969264	-0.001064	-0.013634	-0.001238	-0.608643	-0.458740	-0.478516	0.726776	0.320757	-0.442831	0.415706
07473		8.911362	0.943019	3.986507	0.001273	-0.008390	-0.001696	-0.611328	-0.467041	-0.476807	0.726785	0.320714	-0.442895	0.415658
07474		8.891784	0.954757	3.936230	0.001231	-0.010042	-0.003846	-0.610840	-0.457031	-0.474854	0.726766	0.320807	-0.442926	0.415585
07475		8.855832	0.940570	3.989959	0.000366	-0.007046	-0.004134	-0.617188	-0.464111	-0.481934	0.726742	0.320793	-0.443005	0.415553
07476		8.837070	0.915657	3.990516	0.001630	-0.009467	-0.002464	-0.613037	-0.461426	-0.473389	0.726732	0.320772	-0.443097	0.415488
07477		8.849320	0.936900	3.984267	0.002961	-0.009976	-0.000535	-0.616211	-0.459229	-0.478027	0.726638	0.320846	-0.443186	0.415501
07478		8.878414	0.970766	3.971409	0.000300	-0.013796	-0.001830	-0.615479	-0.459961	-0.485107	0.726570	0.320831	-0.443354	0.415453
07479		8.908675	0.941671	3.971666	-0.002045	-0.008232	-0.000568	-0.617432	-0.471680	-0.478027	0.726625	0.320664	-0.443472	0.415359
07480		8.885307	0.928776	3.955294	0.004079	-0.010336	0.004612	-0.617676	-0.465820	-0.473877	0.726542	0.320758	-0.443537	0.415362
07481		8.879517	0.970246	3.914599	-0.005214	-0.004077	-0.000179	-0.620117	-0.466309	-0.475342	0.726500	0.320760	-0.443613	0.415353
07482		8.877266	0.959488	3.900685	-0.002095	-0.003914	0.000650	-0.613281	-0.460205	-0.482910	0.726444	0.320769	-0.443688	0.415364
07483		8.863127	0.920612	3.918619	0.001512	-0.007060	-0.001509	-0.615479	-0.466309	-0.478516	0.726490	0.320672	-0.443748	0.415295
07484		8.890586	0.915792	3.916440	0.002631	-0.003714	-0.004855	-0.615479	-0.462891	-0.471436	0.726515	0.320707	-0.443739	0.415233
07485		8.877228	0.920191	3.916223	0.004659	-0.001711	-0.005764	-0.613770	-0.465088	-0.477783	0.726462	0.320822	-0.443721	0.415257
07486		8.880149	0.929763	3.937164	0.007438	-0.011191	-0.005605	-0.610596	-0.459717	-0.476562	0.726432	0.320937	-0.443749	0.415189
07487		8.881454	0.903131	3.905447	0.014219	-0.017271	-0.002854	-0.610107	-0.466553	-0.470703	0.726328	0.321092	-0.443819	0.415176
07488		8.861561	0.902984	3.899739	0.018961	-0.020603	-0.001129	-0.616943	-0.462891	-0.475830	0.726136	0.321433	-0.443860	0.415205
07489		8.891445	0.966592	3.912898	0.012154	-0.019705	0.001205	-0.614746	-0.471680	-0.475586	0.725970	0.321586	-0.444004	0.415223
07490		8.903849	0.951238	3.904533	0.005261	-0.016056	0.001979	-0.619629	-0.465576	-0.470947	0.725887	0.321726	-0.444088	0.415171
07491		8.910919	0.941153	3.907236	-0.002038	-0.025011	-0.004730	-0.621338	-0.469727	-0.476318	0.725724	0.321890	-0.444331	0.415067
07492		8.893864	0.918707	3.895134	-0.005273	-0.022769	-0.004597	-0.614990	-0.464844	-0.470947	0.725647	0.321972	-0.444556	0.414897
07493		8.879446	0.877658	3.867863	0.000873	-0.024694	-0.000693	-0.613281	-0.469727	-0.482178	0.725495	0.322120	-0.444767	0.414822
07494		8.899060	0.927213	3.856192	0.001463	-0.024527	-0.000643	-0.615967	-0.465088	-0.469238	0.725485	0.322161	-0.444928	0.414635
07495		8.920746	0.953136	3.848465	-0.003706	-0.022031	-0.001853	-0.612793	-0.468018	-0.474609	0.725358	0.322275	-0.445138	0.414544
07496		8.941476	0.942717	3.841265	-0.002434	-0.019441	-0.004013	-0.622803	-0.462646	-0.476318	0.725340	0.322348	-0.445268	0.414379
07497		8.945480	0.920152	3.840518	-0.000297	-0.019845	-0.005889	-0.616211	-0.458252	-0.468750	0.725259	0.322391	-0.445475	0.414265
07498		8.928981	0.939999	3.810493	-0.002660	-0.020512	-0.006097	-0.627686	-0.464600	-0.467285	0.725144	0.322474	-0.445679	0.414182
07499		8.927910	0.930472	3.793315	-0.000776	-0.016534	-0.002903	-0.613281	-0.477783	-0.475342	0.724958	0.322605	-0.445892	0.414176
07500		8.942578	0.925635	3.798874	0.005603	-0.012379	-0.000749	-0.616943	-0.461914	-0.467285	0.724972	0.322752	-0.445879	0.414051
07501		8.952323	0.936960	3.778476	0.010614	-0.014033	-0.001371	-0.623779	-0.468994	-0.468506	0.724818	0.322929	-0.445961	0.414094
07502		8.958651	0.958856	3.802332	0.008420	-0.004476	-0.000836	-0.621582	-0.466797	-0.470215	0.724715	0.323069	-0.445979	0.414145
07503		8.925991	0.934148	3.813693	0.006052	-0.005229	-0.000410	-0.613037	-0.466797	-0.474854	0.724643	0.323148	-0.446013	0.414174
07504		8.929274	0.947965	3.816250	0.008661	-0.003146	-0.000647	-0.621826	-0.470215	-0.475342	0.724673	0.323181	-0.445956	0.414158
07505		8.931931	0.951160	3.856505	0.007634	-0.004405	0.001703	-0.620361	-0.466309	-0.468018	0.724646	0.323218	-0.445966	0.414166
07506		8.921988	0.970250	3.849995	0.003288	-0.006387	-0.002624	-0.623535	-0.467773	-0.474365	0.724579	0.323306	-0.446012	0.414164
07507		8.927804	0.960500	3.855551	0.003210	-0.008470	-0.001623	-0.619873	-0.471436	-0.471436	0.724541	0.323332	-0.446090	0.414125
07508		8.917286	0.942801	3.848919	0.002982	-0.003742	0.000925	-0.617676	-0.462402	-0.471680	0.724526	0.323376	-0.446100	0.414108
07509		8.936941	0.968584	3.845753	-0.002358	-0.000582	-0.000833	-0.614990	-0.471680	-0.470215	0.724547	0.323298	-0.446126	0.414103
07510		8.920281	0.955841	3.852340	-0.004986	0.002083	-0.002527	-0.618652	-0.464600	-0.469727	0.724634	0.323272	-0.446081	0.414020
07511		8.919520	0.950857	3.872168	-0.006603	0.005749	-0.004682	-0.615234	-0.457764	-0.475830	0.724709	0.323185	-0.446054	0.413986
07512		8.921532	0.964011	3.877821	-0.005651	0.010811	-0.002032	-0.618408	-0.465576	-0.465088	0.724845	0.322954	-0.445991	0.413996
07513		8.912255	0.958889	3.878770	-0.009770	0.009900	-0.004279	-0.615723	-0.468506	-0.470703	0.724910	0.322881	-0.445943	0.413990
07514		8.907953	0.943476	3.887345	-0.008856	0.013567	-0.005670	-0.617920	-0.465088	-0.474854	0.725073	0.322762	-0.445821	0.413928
07515		8.900670	0.917816	3.883378	-0.003146	0.015474	-0.002569	-0.614502	-0.458252	-0.462402	0.725216	0.322604	-0.445691	0.413941
07516		8.915426	0.928121	3.890198	-0.003676	0.017132	-0.001731	-0.626221	-0.459961	-0.476562	0.725248	0.322529	-0.445565	0.414080
07517		8.887136	0.941818	3.867129	-0.000307	0.018716	-0.001355	-0.619629	-0.462402	-0.476318	0.725337	0.322329	-0.445466	0.414188
07518		8.901177	0.944247	3.902649	-0.003435	0.018462	-0.001544	-0.618164	-0.461182	-0.471924	0.725479	0.322123	-0.445338	0.414236
07519		8.904618	0.907662	3.876316	-0.002502	0.017380	-0.001002	-0.623535	-0.462646	-0.478027	0.725568	0.321977	-0.445215	0.414326
07520		8.886762	0.929221	3.895922	-0.000352	0.017150	-0.004139	-0.623779	-0.461426	-0.473145	0.725688	0.321815	-0.445094	0.414372
07521		8.893287	0.932256	3.910146	-0.002695	0.011733	-0.002414	-0.617188	-0.462891	-0.481201	0.725723	0.321705	-0.445047	0.414446
07522		8.904858	0.895572	3.903564	0.001436	0.018873	0.001318	-0.622314	-0.467529	-0.480225	0.725881	0.321487	-0.444890	0.414506
07523		8.898834	0.942492	3.899800	0.002582	0.012719	0.001834	-0.619385	-0.467773	-0.469238	0.725966	0.321358	-0.444796	0.414558
07524		8.936356	0.999117	3.879918	-0.009717	0.022619	-0.003240	-0.615234	-0.455322	-0.472900	0.726096	0.321224	-0.444637	0.414606
07525		8.908646	0.944327	3.889953	-0.009665	0.024358	-0.001722	-0.611572	-0.463867	-0.469971	0.726242	0.320960	-0.444491	0.414712
07526		8.892113	0.907782	3.904888	-0.010011	0.019551	-0.004956	-0.616455	-0.467773	-0.473389	0.726395	0.320824	-0.444329	0.414722
07527		8.871990	0.926960	3.883500	-0.013221	0.016080	-0.010084	-0.622070	-0.462646	-0.466797	0.726577	0.320698	-0.444207	0.414631
07528		8.880834	0.943218	3.902544	-0.015039	0.019984	-0.009656	-0.614014	-0.472656	-0.476074	0.726669	0.320587	-0.444107	0.414663
07529		8.911067	0.930383	3.904118	-0.010986	0.019070	-0.008287	-0.620605	-0.467773	-0.474365	0.726887	0.320467	-0.443922	0.414570
07530		8.908881	0.928515	3.917822	-0.009878	0.017406	-0.007812	-0.614746	-0.466064	-0.484131	0.727020	0.320357	-0.443805	0.414549
07531		8.868670	0.911364	3.936007	-0.010379	0.014486	-0.006305	-0.614746	-0.470215	-0.475830	0.727241	0.320133	-0.443703	0.414444
07532		8.864374	0.898742	3.935479	-0.007921	0.012488	-0.005161	-0.617188	-0.457275	-0.473145	0.727368	0.320055	-0.443594	0.414397
07533		8.868212	0.888461	3.945584	-0.002119	0.011816	-0.001734	-0.616699	-0.462646	-0.475586	0.727377	0.319967	-0.443539	0.414508
07534		8.905720	0.906319	3.933412	-0.005197	0.007156	-0.002524	-0.620850	-0.465332	-0.477539	0.727413	0.319889	-0.443516	0.414530
07535		8.878117	0.914653	3.926754	-0.003020	0.008320	-0.001610	-0.624512	-0.464355	-0.478760	0.727440	0.319819	-0.443485	0.414568
07536		8.882551	0.903804	3.935645	-0.002363	0.005471	0.001897	-0.615479	-0.468018	-0.482422	0.727420	0.319734	-0.443515	0.414639
07537		8.887831	0.900893	3.916021	-0.000976	0.005574	-0.000586	-0.612305	-0.459229	-0.475586	0.727493	0.319659	-0.443464	0.414622
07538		8.876667	0.919395	3.912431	-0.001257	0.008735	-0.000818	-0.608643	-0.465576	-0.487061	0.727526	0.319582	-0.443403	0.414689
07539		8.886688	0.935202	3.928804	-0.005053	0.005012	-0.005378	-0.613770	-0.466309	-0.472168	0.727706	0.319436	-0.443338	0.414555
07540		8.894124	0.909718	3.912817	-0.002294	0.006257	-0.003778	-0.609375	-0.469482	-0.476562	0.727717	0.319466	-0.443272	0.414583
07541		8.884248	0.894623	3.950314	-0.003818	0.007172	-0.004379	-0.616211	-0.464600	-0.483643	0.727808	0.319453	-0.443170	0.414542
07542		8.881995	0.926610	3.920019	-0.003896	0.005086	-0.003379	-0.608643	-0.463379	-0.477051	0.727894	0.319344	-0.443149	0.414498
07543		8.877727	0.906168	3.945974	-0.004576	0.007673	-0.004996	-0.614258	-0.465088	-0.477539	0.727985	0.319285	-0.443067	0.414472
07544		8.864069	0.917539	3.920058	-0.007695	0.007504	-0.005829	-0.612549	-0.466309	-0.475586	0.728068	0.319212	-0.443021	0.414431
07545		8.893131	0.925304	3.924613	-0.006777	0.006247	-0.004022	-0.614746	-0.461426	-0.474121	0.728124	0.319172	-0.442976	0.414411
07546		8.888931	0.907532	3.941546	-0.005089	0.009592	-0.006050	-0.622559	-0.466553	-0.479980	0.728167	0.319128	-0.442915	0.414434
07547		8.896094	0.913182	3.945334	-0.005536	0.008493	-0.003652	-0.616699	-0.453369	-0.477783	0.728212	0.319048	-0.442897	0.414438
07548		8.873423	0.911056	3.946298	-0.007245	0.009902	-0.003555	-0.612061	-0.463623	-0.478760	0.728259	0.318882	-0.442901	0.414478
07549		8.869674	0.929256	3.963688	-0.006733	0.007983	-0.002501	-0.615967	-0.469971	-0.478027	0.728332	0.318786	-0.442855	0.414473
07550		8.869077	0.963131	3.975218	-0.009069	0.007575	-0.004613	-0.610596	-0.468750	-0.480469	0.728404	0.318734	-0.442808	0.414436
07551		8.876960	0.942437	3.940832	-0.014187	0.005660	-0.006438	-0.615479	-0.457520	-0.480713	0.728538	0.318625	-0.442776	0.414319
07552		8.870123	0.911328	3.953648	-0.011642	0.005838	-0.006918	-0.611328	-0.462646	-0.475586	0.728627	0.318467	-0.442806	0.414253
07553		8.869449	0.911758	3.955060	-0.007589	0.004925	-0.005535	-0.616699	-0.464844	-0.477051	0.728669	0.318431	-0.442779	0.414234
07554		8.871539	0.925437	3.960262	-0.003627	0.006770	-0.005710	-0.607178	-0.457520	-0.483154	0.728694	0.318424	-0.442733	0.414244
07555		8.854405	0.915782	3.958613	-0.001671	0.008075	-0.001568	-0.612305	-0.458496	-0.478027	0.728785	0.318294	-0.442674	0.414248
07556		8.858442	0.902803	3.977032	0.001624	0.007664	-0.000800	-0.610107	-0.458252	-0.481934	0.728789	0.318253	-0.442621	0.414329
07557		8.857722	0.872167	3.959561	0.008045	0.007512	0.000177	-0.609131	-0.461670	-0.478516	0.728803	0.318226	-0.442534	0.414417
07558		8.886259	0.878010	3.973964	0.014672	0.013358	0.000048	-0.615234	-0.461670	-0.485840	0.728801	0.318288	-0.442335	0.414586
07559		8.890387	0.908180	3.975626	0.019218	0.021598	0.001412	-0.616699	-0.462158	-0.471680	0.728852	0.318267	-0.442081	0.414783
07560		8.872020	0.899426	3.976522	0.018786	0.020674	0.002546	-0.612305	-0.470215	-0.478516	0.728762	0.318392	-0.441831	0.415112
07561		8.837452	0.911697	3.992633	0.016569	0.017773	0.000101	-0.616699	-0.467041	-0.478027	0.728761	0.318509	-0.441556	0.415317
07562		8.863001	0.910143	3.986090	0.013837	0.018089	0.001274	-0.611328	-0.461426	-0.480469	0.728740	0.318573	-0.441338	0.415537
07563		8.857969	0.926442	4.014700	0.009218	0.020394	0.002608	-0.612061	-0.462158	-0.487549	0.728786	0.318509	-0.441135	0.415720
07564		8.877339	0.923570	4.038578	0.003780	0.014972	0.002218	-0.609863	-0.464600	-0.481201	0.728879	0.318363	-0.441016	0.415795
07565		8.848704	0.897402	4.024173	0.004500	0.020439	0.006203	-0.620361	-0.464355	-0.488281	0.728932	0.318258	-0.440829	0.415980
07566		8.842230	0.940792	4.030161	-0.005441	0.013441	0.002774	-0.610840	-0.459961	-0.480469	0.729014	0.318048	-0.440804	0.416025
07567		8.860188	0.968488	4.022534	-0.016043	0.020364	-0.005264	-0.606934	-0.458984	-0.474365	0.729191	0.317801	-0.440705	0.416008
07568		8.821022	0.921257	4.063956	-0.017755	0.021772	-0.005176	-0.611328	-0.467773	-0.486328	0.729342	0.317591	-0.440580	0.416035
07569		8.797303	0.884846	4.057091	-0.009274	0.012734	-0.005258	-0.603027	-0.462158	-0.484863	0.729487	0.317456	-0.440482	0.415989
07570		8.806471	0.869673	4.056279	-0.002531	0.016087	-0.005706	-0.617432	-0.468750	-0.488770	0.729647	0.317343	-0.440306	0.415980
07571		8.837343	0.891251	4.066633	0.005812	0.015684	-0.003349	-0.613281	-0.459473	-0.477051	0.729723	0.317309	-0.440139	0.416048
07572		8.836440	0.928718	4.069638	0.006388	0.010834	0.000536	-0.614990	-0.460938	-0.481445	0.729670	0.317333	-0.440044	0.416224
07573		8.830060	0.903324	4.063795	0.007793	0.006096	0.000626	-0.612305	-0.461670	-0.484131	0.729614	0.317361	-0.439993	0.416355
07574		8.802832	0.912184	4.056004	0.008314	0.004265	0.001054	-0.621338	-0.462891	-0.481445	0.729579	0.317379	-0.439943	0.416456
07575		8.810572	0.917923	4.058465	0.007145	0.004016	0.000310	-0.619141	-0.466064	-0.484619	0.729489	0.317426	-0.439932	0.416589
07576		8.828919	0.907955	4.057152	0.009385	0.007182	0.000863	-0.618896	-0.459229	-0.481201	0.729441	0.317466	-0.439857	0.416722
07577		8.836487	0.913665	4.059997	0.003264	0.004258	-0.000528	-0.607178	-0.460693	-0.478516	0.729387	0.317452	-0.439870	0.416813
07578		8.847154	0.934562	4.057307	-0.004451	0.006565	-0.001314	-0.604004	-0.468018	-0.482178	0.729404	0.317401	-0.439827	0.416868
07579		8.827576	0.911339	4.051237	-0.003967	0.002997	-0.002405	-0.617188	-0.460938	-0.495361	0.729438	0.317405	-0.439753	0.416883
07580		8.813571	0.911694	4.061216	-0.008178	-0.001742	-0.005213	-0.611816	-0.472168	-0.484131	0.729543	0.317222	-0.439867	0.416718
07581		8.829525	0.888239	4.055460	-0.007248	0.003494	-0.003817	-0.606934	-0.463379	-0.486816	0.729581	0.317212	-0.439818	0.416711
07582		8.838470	0.904247	4.020709	-0.013021	0.004249	-0.007914	-0.608398	-0.467773	-0.489990	0.729715	0.317078	-0.439810	0.416587
07583		8.837162	0.899307	4.040817	-0.015724	0.004827	-0.008639	-0.609375	-0.462891	-0.484619	0.729880	0.316926	-0.439793	0.416432
07584		8.854945	0.886167	4.049552	-0.014687	0.007481	-0.006938	-0.604980	-0.467041	-0.486084	0.730000	0.316777	-0.439779	0.416348
07585		8.850970	0.870460	4.057108	-0.015288	0.007225	-0.006366	-0.611084	-0.465820	-0.490967	0.730141	0.316643	-0.439728	0.416258
07586		8.806939	0.899440	4.065676	-0.013777	0.006224	-0.005125	-0.605225	-0.467041	-0.487549	0.730276	0.316468	-0.439728	0.416153
07587		8.800985	0.873508	4.059074	-0.010044	0.000424	-0.006328	-0.612305	-0.461182	-0.485107	0.730363	0.316410	-0.439716	0.416059
07588		8.805926	0.863395	4.066561	-0.002303	-0.000233	-0.003384	-0.610840	-0.467041	-0.487305	0.730357	0.316388	-0.439746	0.416054
07589		8.800825	0.871710	4.067890	0.001954	-0.006392	-0.000744	-0.612061	-0.464355	-0.489746	0.730305	0.316445	-0.439782	0.416063
07590		8.823417	0.908460	4.077059	0.006311	-0.010288	-0.000368	-0.615967	-0.461914	-0.487305	0.730229	0.316519	-0.439857	0.416061
07591		8.830311	0.906876	4.054199	0.006057	-0.006861	-0.002495	-0.614990	-0.457764	-0.489258	0.730156	0.316584	-0.439923	0.416071
07592		8.847220	0.917891	4.056114	0.000785	-0.006641	-0.001490	-0.610352	-0.458252	-0.477539	0.730121	0.316548	-0.440040	0.416036
07593		8.836711	0.931459	4.068188	-0.000550	-0.006221	-0.002799	-0.609863	-0.462402	-0.481934	0.730027	0.316616	-0.440108	0.416076
07594		8.823756	0.900896	4.057288	0.004834	-0.007550	-0.000088	-0.611084	-0.466553	-0.485107	0.729926	0.316712	-0.440153	0.416133
07595		8.824524	0.901359	4.055516	0.005413	-0.007469	0.000599	-0.612305	-0.463379	-0.484375	0.729839	0.316808	-0.440183	0.416182
07596		8.846796	0.904273	4.055478	0.006492	-0.004463	-0.000220	-0.614258	-0.459717	-0.487793	0.729763	0.316884	-0.440200	0.416239
07597		8.822879	0.923357	4.058929	0.003601	-0.003394	-0.000246	-0.616943	-0.464111	-0.480957	0.729729	0.316868	-0.440260	0.416247
07598		8.817738	0.928804	4.069081	0.002866	-0.007650	0.001069	-0.608887	-0.454346	-0.487061	0.729602	0.316952	-0.440341	0.416319
07599		8.832760	0.900824	4.029427	0.007468	-0.005193	-0.002192	-0.611084	-0.459473	-0.478271	0.729576	0.316959	-0.440395	0.416302
07600		8.840453	0.898968	4.057978	0.007437	-0.005457	-0.000300	-0.606445	-0.460449	-0.481201	0.729456	0.317073	-0.440420	0.416400
07601		8.834169	0.939418	4.027015	0.006122	-0.004862	-0.002870	-0.615723	-0.466309	-0.483154	0.729399	0.317166	-0.440414	0.416435
07602		8.833777	0.932699	4.053679	0.005652	-0.007523	-0.003254	-0.614746	-0.462158	-0.479736	0.729309	0.317290	-0.440444	0.416467
07603		8.843776	0.915630	4.006440	0.003096	-0.007791	-0.002152	-0.616699	-0.467285	-0.488525	0.729206	0.317383	-0.440510	0.416507
07604		8.841388	0.900951	4.010358	0.002949	-0.006947	-0.003977	-0.619385	-0.467529	-0.481689	0.729175	0.317438	-0.440555	0.416471
07605		8.827980	0.899652	4.027570	0.000731	-0.009939	-0.005793	-0.616211	-0.463867	-0.485840	0.729085	0.317557	-0.440630	0.416458
07606		8.848295	0.895823	4.004344	0.000986	-0.008433	-0.006864	-0.612549	-0.458984	-0.481201	0.729058	0.317612	-0.440703	0.416386
07607		8.854330	0.923240	4.010349	0.002426	-0.005116	-0.004407	-0.611328	-0.462158	-0.488525	0.729016	0.317653	-0.440754	0.416374
07608		8.860477	0.919197	3.997635	-0.002271	-0.006291	-0.006120	-0.615234	-0.467529	-0.482178	0.729052	0.317626	-0.440822	0.416260
07609		8.847236	0.920417	4.005810	-0.002917	-0.008371	-0.006437	-0.611328	-0.455566	-0.481201	0.729011	0.317700	-0.440880	0.416215
07610		8.839512	0.879998	4.001862	-0.001027	-0.010357	-0.006596	-0.611572	-0.461182	-0.484131	0.728977	0.317723	-0.441005	0.416125
07611		8.842945	0.894184	4.003834	0.003173	-0.005702	-0.003158	-0.615234	-0.456299	-0.478760	0.728948	0.317755	-0.441049	0.416104
07612		8.860348	0.942008	4.005533	0.001647	-0.011195	-0.003983	-0.618652	-0.460449	-0.486084	0.728853	0.317817	-0.441183	0.416081
07613		8.879744	0.929363	4.010674	-0.000927	-0.005236	-0.001399	-0.612305	-0.458008	-0.482910	0.728832	0.317771	-0.441293	0.416037
07614		8.866385	0.895953	4.009547	0.002554	-0.006134	-0.001323	-0.618896	-0.469238	-0.490967	0.728790	0.317775	-0.441372	0.416023
07615		8.854501	0.941116	3.989640	-0.006476	-0.009561	-0.005511	-0.624023	-0.464600	-0.485352	0.728816	0.317742	-0.441490	0.415878
07616		8.806217	0.939195	4.005509	-0.008741	-0.012992	-0.004171	-0.618896	-0.468262	-0.483887	0.728768	0.317716	-0.441691	0.415767
07617		8.808005	0.907792	3.983066	-0.006842	-0.019908	-0.001137	-0.612549	-0.463379	-0.483643	0.728662	0.317765	-0.441908	0.415684
07618		8.848306	0.892067	3.955138	-0.002894	-0.019529	-0.004726	-0.614502	-0.462646	-0.483887	0.728589	0.317839	-0.442088	0.415566
07619		8.895698	0.908433	3.967060	-0.003712	-0.015922	-0.009433	-0.615479	-0.461914	-0.485107	0.728561	0.317902	-0.442234	0.415410
07620		8.901825	0.897067	3.980509	-0.000531	-0.013746	-0.008963	-0.615967	-0.457275	-0.486572	0.728540	0.317962	-0.442358	0.415269
07621		8.902949	0.898786	3.977605	0.001437	-0.012259	-0.006080	-0.612061	-0.458252	-0.485840	0.728520	0.317972	-0.442503	0.415142
07622		8.849661	0.911112	3.977002	0.001193	-0.007274	-0.005421	-0.612305	-0.458984	-0.485840	0.728534	0.317962	-0.442583	0.415041
07623		8.831444	0.922462	3.977724	-0.002396	-0.008816	-0.001967	-0.614990	-0.462646	-0.478027	0.728534	0.317913	-0.442706	0.414947
07624		8.853293	0.886082	3.986374	-0.001959	-0.007803	-0.003737	-0.620361	-0.467041	-0.480713	0.728471	0.317968	-0.442775	0.414942
07625		8.894662	0.881434	3.974421	0.004583	-0.004029	-0.002866	-0.615479	-0.465332	-0.477783	0.728401	0.318057	-0.442785	0.414985
07626		8.892289	0.903253	3.979401	-0.000070	-0.003384	-0.003678	-0.608643	-0.468506	-0.480713	0.728354	0.318120	-0.442792	0.415014
07627		8.879672	0.915002	3.951047	0.003887	-0.001530	-0.003854	-0.609131	-0.469482	-0.487793	0.728348	0.318202	-0.442725	0.415032
07628		8.859908	0.918834	3.981591	0.004944	0.001301	-0.003413	-0.617920	-0.464600	-0.477051	0.728405	0.318219	-0.442647	0.415001
07629		8.854875	0.932815	3.965012	0.000606	0.000345	-0.001207	-0.616699	-0.465576	-0.482178	0.728352	0.318252	-0.442641	0.415076
07630		8.857059	0.906955	3.977838	-0.001388	-0.001406	-0.002196	-0.608154	-0.460205	-0.483398	0.728346	0.318242	-0.442662	0.415072
07631		8.876177	0.897061	3.974783	0.000706	-0.003708	-0.004323	-0.609863	-0.468262	-0.482178	0.728370	0.318235	-0.442683	0.415013
07632		8.881527	0.921718	3.991071	-0.002137	-0.002117	-0.008124	-0.612305	-0.465088	-0.484863	0.728416	0.318272	-0.442649	0.414940
07633		8.862397	0.931140	4.002479	-0.000796	-0.002534	-0.006821	-0.616943	-0.455322	-0.483643	0.728460	0.318273	-0.442653	0.414858
07634		8.857268	0.940012	4.003718	-0.003250	-0.005563	-0.004148	-0.617920	-0.468506	-0.478271	0.728461	0.318209	-0.442771	0.414779
07635		8.863116	0.898963	3.990797	-0.003064	-0.006055	-0.004848	-0.614258	-0.466064	-0.487793	0.728415	0.318271	-0.442812	0.414768
07636		8.863376	0.897237	3.998856	0.000829	-0.006199	-0.004655	-0.612061	-0.465576	-0.485840	0.728438	0.318274	-0.442859	0.414675
07637		8.853536	0.916575	3.991805	0.000695	-0.010286	-0.003285	-0.611816	-0.459717	-0.482178	0.728426	0.318302	-0.442939	0.414590
07638		8.846444	0.912271	3.987644	0.001229	-0.012028	-0.003493	-0.627441	-0.455811	-0.474854	0.728376	0.318345	-0.443048	0.414528
07639		8.877528	0.923694	3.978548	-0.000679	-0.011517	-0.006745	-0.617920	-0.462646	-0.478271	0.728244	0.318429	-0.443203	0.414530
07640		8.862130	0.912218	3.981831	0.001795	-0.013417	-0.006226	-0.617920	-0.468018	-0.478271	0.728152	0.318544	-0.443308	0.414490
07641		8.862386	0.903001	4.016456	0.002780	-0.012673	-0.004786	-0.621582	-0.461426	-0.474609	0.728055	0.318682	-0.443381	0.414476
07642		8.861753	0.935819	3.981901	0.005123	-0.012169	-0.003306	-0.610840	-0.465332	-0.482178	0.727909	0.318823	-0.443479	0.414521
07643		8.862099	0.928712	4.007609	0.002852	-0.009289	-0.001107	-0.615723	-0.467773	-0.480225	0.727869	0.318872	-0.443534	0.414493
07644		8.874400	0.921859	3.973221	0.002710	-0.008269	-0.004194	-0.622559	-0.469482	-0.478271	0.727822	0.318960	-0.443568	0.414472
07645		8.866710	0.915206	3.979224	0.004115	-0.006686	-0.003261	-0.612061	-0.467773	-0.482178	0.727738	0.319069	-0.443596	0.414505
07646		8.872663	0.908490	3.975653	0.006287	-0.005514	-0.002344	-0.619141	-0.460449	-0.481445	0.727710	0.319147	-0.443586	0.414506
07647		8.873657	0.914918	3.955357	0.006637	-0.006762	-0.001851	-0.613037	-0.465088	-0.474121	0.727649	0.319193	-0.443650	0.414509
07648		8.872271	0.910764	3.921680	0.001920	-0.008122	-0.002285	-0.615723	-0.468018	-0.479004	0.727565	0.319292	-0.443683	0.414545
07649		8.867185	0.913949	3.940727	0.002503	-0.008040	-0.001600	-0.618652	-0.465820	-0.478760	0.727504	0.319366	-0.443723	0.414552
07650		8.884018	0.888630	3.941781	0.005588	-0.009507	-0.002923	-0.616699	-0.460693	-0.482422	0.727421	0.319470	-0.443778	0.414558
07651		8.884772	0.920823	3.958426	0.001454	-0.010784	-0.002671	-0.617676	-0.465576	-0.480713	0.727383	0.319483	-0.443895	0.414490
07652		8.872262	0.924049	3.956461	-0.001679	-0.011141	-0.002241	-0.620605	-0.464844	-0.475586	0.727337	0.319506	-0.444008	0.414432
07653		8.857469	0.916784	3.940876	-0.001611	-0.015545	-0.002834	-0.621582	-0.463135	-0.471680	0.727226	0.319590	-0.444158	0.414401
07654		8.867465	0.927768	3.920284	0.000919	-0.015532	-0.002058	-0.615479	-0.458984	-0.480713	0.727072	0.319713	-0.444299	0.414424
07655		8.890225	0.927859	3.927846	-0.002283	-0.011486	-0.001033	-0.614258	-0.470459	-0.480713	0.727037	0.319686	-0.444448	0.414348
07656		8.907617	0.938230	3.928517	-0.003277	-0.012319	-0.001842	-0.619141	-0.462891	-0.473389	0.727005	0.319721	-0.444543	0.414276
07657		8.883953	0.920384	3.930902	-0.003321	-0.007565	-0.003773	-0.617920	-0.467285	-0.483154	0.726946	0.319756	-0.444623	0.414266
07658		8.860285	0.903206	3.933159	0.000427	-0.013177	-0.006273	-0.617920	-0.460693	-0.478516	0.726927	0.319815	-0.444724	0.414146
07659		8.880286	0.893824	3.927908	0.003220	-0.010272	-0.002518	-0.624512	-0.463135	-0.472900	0.726864	0.319863	-0.444819	0.414117
07660		8.869916	0.939311	3.958463	0.005657	-0.007330	-0.004568	-0.619873	-0.463379	-0.473633	0.726760	0.319983	-0.444863	0.414160
07661		8.900646	0.916660	3.940241	0.006544	-0.009196	0.001659	-0.608887	-0.462646	-0.476318	0.726630	0.320080	-0.444928	0.414241
07662		8.895955	0.922003	3.949695	0.007355	-0.007869	0.003167	-0.614502	-0.465332	-0.479736	0.726550	0.320149	-0.444956	0.414300
07663		8.900193	0.943119	3.922964	0.002195	-0.011543	-0.000168	-0.624268	-0.468018	-0.475342	0.726496	0.320191	-0.445047	0.414265
07664		8.890369	0.927907	3.906216	-0.001155	-0.006480	-0.002225	-0.612549	-0.459473	-0.474854	0.726436	0.320230	-0.445110	0.414270
07665		8.850496	0.902835	3.896240	0.002818	-0.010848	-0.003905	-0.620117	-0.474854	-0.465820	0.726378	0.320302	-0.445184	0.414237
07666		8.881283	0.916749	3.878431	0.002621	-0.004040	-0.002347	-0.624023	-0.458496	-0.479492	0.726263	0.320472	-0.445132	0.414364
07667		8.905159	0.925246	3.911229	-0.001075	0.002357	-0.005526	-0.624023	-0.463867	-0.476807	0.726309	0.320397	-0.445160	0.414311
07668		8.926215	0.923677	3.931445	-0.002298	0.000280	-0.007157	-0.620361	-0.463623	-0.477783	0.726334	0.320381	-0.445172	0.414267
07669		8.901575	0.906838	3.935921	-0.002358	-0.001719	-0.006788	-0.628174	-0.463867	-0.474365	0.726362	0.320367	-0.445194	0.414204
07670		8.874610	0.879457	3.926827	0.002455	-0.003284	-0.003540	-0.631836	-0.458740	-0.471680	0.726301	0.320410	-0.445235	0.414234
07671		8.842770	0.896190	3.919286	0.002508	-0.007950	-0.002241	-0.608887	-0.468018	-0.477051	0.726183	0.320460	-0.445353	0.414275
07672		8.879122	0.901897	3.899063	0.006553	-0.009105	0.001023	-0.611084	-0.464600	-0.473389	0.726119	0.320556	-0.445364	0.414302
07673		8.925953	0.920560	3.903001	0.006039	-0.007015	-0.001294	-0.619385	-0.462402	-0.469727	0.726053	0.320656	-0.445364	0.414341
07674		8.945963	0.949973	3.889282	-0.001025	-0.008885	-0.003188	-0.620117	-0.460693	-0.474365	0.725970	0.320721	-0.445440	0.414354
07675		8.924285	0.906255	3.905605	0.003260	-0.002045	-0.001402	-0.619141	-0.471436	-0.473145	0.725933	0.320733	-0.445463	0.414385
07676		8.870313	0.883678	3.897555	0.002849	-0.002796	-0.001525	-0.621582	-0.465820	-0.473877	0.725879	0.320815	-0.445433	0.414447
07677		8.892268	0.925868	3.889352	0.000481	0.002924	-0.001510	-0.612793	-0.457031	-0.464600	0.725871	0.320806	-0.445403	0.414500
07678		8.894528	0.936627	3.903051	-0.003046	0.002075	-0.003088	-0.622803	-0.472168	-0.471680	0.725847	0.320805	-0.445381	0.414567
07679		8.913333	0.926594	3.900628	-0.005270	-0.000924	-0.004893	-0.623535	-0.459717	-0.472656	0.725832	0.320837	-0.445365	0.414585
07680		8.918651	0.919519	3.898544	-0.003669	0.000343	-0.005929	-0.627930	-0.468262	-0.479004	0.725845	0.320799	-0.445399	0.414556
07681		8.891325	0.889120	3.899445	-0.002738	-0.000909	-0.004122	-0.619629	-0.465820	-0.477051	0.725858	0.320768	-0.445432	0.414521
07682		8.891801	0.931832	3.880587	-0.001192	-0.001554	-0.005420	-0.615234	-0.467529	-0.474854	0.725877	0.320769	-0.445436	0.414483
07683		8.918797	0.924915	3.888518	-0.002193	-0.002475	-0.005595	-0.621094	-0.472656	-0.474365	0.725889	0.320797	-0.445423	0.414455
07684		8.910354	0.918263	3.896418	-0.001837	0.002941	-0.006772	-0.615234	-0.465332	-0.475586	0.725913	0.320834	-0.445347	0.414466
07685		8.909754	0.916781	3.906559	-0.002026	0.003347	-0.005439	-0.613770	-0.466309	-0.471924	0.725962	0.320814	-0.445294	0.414452
07686		8.917441	0.920267	3.917965	-0.002907	-0.000154	-0.005315	-0.616699	-0.460449	-0.469482	0.725972	0.320837	-0.445260	0.414454
07687		8.879659	0.911129	3.904117	-0.000418	-0.001875	-0.006069	-0.614746	-0.466309	-0.472656	0.725953	0.320874	-0.445261	0.414458
07688		8.882445	0.922028	3.916564	-0.006175	-0.004864	-0.001614	-0.612061	-0.458740	-0.481689	0.725933	0.320865	-0.445306	0.414451
07689		8.902079	0.950927	3.903745	-0.005966	-0.004919	-0.005473	-0.618164	-0.466553	-0.469971	0.726006	0.320774	-0.445389	0.414305
07690		8.907197	0.902147	3.919752	-0.004661	-0.000404	-0.007368	-0.624023	-0.468750	-0.470459	0.726010	0.320805	-0.445366	0.414298
07691		8.915530	0.913663	3.902518	-0.002144	-0.000651	-0.004702	-0.615479	-0.462891	-0.475586	0.725977	0.320847	-0.445354	0.414336
07692		8.902287	0.922389	3.884077	-0.002560	-0.001489	-0.004193	-0.622070	-0.463867	-0.477051	0.725996	0.320827	-0.445368	0.414304
07693		8.902124	0.920536	3.893312	-0.000966	-0.000308	-0.004597	-0.612549	-0.464600	-0.476074	0.726012	0.320805	-0.445382	0.414276
07694		8.888621	0.926931	3.884437	-0.000366	0.000038	-0.005807	-0.619385	-0.470459	-0.476074	0.726046	0.320816	-0.445346	0.414248
07695		8.893186	0.909522	3.920252	-0.003798	0.002834	-0.005596	-0.619629	-0.465576	-0.466309	0.726085	0.320808	-0.445297	0.414239
07696		8.914567	0.915678	3.912677	-0.002030	0.003347	-0.005438	-0.623047	-0.462402	-0.471680	0.726066	0.320847	-0.445238	0.414306
07697		8.906154	0.914112	3.902477	-0.001445	0.003431	-0.004754	-0.615479	-0.471191	-0.477295	0.726073	0.320828	-0.445220	0.414327
07698		8.884074	0.912330	3.902185	-0.001455	0.003255	-0.003491	-0.617920	-0.460449	-0.473633	0.726104	0.320830	-0.445146	0.414349
07699		8.878499	0.889992	3.885917	0.002812	0.002226	-0.005350	-0.617920	-0.463379	-0.468750	0.726114	0.320841	-0.445113	0.414360
07700		8.886352	0.930203	3.897258	0.000972	-0.000550	-0.003246	-0.612549	-0.466553	-0.473389	0.726071	0.320888	-0.445094	0.414419
07701		8.894361	0.899795	3.898521	0.000393	-0.000546	-0.004562	-0.608643	-0.464355	-0.472656	0.726069	0.320933	-0.445048	0.414438
07702		8.899985	0.900836	3.868599	0.003249	0.004450	-0.001806	-0.617676	-0.460938	-0.473389	0.726075	0.320957	-0.444950	0.414513
07703		8.896743	0.953855	3.893772	-0.000012	-0.001210	-0.005317	-0.618164	-0.459229	-0.478271	0.726077	0.320962	-0.444960	0.414495
07704		8.907346	0.936173	3.899033	-0.006765	0.001625	-0.003335	-0.614990	-0.462158	-0.472900	0.726143	0.320837	-0.445010	0.414423
07705		8.912070	0.884342	3.925249	-0.001908	0.000768	-0.005142	-0.617432	-0.460205	-0.476807	0.726160	0.320830	-0.444995	0.414414
07706		8.906910	0.934745	3.908785	-0.005095	-0.001596	-0.004336	-0.616699	-0.469727	-0.470703	0.726195	0.320761	-0.445049	0.414348
07707		8.914675	0.976893	3.911384	-0.008360	0.007195	-0.005230	-0.610840	-0.460938	-0.475586	0.726244	0.320724	-0.444967	0.414380
07708		8.887444	0.919738	3.875916	-0.007083	0.004519	-0.001668	-0.614990	-0.471436	-0.470703	0.726310	0.320612	-0.444957	0.414362
07709		8.883866	0.898878	3.901367	-0.002810	0.003581	-0.004159	-0.614746	-0.460449	-0.474854	0.726308	0.320653	-0.444867	0.414430
07710		8.915898	0.925682	3.890457	-0.002473	0.008823	-0.004069	-0.610840	-0.465820	-0.472168	0.726379	0.320572	-0.444798	0.414441
07711		8.901177	0.923582	3.911592	-0.000766	0.007250	-0.002910	-0.623779	-0.461426	-0.480225	0.726408	0.320567	-0.444690	0.414511
07712		8.905828	0.913676	3.920168	0.001889	0.004689	-0.001839	-0.621826	-0.471436	-0.478516	0.726438	0.320498	-0.444683	0.414517
07713		8.910981	0.911938	3.900458	0.004482	0.006795	-0.002065	-0.612061	-0.459473	-0.486328	0.726444	0.320521	-0.444577	0.414603
07714		8.864288	0.928209	3.905346	0.003641	0.004940	0.000215	-0.625000	-0.461182	-0.473389	0.726518	0.320420	-0.444552	0.414579
07715		8.890605	0.915410	3.933096	0.003546	0.001206	-0.000944	-0.610107	-0.470215	-0.480713	0.726471	0.320425	-0.444558	0.414652
07716		8.904453	0.921138	3.904730	0.000645	0.002171	-0.000315	-0.620605	-0.456543	-0.476074	0.726497	0.320416	-0.444497	0.414678
07717		8.942124	0.940042	3.891304	-0.004275	0.006659	-0.006391	-0.617432	-0.469238	-0.472656	0.726571	0.320313	-0.444488	0.414638
07718		8.922083	0.914970	3.895821	-0.003760	0.011322	-0.006372	-0.613281	-0.469482	-0.471680	0.726635	0.320289	-0.444351	0.414691
07719		8.890761	0.905634	3.905425	-0.005822	0.014142	-0.008025	-0.622070	-0.463867	-0.467041	0.726732	0.320255	-0.444176	0.414735
07720		8.862273	0.914615	3.900301	-0.005244	0.014138	-0.006709	-0.615479	-0.461914	-0.473145	0.726783	0.320205	-0.444049	0.414819
07721		8.868609	0.918205	3.914688	-0.003068	0.015405	-0.006425	-0.623535	-0.463867	-0.475830	0.726882	0.320125	-0.443905	0.414862
07722		8.904276	0.924286	3.950768	-0.006188	0.015214	-0.007257	-0.611328	-0.469482	-0.474854	0.726992	0.320009	-0.443798	0.414874
07723		8.886563	0.914914	3.950685	-0.001002	0.012674	-0.005405	-0.621094	-0.461426	-0.474121	0.727059	0.320001	-0.443621	0.414952
07724		8.882312	0.897325	3.968366	-0.000671	0.011074	-0.002386	-0.611084	-0.462646	-0.481445	0.727095	0.319930	-0.443545	0.415025
07725		8.870742	0.918748	3.955968	0.001396	0.008342	-0.001364	-0.617920	-0.467041	-0.473145	0.727159	0.319861	-0.443464	0.415053
07726		8.854022	0.911444	3.944799	0.004052	0.005783	-0.000288	-0.618164	-0.466064	-0.477539	0.727121	0.319896	-0.443374	0.415188
07727		8.869258	0.919516	3.959116	0.007076	0.010202	0.002405	-0.621338	-0.465332	-0.474121	0.727108	0.319887	-0.443257	0.415343
07728		8.887921	0.916946	3.930450	0.009395	0.010361	0.006412	-0.621338	-0.469971	-0.473633	0.727043	0.319889	-0.443147	0.415572
07729		8.894855	0.919398	3.943698	0.009251	0.011469	0.002690	-0.618896	-0.470703	-0.479248	0.726990	0.319938	-0.442986	0.415800
07730		8.918176	0.937858	3.941794	0.006174	0.013101	0.002750	-0.605713	-0.466064	-0.480225	0.726990	0.319924	-0.442827	0.415979
07731		8.911424	0.948619	3.937792	0.004362	0.017516	-0.000611	-0.618652	-0.464600	-0.474365	0.727076	0.319872	-0.442608	0.416101
07732		8.874076	0.943848	3.959636	-0.004212	0.016708	-0.004395	-0.616211	-0.461670	-0.477051	0.727163	0.319773	-0.442467	0.416175
07733		8.861637	0.923498	3.966901	-0.005895	0.011789	-0.005153	-0.612793	-0.464600	-0.479004	0.727258	0.319658	-0.442392	0.416177
07734		8.868619	0.895607	3.961752	-0.004115	0.012481	-0.006254	-0.619385	-0.463379	-0.480713	0.727362	0.319577	-0.442271	0.416188
07735		8.853808	0.896495	3.973706	-0.005263	0.005734	-0.006588	-0.616943	-0.465820	-0.481689	0.727435	0.319496	-0.442250	0.416144
07736		8.869802	0.913127	3.959376	-0.002795	0.003667	-0.004805	-0.613281	-0.470459	-0.474854	0.727479	0.319454	-0.442221	0.416130
07737		8.890945	0.916586	3.961533	0.000143	0.004439	-0.003899	-0.619385	-0.470459	-0.482910	0.727466	0.319505	-0.442118	0.416222
07738		8.865459	0.893613	3.985908	0.001347	0.006431	-0.001631	-0.618408	-0.472900	-0.483643	0.727482	0.319490	-0.442038	0.416291
07739		8.873237	0.904655	3.970302	-0.000185	0.007335	-0.002235	-0.608154	-0.462891	-0.473633	0.727509	0.319474	-0.441940	0.416360
07740		8.880680	0.913152	3.964345	-0.001703	0.008414	-0.004103	-0.618408	-0.461914	-0.473145	0.727547	0.319452	-0.441835	0.416421
07741		8.855009	0.892876	3.980179	0.003394	0.010280	-0.001643	-0.612061	-0.458984	-0.479492	0.727550	0.319433	-0.441739	0.416535
07742		8.870373	0.906452	3.976286	0.002784	0.009844	0.000198	-0.620117	-0.459229	-0.486572	0.727591	0.319355	-0.441666	0.416598
07743		8.882472	0.898973	3.996828	0.004565	0.010536	-0.000901	-0.617188	-0.459229	-0.484131	0.727660	0.319248	-0.441614	0.416616
07744		8.865512	0.928419	3.986303	0.002759	0.008196	-0.001961	-0.621826	-0.461426	-0.476318	0.727716	0.319163	-0.441572	0.416627
07745		8.854317	0.916344	3.964025	-0.000109	0.009598	-0.004504	-0.618896	-0.461670	-0.481689	0.727748	0.319114	-0.441503	0.416683
07746		8.854940	0.919543	4.007556	0.001454	0.010431	-0.002374	-0.613281	-0.460449	-0.484863	0.727800	0.319038	-0.441430	0.416728
07747		8.850999	0.904500	4.015501	-0.000486	0.010582	-0.003103	-0.614258	-0.462158	-0.480957	0.727893	0.318929	-0.441360	0.416723
07748		8.847542	0.894914	4.004579	0.004170	0.009961	-0.002290	-0.617920	-0.462402	-0.479736	0.727930	0.318895	-0.441257	0.416793
07749		8.835643	0.948031	4.010646	0.000380	0.005859	-0.004341	-0.616211	-0.464355	-0.485840	0.727955	0.318866	-0.441209	0.416823
07750		8.878565	0.922720	3.996041	-0.003619	0.010212	-0.002682	-0.618164	-0.465576	-0.480957	0.728045	0.318745	-0.441150	0.416821
07751		8.852839	0.901838	4.012020	0.000244	0.009735	0.000042	-0.612549	-0.464844	-0.489014	0.728066	0.318683	-0.441070	0.416915
07752		8.857496	0.936001	3.994078	-0.006048	0.014102	-0.003580	-0.609863	-0.464844	-0.476318	0.728214	0.318514	-0.440980	0.416881
07753		8.850471	0.944230	3.999459	-0.005436	0.014539	-0.005421	-0.613281	-0.460205	-0.489258	0.728299	0.318441	-0.440831	0.416946
07754		8.832717	0.897591	3.999493	-0.001500	0.017710	-0.000908	-0.613037	-0.464355	-0.476807	0.728439	0.318255	-0.440721	0.416959
07755		8.849123	0.882413	4.020451	0.005504	0.024535	-0.002175	-0.608398	-0.462158	-0.476562	0.728512	0.318207	-0.440448	0.417157
07756		8.844213	0.907221	4.021559	0.003048	0.018462	-0.005714	-0.611816	-0.468262	-0.483643	0.728589	0.318181	-0.440227	0.417275
07757		8.852828	0.924348	4.039970	0.000604	0.013948	-0.006461	-0.606934	-0.459961	-0.482178	0.728677	0.318150	-0.440056	0.417326
07758		8.845670	0.894308	4.054172	0.003874	0.013300	-0.003788	-0.614746	-0.469482	-0.480469	0.728750	0.318103	-0.439911	0.417386
07759		8.817557	0.866875	4.047915	0.008113	0.011840	-0.002458	-0.599854	-0.453613	-0.489258	0.728746	0.318155	-0.439728	0.417547
07760		8.816781	0.906948	4.040595	0.008136	0.006733	0.002011	-0.610352	-0.469727	-0.478027	0.728804	0.318074	-0.439682	0.417557
07761		8.848246	0.889482	4.057832	0.011070	0.006036	-0.000496	-0.610840	-0.455811	-0.489746	0.728739	0.318191	-0.439525	0.417746
07762		8.834519	0.895700	4.049501	0.012521	0.002871	0.002383	-0.609619	-0.458740	-0.479980	0.728731	0.318171	-0.439511	0.417790
07763		8.839702	0.924993	4.047984	0.009977	0.002673	0.002856	-0.616455	-0.464111	-0.484131	0.728667	0.318205	-0.439464	0.417925
07764		8.842464	0.907335	4.033626	0.011848	0.007190	0.002278	-0.615234	-0.468750	-0.484375	0.728626	0.318234	-0.439367	0.418077
07765		8.843744	0.915741	4.057645	0.008379	0.008242	0.000934	-0.619141	-0.466064	-0.490234	0.728607	0.318256	-0.439248	0.418217
07766		8.805092	0.939939	4.054555	0.003128	0.007125	-0.002736	-0.614014	-0.465820	-0.481445	0.728654	0.318204	-0.439193	0.418232
07767		8.837137	0.930436	4.044148	-0.002286	0.008238	-0.004184	-0.613525	-0.464600	-0.470703	0.728694	0.318162	-0.439112	0.418281
07768		8.846591	0.910161	4.060883	-0.001482	0.009655	-0.003304	-0.606934	-0.468506	-0.479492	0.728670	0.318177	-0.438986	0.418444
07769		8.837598	0.905432	4.061079	0.000981	0.007592	-0.001507	-0.614258	-0.463135	-0.478516	0.728674	0.318185	-0.438866	0.418556
07770		8.837440	0.911463	4.043693	0.000568	0.005277	-0.004418	-0.612549	-0.466309	-0.487305	0.728673	0.318189	-0.438801	0.418622
07771		8.825865	0.891570	4.048853	0.005835	0.006570	-0.002011	-0.619141	-0.463135	-0.478516	0.728694	0.318186	-0.438713	0.418680
07772		8.800745	0.910659	4.054221	0.008471	0.003839	0.000352	-0.606201	-0.463623	-0.482910	0.728619	0.318240	-0.438652	0.418834
07773		8.817027	0.924441	4.048382	0.007370	-0.001086	0.000921	-0.606445	-0.467041	-0.479248	0.728569	0.318291	-0.438623	0.418914
07774		8.855119	0.937762	4.052434	0.009389	-0.004250	0.005125	-0.612549	-0.458496	-0.477295	0.728441	0.318395	-0.438598	0.419082
07775		8.842075	0.903610	4.051752	0.013532	-0.001302	0.007043	-0.607910	-0.459229	-0.479980	0.728303	0.318466	-0.438591	0.419276
07776		8.831227	0.880347	4.064285	0.022277	-0.002449	0.006742	-0.604736	-0.451172	-0.477051	0.728150	0.318614	-0.438540	0.419483
07777		8.806800	0.935877	4.068061	0.023722	0.001143	0.007299	-0.616455	-0.461670	-0.485840	0.728018	0.318724	-0.438481	0.419690
07778		8.796488	0.955274	4.061561	0.022406	-0.006506	0.003631	-0.616943	-0.465576	-0.482178	0.727875	0.318880	-0.438483	0.419817
07779		8.813437	0.966846	4.062936	0.021770	-0.007111	0.006735	-0.611816	-0.466553	-0.481934	0.727684	0.319061	-0.438473	0.420021
07780		8.824438	0.944191	4.085085	0.019263	-0.006963	0.004678	-0.619141	-0.463623	-0.486816	0.727524	0.319236	-0.438450	0.420188
07781		8.836958	0.937774	4.051033	0.017209	-0.005631	-0.000418	-0.602539	-0.467529	-0.479004	0.727432	0.319359	-0.438457	0.420247
07782		8.853170	0.947522	4.062612	0.013035	-0.002089	-0.002764	-0.619141	-0.460205	-0.480469	0.727368	0.319515	-0.438359	0.420341
07783		8.832095	0.951982	4.041977	0.006690	0.000180	-0.005399	-0.615479	-0.457275	-0.481445	0.727346	0.319557	-0.438347	0.420361
07784		8.821370	0.935144	4.036447	-0.001329	-0.000991	-0.005359	-0.615967	-0.465332	-0.481934	0.727370	0.319511	-0.438399	0.420300
07785		8.813672	0.933512	4.024917	-0.003138	-0.003423	-0.005780	-0.614990	-0.467773	-0.483643	0.727375	0.319505	-0.438440	0.420253
07786		8.840275	0.924461	4.042739	-0.003809	-0.000587	-0.009310	-0.611328	-0.465332	-0.479736	0.727425	0.319499	-0.438437	0.420174
07787		8.834071	0.889413	4.072593	0.002510	-0.003113	-0.004779	-0.610352	-0.468262	-0.483398	0.727400	0.319553	-0.438432	0.420182
07788		8.815676	0.903700	4.064362	0.004169	-0.006591	-0.003855	-0.612549	-0.462891	-0.485596	0.727365	0.319625	-0.438451	0.420166
07789		8.824884	0.915326	4.045665	0.008431	-0.006304	-0.001003	-0.608154	-0.472656	-0.483154	0.727321	0.319675	-0.438498	0.420157
07790		8.836451	0.937322	4.039917	0.005101	-0.007750	-0.002667	-0.614502	-0.468018	-0.474854	0.727270	0.319776	-0.438503	0.420162
07791		8.834856	0.925536	4.033820	0.007322	-0.012797	-0.003207	-0.609863	-0.464355	-0.481201	0.727124	0.319957	-0.438544	0.420235
07792		8.834982	0.888274	3.988757	0.020025	-0.018726	-0.001995	-0.615723	-0.467529	-0.479248	0.726950	0.320215	-0.438611	0.420269
07793		8.847813	0.911131	3.979945	0.023250	-0.019790	0.003838	-0.617676	-0.469727	-0.477295	0.726699	0.320499	-0.438686	0.420409
07794		8.880856	0.962118	4.010794	0.018772	-0.011524	0.004028	-0.616211	-0.466064	-0.477051	0.726494	0.320717	-0.438697	0.420586
07795		8.868486	1.002337	4.007891	0.009419	-0.013696	-0.001277	-0.611816	-0.465576	-0.488037	0.726354	0.320870	-0.438772	0.420632
07796		8.883184	0.927911	4.005421	0.008843	-0.005466	-0.001522	-0.623047	-0.464844	-0.478027	0.726347	0.320902	-0.438813	0.420577
07797		8.850337	0.936576	4.026122	0.013805	0.000483	0.004032	-0.615967	-0.470215	-0.482178	0.726235	0.320975	-0.438781	0.420748
07798		8.845085	0.983200	4.018440	0.003447	0.000189	0.006653	-0.612305	-0.468262	-0.473633	0.726185	0.320940	-0.438796	0.420845
07799		8.850785	0.976894	4.007390	0.001208	0.003578	0.005040	-0.614258	-0.467285	-0.469238	0.726129	0.320923	-0.438753	0.421000
07800		8.802945	0.950240	3.978566	-0.004173	-0.004698	-0.003415	-0.615723	-0.471680	-0.481201	0.726061	0.320971	-0.438771	0.421061
07801		8.816642	0.945282	3.986743	-0.014095	-0.005386	-0.006619	-0.613037	-0.462402	-0.477783	0.726113	0.320895	-0.438861	0.420937
07802		8.865576	0.979121	3.986686	-0.019889	-0.003290	-0.006661	-0.615723	-0.459961	-0.471436	0.726200	0.320731	-0.438991	0.420776
07803		8.889672	0.918995	4.001472	-0.019760	0.000963	-0.009320	-0.612549	-0.462646	-0.481445	0.726280	0.320591	-0.439061	0.420672
07804		8.878071	0.893491	4.024763	-0.010836	-0.000761	-0.009707	-0.612793	-0.470459	-0.477539	0.726381	0.320495	-0.439117	0.420511
07805		8.815883	0.902340	4.015052	-0.006763	-0.001461	-0.009579	-0.614502	-0.460449	-0.473877	0.726421	0.320505	-0.439104	0.420448
07806		8.805669	0.926802	3.990478	-0.011312	-0.003684	-0.008185	-0.611572	-0.465820	-0.485840	0.726450	0.320450	-0.439179	0.420362
07807		8.849385	0.859625	3.992692	-0.006647	-0.002725	-0.004585	-0.611572	-0.460693	-0.478760	0.726520	0.320365	-0.439250	0.420232
07808		8.884665	0.897010	3.992930	0.004426	-0.003429	-0.002789	-0.621338	-0.460693	-0.485352	0.726494	0.320395	-0.439272	0.420230
07809		8.884077	0.929427	4.011358	0.001232	0.000947	-0.004319	-0.611816	-0.467041	-0.472168	0.726532	0.320338	-0.439308	0.420170
07810		8.854918	0.890909	3.989676	0.003900	-0.000034	-0.000437	-0.614746	-0.460938	-0.473877	0.726461	0.320407	-0.439255	0.420296
07811		8.846160	0.878857	4.015971	0.010125	-0.001115	-0.002176	-0.615234	-0.472412	-0.477539	0.726383	0.320506	-0.439213	0.420400
07812		8.825229	0.885489	3.986148	0.012114	0.000738	-0.001825	-0.615723	-0.457031	-0.473633	0.726310	0.320640	-0.439108	0.420532
07813		8.856884	0.905363	4.002630	0.012998	0.005900	0.000188	-0.615479	-0.474121	-0.485107	0.726253	0.320694	-0.439019	0.420684
07814		8.871940	0.911873	4.025783	0.014157	0.006076	0.001562	-0.619629	-0.467773	-0.481934	0.726231	0.320757	-0.438893	0.420804
07815		8.855223	0.938882	4.023120	0.011173	0.003296	0.001036	-0.619873	-0.473633	-0.480225	0.726189	0.320800	-0.438831	0.420909
07816		8.825439	0.934361	4.011292	0.007298	0.003585	-0.000425	-0.615967	-0.471191	-0.479248	0.726153	0.320851	-0.438747	0.421020
07817		8.833030	0.940380	4.013801	0.004815	0.005470	-0.000958	-0.614014	-0.468262	-0.474609	0.726146	0.320867	-0.438659	0.421111
07818		8.827455	0.917205	3.998577	0.000595	0.008576	-0.000137	-0.617920	-0.471436	-0.482178	0.726148	0.320840	-0.438560	0.421231
07819		8.840107	0.951470	3.999730	-0.004112	0.005701	-0.003990	-0.626953	-0.468262	-0.480957	0.726206	0.320774	-0.438518	0.421224
07820		8.830960	0.939078	4.026921	-0.008150	-0.001578	-0.007092	-0.615723	-0.468262	-0.473389	0.726233	0.320720	-0.438575	0.421161
07821		8.848287	0.923968	3.992447	-0.007405	-0.002240	-0.005206	-0.613525	-0.463135	-0.478516	0.726221	0.320714	-0.438593	0.421167
07822		8.853179	0.911404	4.009450	-0.007494	0.002251	-0.005268	-0.610352	-0.469238	-0.478760	0.726280	0.320629	-0.438611	0.421112
07823		8.836169	0.896372	4.025688	-0.001432	0.003408	-0.004787	-0.605469	-0.469971	-0.476562	0.726316	0.320620	-0.438554	0.421116
07824		8.825073	0.915523	4.020758	0.001813	0.001033	-0.003633	-0.606934	-0.464844	-0.480957	0.726315	0.320664	-0.438487	0.421154
07825		8.829836	0.939883	4.037461	0.003502	-0.000700	-0.001190	-0.614258	-0.469482	-0.482666	0.726317	0.320668	-0.438480	0.421155
07826		8.822738	0.942882	4.006977	0.004975	-0.003682	0.000434	-0.621826	-0.465088	-0.479492	0.726275	0.320701	-0.438496	0.421185
07827		8.831358	0.909622	4.016632	0.006033	-0.008988	-0.000847	-0.615234	-0.469482	-0.482422	0.726177	0.320777	-0.438569	0.421220
07828		8.856012	0.923618	4.029226	0.005131	-0.006004	-0.001151	-0.618408	-0.466553	-0.476562	0.726129	0.320832	-0.438601	0.421227
07829		8.859179	0.940000	4.022457	0.002110	-0.002296	-0.002119	-0.614502	-0.462402	-0.473389	0.726081	0.320867	-0.438607	0.421278
07830		8.851132	0.932681	4.029543	0.004793	-0.003101	0.000499	-0.621094	-0.461426	-0.477783	0.725999	0.320916	-0.438617	0.421370
07831		8.830332	0.935510	4.008566	0.001869	-0.003800	-0.001039	-0.613770	-0.470947	-0.477783	0.725949	0.320918	-0.438675	0.421396
07832		8.846496	0.944013	4.020506	-0.001402	-0.003169	-0.003711	-0.619141	-0.469482	-0.479736	0.725932	0.320945	-0.438680	0.421399
07833		8.833338	0.911102	4.020239	-0.000411	-0.003729	-0.006953	-0.615967	-0.462646	-0.477783	0.725928	0.320983	-0.438693	0.421363
07834		8.795522	0.930715	4.032704	0.000581	-0.011204	-0.006588	-0.613525	-0.465088	-0.478271	0.725882	0.321048	-0.438790	0.421292
07835		8.818687	0.901372	4.021874	0.006566	-0.013786	-0.007249	-0.613037	-0.471680	-0.470947	0.725808	0.321192	-0.438864	0.421233
07836		8.865681	0.924586	4.016063	0.009202	-0.008186	-0.004444	-0.613037	-0.467285	-0.479736	0.725688	0.321386	-0.438826	0.421331
07837		8.906505	0.989127	4.022043	0.004309	-0.009083	-0.004178	-0.611572	-0.458496	-0.472412	0.725643	0.321464	-0.438879	0.421292
07838		8.871989	0.953249	4.020030	0.000561	-0.001569	-0.001464	-0.620361	-0.466309	-0.469727	0.725614	0.321457	-0.438905	0.421321
07839		8.851106	0.919479	3.999827	0.003892	-0.000115	0.000192	-0.616211	-0.458496	-0.473389	0.725522	0.321515	-0.438873	0.421469
07840		8.851130	0.961544	3.981234	-0.000474	0.003992	-0.002082	-0.615723	-0.476074	-0.480713	0.725530	0.321463	-0.438864	0.421506
07841		8.823851	0.969436	3.973284	0.000455	0.002752	-0.000261	-0.619873	-0.469971	-0.476807	0.725532	0.321456	-0.438813	0.421559
07842		8.829574	0.925343	3.971407	0.000338	-0.002903	-0.001650	-0.608154	-0.469727	-0.479004	0.725488	0.321480	-0.438829	0.421600
07843		8.842620	0.955079	3.989188	-0.001548	-0.002166	-0.006809	-0.622314	-0.472900	-0.475342	0.725523	0.321499	-0.438819	0.421537
07844		8.855752	0.948818	4.007290	-0.006586	-0.002060	-0.009642	-0.608154	-0.458740	-0.472412	0.725536	0.321520	-0.438816	0.421501
07845		8.839814	0.937207	4.012213	-0.006576	-0.010377	-0.010084	-0.617188	-0.465088	-0.479492	0.725543	0.321541	-0.438921	0.421365
07846		8.840193	0.933393	4.028918	-0.008538	-0.010490	-0.008915	-0.611084	-0.470703	-0.473145	0.725563	0.321524	-0.439052	0.421205
07847		8.822757	0.913411	4.010213	-0.006647	-0.012630	-0.007807	-0.611572	-0.463379	-0.475098	0.725523	0.321595	-0.439138	0.421129
07848		8.829835	0.911686	3.986696	-0.003555	-0.012678	-0.005072	-0.617432	-0.463135	-0.482666	0.725481	0.321632	-0.439262	0.421045
07849		8.887825	0.915390	3.986067	-0.004150	-0.012938	-0.004494	-0.616699	-0.468262	-0.478760	0.725471	0.321614	-0.439433	0.420898
07850		8.883845	0.926499	3.975514	-0.001880	-0.016066	-0.004786	-0.603271	-0.469482	-0.480713	0.725406	0.321682	-0.439579	0.420805
07851		8.895939	0.948092	3.968274	-0.004340	-0.012443	-0.003795	-0.608643	-0.468994	-0.476807	0.725409	0.321695	-0.439695	0.420668
07852		8.878210	0.927526	3.950301	-0.000825	-0.003080	-0.003026	-0.616699	-0.473633	-0.480713	0.725412	0.321707	-0.439706	0.420644
07853		8.869722	0.914981	3.976433	-0.002548	-0.001690	-0.002933	-0.617920	-0.464600	-0.475586	0.725427	0.321691	-0.439719	0.420615
07854		8.869913	0.915656	3.975851	-0.003556	-0.004190	-0.005893	-0.618408	-0.468018	-0.469482	0.725426	0.321689	-0.439768	0.420569
07855		8.858656	0.966326	3.988302	-0.004529	-0.004863	-0.007967	-0.611084	-0.465332	-0.487793	0.725394	0.321742	-0.439782	0.420567
07856		8.861938	0.946642	3.981745	-0.007246	-0.004402	-0.008048	-0.610107	-0.463135	-0.483643	0.725504	0.321651	-0.439878	0.420346
07857		8.862649	0.910556	3.980818	-0.002074	-0.005769	-0.000223	-0.610107	-0.466309	-0.469971	0.725526	0.321587	-0.439983	0.420250
07858		8.857875	0.920935	3.972181	-0.000121	-0.005739	-0.000763	-0.616455	-0.461670	-0.471924	0.725459	0.321635	-0.440010	0.420300
07859		8.861735	0.942007	3.945831	-0.000019	-0.010144	-0.001339	-0.620361	-0.467041	-0.474609	0.725370	0.321683	-0.440106	0.420316
07860		8.870432	0.945118	3.954874	0.001791	-0.007622	-0.001557	-0.610840	-0.463379	-0.477051	0.725292	0.321739	-0.440163	0.420347
07861		8.863351	0.942729	3.942027	-0.001743	-0.008755	-0.001245	-0.613037	-0.462891	-0.470947	0.725264	0.321736	-0.440265	0.420291
07862		8.885908	0.948360	3.932071	-0.006375	-0.007812	-0.004583	-0.613770	-0.462402	-0.477539	0.725236	0.321739	-0.440349	0.420249
07863		8.885731	0.938660	3.968297	-0.007886	-0.006575	-0.007721	-0.611816	-0.465820	-0.476318	0.725277	0.321697	-0.440446	0.420109
07864		8.878204	0.934355	3.965286	-0.006933	-0.007559	-0.007803	-0.613281	-0.460693	-0.473633	0.725303	0.321690	-0.440528	0.419983
07865		8.854623	0.919246	3.959020	-0.007904	-0.006832	-0.005823	-0.621826	-0.464844	-0.469482	0.725311	0.321657	-0.440625	0.419893
07866		8.863213	0.922363	3.968331	-0.004480	-0.009951	-0.003482	-0.622559	-0.470947	-0.467285	0.725224	0.321703	-0.440716	0.419913
07867		8.883170	0.912555	3.963859	-0.007762	-0.009324	-0.006146	-0.617920	-0.470459	-0.477295	0.725150	0.321764	-0.440779	0.419928
07868		8.864754	0.920747	3.973684	-0.004880	-0.010619	-0.004238	-0.616211	-0.464111	-0.478516	0.725120	0.321785	-0.440883	0.419854
07869		8.866479	0.931545	3.933614	-0.006867	-0.012477	-0.004586	-0.619141	-0.468994	-0.474609	0.725109	0.321766	-0.441042	0.419721
07870		8.877985	0.908468	3.955558	-0.006787	-0.008652	-0.004074	-0.622803	-0.465088	-0.475830	0.725081	0.321768	-0.441135	0.419670
07871		8.884458	0.903518	3.942305	-0.003676	-0.008528	-0.002611	-0.614502	-0.466797	-0.475098	0.725036	0.321767	-0.441241	0.419637
07872		8.885332	0.906425	3.931222	-0.004619	-0.007373	-0.003795	-0.622559	-0.465088	-0.477051	0.725023	0.321767	-0.441319	0.419577
07873		8.883112	0.927782	3.935004	0.000178	-0.010549	-0.002687	-0.613037	-0.466797	-0.470459	0.724961	0.321805	-0.441426	0.419543
07874		8.873149	0.907641	3.937264	0.000278	-0.006380	-0.004706	-0.618164	-0.464355	-0.471436	0.724917	0.321875	-0.441447	0.419544
07875		8.887820	0.913937	3.906949	0.001986	-0.008025	-0.002905	-0.615479	-0.461914	-0.473633	0.724843	0.321944	-0.441499	0.419563
07876		8.884738	0.922947	3.957814	0.002960	-0.008665	-0.005521	-0.621338	-0.463379	-0.473389	0.724799	0.322016	-0.441558	0.419521
07877		8.875379	0.911399	3.931366	0.000944	-0.012264	-0.007392	-0.621338	-0.467285	-0.472412	0.724737	0.322107	-0.441651	0.419461
07878		8.878762	0.925898	3.932709	0.003350	-0.008168	-0.003502	-0.620361	-0.463867	-0.467773	0.724659	0.322195	-0.441693	0.419484
07879		8.888040	0.932297	3.931252	0.002738	-0.018656	-0.003642	-0.618652	-0.468262	-0.469482	0.724506	0.322347	-0.441827	0.419491
07880		8.911297	0.899694	3.929319	0.001590	-0.008607	-0.004294	-0.629395	-0.461426	-0.473145	0.724429	0.322443	-0.441863	0.419512
07881		8.893505	0.916080	3.910448	0.007502	-0.013773	-0.000178	-0.616699	-0.464355	-0.475098	0.724284	0.322548	-0.441984	0.419554
07882		8.908036	0.955780	3.888565	-0.003681	-0.008616	-0.001975	-0.619629	-0.463135	-0.468506	0.724263	0.322531	-0.442096	0.419486
07883		8.894773	0.951140	3.915469	0.000827	-0.008032	-0.005546	-0.613525	-0.465576	-0.475098	0.724201	0.322607	-0.442144	0.419483
07884		8.858212	0.902224	3.909298	0.001763	-0.009358	-0.003098	-0.614502	-0.462646	-0.461914	0.724169	0.322652	-0.442222	0.419422
07885		8.864833	0.898109	3.895406	0.003857	-0.011817	-0.003969	-0.616211	-0.473389	-0.475342	0.724041	0.322800	-0.442268	0.419480
07886		8.900834	0.895013	3.912028	0.004248	-0.012460	-0.007906	-0.614746	-0.469971	-0.472656	0.723994	0.322940	-0.442315	0.419405
07887		8.898502	0.905596	3.961199	0.011336	-0.018412	-0.009648	-0.619629	-0.466797	-0.476318	0.723888	0.323184	-0.442375	0.419336
07888		8.884192	0.931985	3.961522	0.010453	-0.032403	-0.008337	-0.625732	-0.463867	-0.470215	0.723718	0.323449	-0.442606	0.419182
07889		8.887083	0.978590	3.925935	0.003642	-0.031605	-0.005980	-0.618896	-0.467041	-0.472168	0.723524	0.323656	-0.442869	0.419079
07890		8.912262	0.959107	3.873704	-0.001278	-0.024373	-0.003961	-0.621582	-0.465820	-0.474365	0.723409	0.323766	-0.443093	0.418956
07891		8.955304	0.910810	3.886080	0.002324	-0.019580	-0.002508	-0.621338	-0.461182	-0.468994	0.723308	0.323856	-0.443277	0.418866
07892		8.927210	0.942985	3.869325	-0.001625	-0.022616	-0.008259	-0.622070	-0.464600	-0.471436	0.723212	0.323970	-0.443482	0.418726
07893		8.917501	0.954858	3.888409	-0.008839	-0.013661	-0.009978	-0.619873	-0.462891	-0.475098	0.723216	0.323978	-0.443636	0.418550
07894		8.932555	0.921852	3.866937	-0.001696	-0.006758	-0.001629	-0.619141	-0.472900	-0.473633	0.723215	0.323939	-0.443744	0.418467
07895		8.908894	0.900867	3.879674	0.006301	-0.006059	0.002059	-0.625977	-0.469727	-0.472168	0.723154	0.323992	-0.443778	0.418496
07896		8.893027	0.924759	3.884088	0.010529	-0.008975	-0.000072	-0.629150	-0.469238	-0.471191	0.723045	0.324110	-0.443817	0.418551
07897		8.882469	0.980208	3.876535	0.007988	-0.009270	0.001061	-0.618652	-0.469727	-0.458008	0.722927	0.324205	-0.443876	0.418618
07898		8.913674	0.955356	3.867155	0.005206	-0.012127	-0.003319	-0.621582	-0.467285	-0.467041	0.722779	0.324387	-0.443899	0.418709
07899		8.926511	0.904019	3.859869	0.009036	-0.014997	0.002920	-0.620361	-0.465576	-0.470703	0.722616	0.324521	-0.444001	0.418778
07900		8.930781	0.930504	3.812985	0.015504	-0.013063	0.003471	-0.623047	-0.471191	-0.468506	0.722464	0.324670	-0.444074	0.418847
07901		8.907846	0.957313	3.785654	0.017743	-0.017841	0.000997	-0.620850	-0.469482	-0.462402	0.722269	0.324909	-0.444145	0.418924
07902		8.928656	0.948542	3.778621	0.015797	-0.017704	0.000281	-0.620605	-0.466064	-0.470947	0.722060	0.325159	-0.444204	0.419026
07903		8.961908	0.965842	3.800400	0.011151	-0.006971	0.000858	-0.625000	-0.473877	-0.468018	0.721983	0.325243	-0.444241	0.419055
07904		8.964656	0.975001	3.821709	0.007575	-0.001030	-0.003669	-0.613037	-0.469482	-0.460449	0.721947	0.325332	-0.444191	0.419102
07905		8.937949	0.947580	3.813330	0.005451	-0.000145	-0.005580	-0.616211	-0.468018	-0.455322	0.721924	0.325430	-0.444116	0.419144
07906		8.929828	0.933592	3.848784	0.006905	-0.005116	-0.003598	-0.625488	-0.469971	-0.465820	0.721821	0.325582	-0.444074	0.419248
07907		8.897766	0.952576	3.831687	0.004914	-0.007231	-0.002033	-0.625000	-0.466309	-0.461426	0.721743	0.325666	-0.444108	0.419282
07908		8.900975	0.969131	3.824118	0.000618	-0.007715	-0.003577	-0.622070	-0.462646	-0.464600	0.721668	0.325734	-0.444158	0.419305
07909		8.939961	0.951903	3.807532	-0.001737	-0.008588	-0.002508	-0.615967	-0.473877	-0.466309	0.721623	0.325744	-0.444257	0.419269
07910		8.973313	0.945222	3.783880	0.003013	-0.004928	-0.004392	-0.628174	-0.468262	-0.468506	0.721604	0.325819	-0.444255	0.419246
07911		8.940810	0.959208	3.786364	-0.001018	-0.001996	-0.006758	-0.621582	-0.471924	-0.465576	0.721617	0.325825	-0.444274	0.419199
07912		8.932154	0.989026	3.794028	-0.005642	0.000420	-0.006640	-0.624268	-0.470459	-0.465576	0.721660	0.325803	-0.444268	0.419148
07913		8.916119	0.945433	3.782652	-0.002988	0.006369	-0.006377	-0.620605	-0.470947	-0.462646	0.721717	0.325769	-0.444203	0.419145
07914		8.920550	0.923297	3.838786	-0.002951	0.008196	-0.005488	-0.626221	-0.466309	-0.460449	0.721772	0.325738	-0.444110	0.419174
07915		8.943877	0.940243	3.844895	-0.002221	0.005796	-0.005130	-0.626709	-0.464844	-0.464844	0.721784	0.325721	-0.444047	0.419232
07916		8.916013	0.948478	3.838194	-0.002771	0.007448	-0.004290	-0.616455	-0.472656	-0.451660	0.721828	0.325657	-0.443996	0.419260
07917		8.925729	0.967682	3.844989	-0.004532	0.007089	-0.005706	-0.620605	-0.461914	-0.469482	0.721828	0.325688	-0.443870	0.419370
07918		8.927809	0.945250	3.850623	-0.006838	0.008636	-0.008183	-0.619385	-0.464600	-0.468994	0.721959	0.325563	-0.443838	0.419275
07919		8.891802	0.940458	3.870530	-0.019845	0.001102	-0.011056	-0.622803	-0.467529	-0.465088	0.722111	0.325392	-0.443917	0.419062
07920		8.888604	0.964461	3.867087	-0.029098	-0.003786	-0.015350	-0.622314	-0.468994	-0.465576	0.722261	0.325223	-0.444047	0.418797
07921		8.905240	0.897798	3.889879	-0.020938	0.005087	-0.014446	-0.623291	-0.460938	-0.465332	0.722422	0.325081	-0.444053	0.418623
07922		8.947452	0.907063	3.884599	-0.016136	0.011638	-0.008838	-0.620850	-0.464844	-0.475342	0.722574	0.324890	-0.444023	0.418543
07923		8.929593	0.932831	3.884362	-0.022792	0.010017	-0.007422	-0.618652	-0.473877	-0.466797	0.722790	0.324601	-0.444068	0.418345
07924		8.885399	0.931371	3.866301	-0.019496	0.009314	-0.004144	-0.618164	-0.461670	-0.464600	0.722919	0.324409	-0.444052	0.418287
07925		8.905396	0.972603	3.860553	-0.024925	0.010645	-0.007439	-0.620117	-0.470947	-0.468506	0.723092	0.324151	-0.444067	0.418173
07926		8.890885	0.942697	3.846304	-0.030803	0.019191	-0.007848	-0.619141	-0.465576	-0.468750	0.723343	0.323814	-0.444018	0.418053
07927		8.873650	0.889576	3.865979	-0.027266	0.010459	-0.011454	-0.615234	-0.461914	-0.468994	0.723554	0.323557	-0.444028	0.417875
07928		8.872603	0.889760	3.868338	-0.020727	0.006003	-0.011115	-0.621826	-0.462158	-0.470703	0.723723	0.323368	-0.444056	0.417699
07929		8.909148	0.904101	3.874807	-0.017310	0.011640	-0.011483	-0.623779	-0.466064	-0.472412	0.723901	0.323179	-0.444018	0.417577
07930		8.917563	0.954376	3.901765	-0.020072	0.009917	-0.009912	-0.614258	-0.464844	-0.470703	0.724070	0.322975	-0.444010	0.417450
07931		8.934985	0.975685	3.920180	-0.027376	0.004722	-0.012255	-0.618164	-0.466309	-0.467285	0.724267	0.322746	-0.444071	0.417221
07932		8.891703	0.933247	3.919646	-0.039303	0.002372	-0.017660	-0.611084	-0.465820	-0.465332	0.724493	0.322482	-0.444174	0.416923
07933		8.872743	0.912071	3.904709	-0.045767	0.000600	-0.019507	-0.621094	-0.466553	-0.473877	0.724750	0.322187	-0.444310	0.416560
07934		8.889044	0.889013	3.899288	-0.039157	-0.000027	-0.018644	-0.619629	-0.463623	-0.478027	0.724988	0.321915	-0.444450	0.416207
07935		8.890619	0.941609	3.894294	-0.040990	-0.004380	-0.019341	-0.620605	-0.468506	-0.473389	0.725239	0.321622	-0.444657	0.415775
07936		8.930670	0.971179	3.892905	-0.057190	-0.005570	-0.024161	-0.618408	-0.464111	-0.473145	0.725538	0.321261	-0.444906	0.415265
07937		8.944582	0.937717	3.874465	-0.056439	0.004522	-0.025315	-0.611816	-0.459473	-0.472168	0.725899	0.320851	-0.445063	0.414782
07938		8.909670	0.858747	3.894507	-0.054466	0.006391	-0.024973	-0.619873	-0.464844	-0.477539	0.726273	0.320437	-0.445200	0.414301
07939		8.905363	0.887512	3.875308	-0.053061	0.009452	-0.020609	-0.625977	-0.463135	-0.481934	0.726632	0.319995	-0.445320	0.413883
07940		8.863252	0.888620	3.898584	-0.050990	0.005102	-0.021785	-0.614258	-0.461914	-0.477295	0.726968	0.319581	-0.445483	0.413438
07941		8.873794	0.868201	3.914104	-0.037473	-0.003024	-0.021004	-0.624023	-0.467041	-0.482910	0.727204	0.319345	-0.445633	0.413043
07942		8.900865	0.864464	3.913063	-0.024005	-0.001749	-0.013705	-0.618164	-0.458496	-0.476074	0.727352	0.319181	-0.445737	0.412796
07943		8.919225	0.894572	3.901468	-0.019336	-0.002416	-0.012283	-0.617432	-0.464844	-0.479980	0.727453	0.319062	-0.445825	0.412616
07944		8.921556	0.913744	3.886778	-0.017739	0.000240	-0.009238	-0.619629	-0.458740	-0.479492	0.727565	0.318927	-0.445889	0.412454
07945		8.891474	0.908585	3.875898	-0.011587	0.007268	-0.008576	-0.606934	-0.458740	-0.467773	0.727681	0.318795	-0.445874	0.412368
07946		8.896092	0.893508	3.903476	-0.000672	0.006955	-0.004854	-0.614014	-0.459717	-0.474609	0.727701	0.318800	-0.445774	0.412436
07947		8.889956	0.904923	3.897402	0.003751	0.002862	-0.002639	-0.616211	-0.454102	-0.478760	0.727687	0.318824	-0.445721	0.412499
07948		8.880659	0.934561	3.906306	0.006294	0.003274	-0.004397	-0.614502	-0.465332	-0.484619	0.727695	0.318839	-0.445677	0.412522
07949		8.891393	0.920896	3.902662	0.006911	0.005454	-0.004700	-0.610352	-0.458252	-0.474121	0.727745	0.318851	-0.445597	0.412509
07950		8.893092	0.929898	3.926106	0.009224	0.003800	-0.001590	-0.616943	-0.468018	-0.469238	0.727717	0.318910	-0.445514	0.412604
07951		8.901045	0.947536	3.890600	0.008206	0.000864	-0.001415	-0.617432	-0.463135	-0.480957	0.727623	0.319037	-0.445419	0.412773
07952		8.898362	0.933012	3.896430	0.004932	0.003494	-0.004433	-0.617676	-0.452393	-0.481689	0.727642	0.319055	-0.445363	0.412788
07953		8.919283	0.937513	3.898684	0.002853	0.008024	-0.004533	-0.622314	-0.458984	-0.473389	0.727703	0.318993	-0.445310	0.412784
07954		8.902485	0.925213	3.906263	0.002823	0.006023	-0.004174	-0.620850	-0.468994	-0.477783	0.727685	0.319014	-0.445225	0.412891
07955		8.904277	0.942331	3.901832	0.002798	0.004204	-0.005083	-0.621338	-0.468018	-0.483643	0.727687	0.319053	-0.445143	0.412947
07956		8.898833	0.909241	3.923231	0.004182	0.005711	-0.003505	-0.605225	-0.467529	-0.479980	0.727714	0.319052	-0.445070	0.412977
07957		8.873384	0.930808	3.919988	0.004957	0.005313	-0.003525	-0.614990	-0.458252	-0.481689	0.727764	0.319065	-0.444984	0.412973
07958		8.884306	0.927992	3.879160	0.008083	0.005721	-0.003960	-0.615967	-0.459473	-0.477783	0.727790	0.319077	-0.444909	0.412998
07959		8.886853	0.903372	3.892895	0.011789	0.005943	-0.001805	-0.617432	-0.456543	-0.481201	0.727765	0.319137	-0.444804	0.413108
07960		8.898676	0.939005	3.894543	0.011279	0.011404	-0.000404	-0.615967	-0.463623	-0.470947	0.727782	0.319130	-0.444679	0.413220
07961		8.903290	0.935309	3.885195	0.016932	0.011586	0.001841	-0.618896	-0.462646	-0.474609	0.727708	0.319239	-0.444473	0.413487
07962		8.880622	0.922663	3.923039	0.018403	0.005149	0.000349	-0.616211	-0.469727	-0.472900	0.727613	0.319381	-0.444330	0.413697
07963		8.874647	0.934822	3.916367	0.018376	0.003239	0.000074	-0.614746	-0.462891	-0.476807	0.727506	0.319561	-0.444179	0.413910
07964		8.885365	0.918498	3.922065	0.022135	0.007375	0.002139	-0.616943	-0.461182	-0.485596	0.727427	0.319695	-0.444014	0.414122
07965		8.886304	0.969907	3.926986	0.021683	0.002888	0.000833	-0.609375	-0.462646	-0.482910	0.727376	0.319802	-0.443926	0.414224
07966		8.892940	0.932697	3.905412	0.019293	-0.000190	0.003513	-0.614014	-0.464111	-0.475098	0.727311	0.319898	-0.443875	0.414316
07967		8.871218	0.922487	3.931972	0.024170	0.000394	0.005774	-0.615967	-0.463623	-0.484131	0.727161	0.320076	-0.443771	0.414554
