// Start Time: Unknown
// Update Rate: 40.0Hz
// Filter Profile: human (46.1)
// Firmware Version: 4.6.0
PacketCounter	SampleTimeFine	Acc_X	Acc_Y	Acc_Z	Gyr_X	Gyr_Y	Gyr_Z	Mag_X	Mag_Y	Mag_Z	Quat_q0	Quat_q1	Quat_q2	Quat_q3
07338		9.759546	0.076618	1.091132	-0.015548	0.007766	-0.000446	-0.717041	0.092773	-0.571777	0.740556	-0.070057	-0.663014	-0.084146
07339		9.756636	0.028303	1.124226	0.002198	0.011715	0.002503	-0.716553	0.090820	-0.567627	0.740658	-0.070045	-0.662906	-0.084115
07340		9.765475	0.057044	1.132377	0.005826	0.009383	0.000274	-0.717285	0.091064	-0.571777	0.740738	-0.069982	-0.662828	-0.084072
07341		9.746074	0.078208	1.141530	-0.001866	0.011738	0.000620	-0.712891	0.088867	-0.580811	0.740836	-0.069993	-0.662716	-0.084092
07342		9.753304	0.027362	1.156101	0.001102	0.012338	0.000302	-0.709473	0.086670	-0.573730	0.740943	-0.069972	-0.662598	-0.084091
07343		9.751020	0.057512	1.142835	-0.003164	0.006434	-0.001999	-0.713379	0.097656	-0.571777	0.740999	-0.069982	-0.662528	-0.084138
07344		9.751770	0.043094	1.152761	0.001014	0.011184	-0.002922	-0.709961	0.092773	-0.587158	0.741102	-0.069942	-0.662415	-0.084162
07345		9.738189	0.091548	1.151067	0.010059	0.010042	-0.001103	-0.712891	0.097900	-0.566162	0.741210	-0.069837	-0.662314	-0.084090
07346		9.758297	0.103321	1.147713	-0.001513	0.009241	-0.003113	-0.715820	0.093994	-0.561279	0.741303	-0.069821	-0.662205	-0.084135
07347		9.757695	0.056270	1.157390	0.000203	0.013323	0.000617	-0.713379	0.100342	-0.579102	0.741440	-0.069811	-0.662053	-0.084139
07348		9.744085	0.063484	1.127171	0.005514	0.011650	0.000756	-0.715576	0.102295	-0.568604	0.741576	-0.069758	-0.661911	-0.084093
07349		9.753854	0.077340	1.143517	0.005861	0.012810	0.001637	-0.707764	0.095947	-0.577637	0.741719	-0.069711	-0.661764	-0.084034
07350		9.746444	0.082284	1.182266	0.005421	0.014157	0.002137	-0.718750	0.089600	-0.575928	0.741879	-0.069665	-0.661596	-0.083980
07351		9.753909	0.037889	1.161535	-0.000716	0.014428	0.002548	-0.706543	0.083496	-0.578125	0.742043	-0.069672	-0.661412	-0.083980
07352		9.742470	0.038712	1.143321	0.001197	0.009841	-0.001098	-0.711914	0.089844	-0.575439	0.742169	-0.069634	-0.661273	-0.083995
07353		9.764754	0.043738	1.151780	0.005441	0.006642	0.000321	-0.715088	0.098877	-0.567383	0.742270	-0.069586	-0.661170	-0.083946
07354		9.759900	0.049601	1.165687	0.008813	0.011703	0.000633	-0.706787	0.091064	-0.581299	0.742402	-0.069526	-0.661040	-0.083852
07355		9.752713	0.038059	1.171527	0.005058	0.011292	0.000565	-0.716553	0.103027	-0.568604	0.742555	-0.069484	-0.660879	-0.083802
07356		9.734531	0.027974	1.155552	0.005729	0.006525	-0.003640	-0.708252	0.090088	-0.575928	0.742639	-0.069445	-0.660796	-0.083751
07357		9.749762	0.039365	1.199060	0.002695	0.006479	-0.005865	-0.705322	0.090820	-0.572754	0.742730	-0.069380	-0.660698	-0.083771
07358		9.729714	0.060171	1.166696	0.000625	0.004898	-0.005871	-0.712891	0.090576	-0.573730	0.742802	-0.069337	-0.660617	-0.083802
07359		9.763308	0.048611	1.163778	-0.000088	0.010100	-0.005828	-0.711914	0.098877	-0.578613	0.742915	-0.069300	-0.660489	-0.083843
07360		9.759543	0.064422	1.182035	0.008496	0.008598	-0.004174	-0.716064	0.094971	-0.579102	0.743043	-0.069236	-0.660359	-0.083779
07361		9.760559	0.097830	1.184781	0.010944	0.007364	-0.002112	-0.706787	0.091064	-0.578125	0.743160	-0.069154	-0.660248	-0.083685
07362		9.753992	0.117730	1.150592	-0.000657	0.010530	-0.005314	-0.707031	0.102051	-0.572021	0.743288	-0.069110	-0.660102	-0.083739
07363		9.749014	0.059914	1.140005	-0.000330	0.015357	0.000166	-0.705811	0.098877	-0.572754	0.743434	-0.069160	-0.659935	-0.083711
07364		9.759746	0.082448	1.161428	0.002486	0.015163	0.001490	-0.714355	0.101074	-0.571045	0.743579	-0.069177	-0.659777	-0.083660
07365		9.764558	0.077858	1.193965	0.006207	0.017534	0.005476	-0.707520	0.088379	-0.577881	0.743723	-0.069219	-0.659627	-0.083536
07366		9.760289	0.067139	1.218448	0.007385	0.023649	0.008773	-0.713135	0.092285	-0.576660	0.743959	-0.069159	-0.659380	-0.083423
07367		9.748626	0.066391	1.202645	0.003969	0.020851	0.006600	-0.717041	0.095703	-0.572998	0.744148	-0.069156	-0.659177	-0.083343
07368		9.738788	0.011779	1.205463	0.007959	0.019367	0.011046	-0.704834	0.100098	-0.580811	0.744299	-0.069188	-0.659025	-0.083176
07369		9.758872	0.044479	1.200568	0.012366	0.015131	0.008540	-0.713379	0.098633	-0.580566	0.744497	-0.069198	-0.658824	-0.082991
07370		9.740704	0.055747	1.183000	0.004716	0.019081	0.007906	-0.704834	0.102295	-0.575195	0.744684	-0.069267	-0.658618	-0.082880
07371		9.757757	0.040674	1.209730	0.007105	0.021952	0.010404	-0.714111	0.093994	-0.579346	0.744891	-0.069362	-0.658395	-0.082715
07372		9.745515	0.032352	1.230136	0.013249	0.025238	0.012971	-0.708740	0.096191	-0.581787	0.745115	-0.069332	-0.658172	-0.082499
07373		9.747117	0.006447	1.216615	0.010842	0.029909	0.012242	-0.706299	0.096191	-0.587158	0.745408	-0.069336	-0.657863	-0.082315
07374		9.743804	-0.037200	1.218610	0.021020	0.027914	0.013057	-0.708984	0.096924	-0.573975	0.745734	-0.069255	-0.657536	-0.082046
07375		9.726159	-0.000604	1.239167	0.024566	0.018837	0.009773	-0.703125	0.105225	-0.583252	0.745872	-0.069137	-0.657430	-0.081733
07376		9.722172	0.012432	1.258352	0.014086	0.008160	0.007481	-0.707275	0.097900	-0.584473	0.746007	-0.069234	-0.657292	-0.081530
07377		9.750572	0.002089	1.227888	0.014225	0.012937	0.004644	-0.706055	0.098389	-0.576904	0.746162	-0.069200	-0.657140	-0.081370
07378		9.749021	-0.007148	1.227099	0.015887	0.015750	0.003517	-0.706787	0.092041	-0.585449	0.746284	-0.069138	-0.657031	-0.081182
07379		9.738026	-0.004506	1.250040	0.015691	0.017224	0.003284	-0.708252	0.092285	-0.579834	0.746473	-0.068986	-0.656850	-0.081032
07380		9.741316	0.004238	1.234728	0.016476	0.017041	0.003663	-0.703613	0.093506	-0.580322	0.746604	-0.068830	-0.656741	-0.080851
07381		9.725684	0.012898	1.268647	0.015268	0.011038	0.002007	-0.700195	0.095215	-0.578369	0.746709	-0.068699	-0.656654	-0.080689
07382		9.738385	0.050973	1.256689	0.008377	0.005670	0.000925	-0.708740	0.090820	-0.582031	0.746768	-0.068659	-0.656605	-0.080584
07383		9.712800	0.043704	1.233960	0.001095	-0.002457	-0.000081	-0.710205	0.092285	-0.581299	0.746724	-0.068608	-0.656664	-0.080553
07384		9.724489	0.028083	1.263303	-0.000476	0.003615	-0.001381	-0.709473	0.093262	-0.583252	0.746711	-0.068584	-0.656682	-0.080553
07385		9.747617	-0.046275	1.254535	-0.007761	0.010452	-0.000494	-0.703369	0.094482	-0.582275	0.746770	-0.068645	-0.656599	-0.080617
07386		9.728074	-0.067753	1.194626	0.008178	0.012843	0.000164	-0.712158	0.096191	-0.581787	0.746897	-0.068583	-0.656471	-0.080540
07387		9.738623	-0.003714	1.242929	0.023484	0.003096	-0.000808	-0.711426	0.100830	-0.578369	0.746880	-0.068430	-0.656532	-0.080339
07388		9.727766	0.041119	1.290789	0.004178	-0.000519	-0.004571	-0.702881	0.091064	-0.575439	0.746783	-0.068540	-0.656631	-0.080329
07389		9.732783	-0.004117	1.250480	-0.005769	-0.000120	-0.006797	-0.708008	0.096436	-0.587646	0.746721	-0.068488	-0.656700	-0.080391
07390		9.712922	0.033451	1.247507	-0.000178	-0.009638	-0.004935	-0.710205	0.095215	-0.579346	0.746666	-0.068545	-0.656751	-0.080431
07391		9.742377	0.027387	1.252198	-0.002709	-0.011591	-0.005116	-0.705078	0.097656	-0.581299	0.746495	-0.068598	-0.656935	-0.080471
07392		9.731363	0.046018	1.260344	-0.003473	-0.011823	-0.001344	-0.708008	0.100098	-0.578369	0.746391	-0.068744	-0.657035	-0.080495
07393		9.732719	0.076309	1.217880	-0.012341	-0.012035	-0.001362	-0.702148	0.093018	-0.575928	0.746227	-0.069032	-0.657179	-0.080594
07394		9.765703	0.054145	1.207242	-0.014874	-0.004725	0.000881	-0.706543	0.095703	-0.576904	0.746154	-0.069154	-0.657241	-0.080663
07395		9.759406	0.002504	1.222113	-0.010953	0.007169	0.008184	-0.713867	0.101318	-0.576416	0.746161	-0.069357	-0.657211	-0.080663
07396		9.759361	0.023547	1.220771	-0.005709	0.011447	0.011059	-0.705322	0.102783	-0.572021	0.746138	-0.069680	-0.657208	-0.080624
07397		9.741205	-0.011750	1.250247	-0.007736	0.020718	0.012534	-0.708740	0.098877	-0.576416	0.746218	-0.070051	-0.657083	-0.080589
07398		9.754943	-0.094662	1.236132	0.006195	0.024833	0.012914	-0.703125	0.095459	-0.582764	0.746358	-0.070164	-0.656931	-0.080425
07399		9.734492	-0.037469	1.236392	0.011274	0.021194	0.011517	-0.707275	0.099121	-0.572998	0.746586	-0.070123	-0.656700	-0.080228
07400		9.749369	-0.046295	1.251144	0.008938	0.019912	0.008072	-0.712402	0.098145	-0.581543	0.746645	-0.070177	-0.656648	-0.080064
07401		9.743467	-0.067842	1.231153	0.010556	0.021135	0.007888	-0.702637	0.094482	-0.586182	0.746758	-0.070190	-0.656536	-0.079916
07402		9.731722	-0.027568	1.243588	0.011162	0.020578	0.005753	-0.710938	0.104736	-0.584961	0.747001	-0.070071	-0.656290	-0.079769
07403		9.734193	-0.026148	1.264326	0.007648	0.014583	0.005491	-0.697510	0.102051	-0.577148	0.747085	-0.070303	-0.656175	-0.079721
07404		9.729953	-0.014967	1.243111	0.003252	0.011294	0.006205	-0.696533	0.098389	-0.582275	0.747178	-0.070487	-0.656059	-0.079644
07405		9.734898	0.003570	1.270276	0.001355	0.006516	0.005768	-0.709961	0.092041	-0.583984	0.747293	-0.070577	-0.655927	-0.079576
07406		9.738034	-0.035717	1.259548	-0.003820	0.005549	0.002609	-0.710449	0.092285	-0.577393	0.747287	-0.070485	-0.655949	-0.079530
07407		9.727320	-0.033524	1.279434	0.000080	0.002896	0.003871	-0.702637	0.099854	-0.584229	0.747188	-0.070368	-0.656088	-0.079411
07408		9.725627	0.059974	1.289287	-0.015072	0.002466	0.000085	-0.709229	0.104980	-0.586182	0.747213	-0.070612	-0.656018	-0.079545
07409		9.711010	-0.075549	1.278404	-0.029361	0.004750	0.000548	-0.712158	0.099365	-0.580566	0.747199	-0.071139	-0.655940	-0.079845
07410		9.744535	-0.091711	1.234894	-0.010320	0.002940	0.001445	-0.711914	0.104248	-0.579590	0.747107	-0.071294	-0.656022	-0.079901
07411		9.737199	-0.062923	1.267111	0.000589	0.001286	0.000155	-0.703125	0.097168	-0.586670	0.747000	-0.071482	-0.656122	-0.079912
07412		9.734308	-0.063177	1.291263	-0.002544	0.002035	-0.001389	-0.693848	0.104980	-0.579346	0.747059	-0.071476	-0.656051	-0.079939
07413		9.725378	-0.067876	1.282736	-0.003699	0.003322	-0.004520	-0.702148	0.102051	-0.582764	0.747126	-0.071688	-0.655941	-0.080036
07414		9.749463	-0.070459	1.262229	-0.001103	0.002880	-0.004079	-0.703369	0.103760	-0.579102	0.747151	-0.071784	-0.655894	-0.080095
07415		9.725876	-0.082649	1.251613	0.007079	0.000749	-0.005783	-0.704346	0.100098	-0.575195	0.747113	-0.071832	-0.655932	-0.080093
07416		9.716679	-0.045725	1.271297	0.008646	0.000375	-0.005011	-0.705566	0.101807	-0.586914	0.747029	-0.071743	-0.656048	-0.080009
07417		9.735813	-0.065336	1.265336	0.007898	0.000436	-0.007014	-0.701416	0.096680	-0.580566	0.747055	-0.071741	-0.656014	-0.080045
07418		9.741138	-0.022068	1.246663	0.005839	0.000571	-0.006352	-0.708740	0.098633	-0.582764	0.747057	-0.071585	-0.656034	-0.080003
07419		9.726401	-0.028345	1.245205	0.004781	0.002904	-0.007894	-0.706787	0.105469	-0.582520	0.747029	-0.071497	-0.656073	-0.080021
07420		9.741028	-0.018416	1.247581	0.009561	0.001112	-0.004654	-0.710205	0.102783	-0.580322	0.747003	-0.071613	-0.656089	-0.080032
07421		9.744013	-0.014546	1.264152	0.005674	-0.000221	-0.004712	-0.708740	0.088135	-0.584961	0.746913	-0.071669	-0.656185	-0.080034
07422		9.732993	-0.036061	1.246419	0.002832	0.000099	-0.004434	-0.705322	0.090088	-0.579834	0.746901	-0.071317	-0.656247	-0.079957
07423		9.739629	-0.046952	1.247245	0.002636	0.001572	-0.004667	-0.705078	0.094971	-0.580322	0.746876	-0.071023	-0.656317	-0.079876
07424		9.739139	-0.071807	1.211247	0.016889	0.002999	-0.000570	-0.704834	0.096191	-0.576416	0.746883	-0.070794	-0.656356	-0.079693
07425		9.734354	0.001756	1.288472	0.016486	0.000658	-0.004650	-0.703857	0.110352	-0.583740	0.746826	-0.070585	-0.656460	-0.079553
07426		9.740148	0.006119	1.281550	-0.001526	0.002381	-0.005880	-0.700928	0.101807	-0.580078	0.746839	-0.070978	-0.656382	-0.079729
07427		9.740530	-0.033584	1.253128	-0.003686	-0.000671	-0.003314	-0.707764	0.095947	-0.582275	0.746824	-0.071138	-0.656373	-0.079800
07428		9.735654	-0.029047	1.224322	-0.002411	-0.000618	-0.004365	-0.711914	0.100830	-0.580078	0.746777	-0.071095	-0.656428	-0.079827
07429		9.757811	-0.046940	1.234821	-0.000125	0.001218	-0.003466	-0.704590	0.103271	-0.583984	0.746687	-0.071184	-0.656515	-0.079869
07430		9.745245	-0.036831	1.241973	0.001949	0.002806	-0.003465	-0.696777	0.102539	-0.583496	0.746715	-0.071330	-0.656460	-0.079932
07431		9.739569	-0.015196	1.246363	0.003646	0.003355	-0.002720	-0.707520	0.100830	-0.585449	0.746810	-0.071441	-0.656336	-0.079961
07432		9.736352	-0.038686	1.274569	0.001095	0.003247	-0.000619	-0.708252	0.099854	-0.581055	0.746830	-0.071542	-0.656299	-0.079990
07433		9.744986	-0.035117	1.244055	0.002682	0.001028	-0.002128	-0.707764	0.101074	-0.576416	0.746784	-0.071572	-0.656349	-0.079981
07434		9.732174	-0.049005	1.254717	0.002566	0.001828	-0.001436	-0.701904	0.102051	-0.583740	0.746706	-0.071626	-0.656436	-0.079946
07435		9.745730	-0.049076	1.252636	0.004249	0.000656	-0.001356	-0.709229	0.101562	-0.575439	0.746739	-0.071721	-0.656387	-0.079954
07436		9.724364	-0.044842	1.250315	0.004459	0.000904	-0.000458	-0.699951	0.110840	-0.579590	0.746637	-0.071770	-0.656506	-0.079889
07437		9.745741	-0.048494	1.252572	0.008804	-0.003098	0.000323	-0.708496	0.100586	-0.578613	0.746616	-0.072084	-0.656495	-0.079898
07438		9.748319	-0.007023	1.256186	0.010130	-0.007157	-0.001133	-0.704590	0.098633	-0.586182	0.746493	-0.072052	-0.656650	-0.079792
07439		9.758077	-0.018123	1.231235	-0.001430	-0.007985	-0.003197	-0.707764	0.106201	-0.583252	0.746457	-0.072100	-0.656679	-0.079851
07440		9.731885	-0.031758	1.242674	-0.000180	-0.002513	0.000979	-0.703857	0.101074	-0.578125	0.746413	-0.072366	-0.656693	-0.079910
07441		9.744671	-0.017646	1.232153	0.004178	0.000913	0.001875	-0.702393	0.104736	-0.577881	0.746394	-0.072412	-0.656718	-0.079832
07442		9.741488	-0.042152	1.260199	-0.001361	0.004188	0.003072	-0.702881	0.100830	-0.576172	0.746406	-0.072619	-0.656683	-0.079826
07443		9.730363	-0.065592	1.243482	-0.002813	0.003759	0.001608	-0.708008	0.102783	-0.581299	0.746396	-0.072695	-0.656690	-0.079788
07444		9.741899	-0.060469	1.230032	-0.000528	0.005595	0.002505	-0.707520	0.094727	-0.581055	0.746407	-0.072835	-0.656663	-0.079789
07445		9.752320	-0.064143	1.212628	0.004469	0.006195	0.003150	-0.708252	0.104736	-0.585693	0.746437	-0.072696	-0.656659	-0.079662
07446		9.739674	-0.055441	1.220327	0.006006	0.002383	0.002594	-0.708252	0.101318	-0.582275	0.746460	-0.072853	-0.656616	-0.079659
07447		9.730846	-0.059125	1.252305	0.004339	0.005275	0.003176	-0.715088	0.108887	-0.588867	0.746478	-0.072909	-0.656595	-0.079605
07448		9.739216	-0.077950	1.266615	0.005173	0.006683	0.002609	-0.705078	0.098633	-0.582031	0.746504	-0.073186	-0.656527	-0.079671
07449		9.743998	-0.060591	1.253304	0.006138	0.009011	0.002014	-0.699463	0.108154	-0.582275	0.746577	-0.073132	-0.656460	-0.079590
07450		9.740729	-0.063341	1.239127	0.009111	0.009614	0.001707	-0.712158	0.100830	-0.584473	0.746691	-0.073302	-0.656315	-0.079564
07451		9.748431	-0.043263	1.242791	0.003672	0.010369	0.001543	-0.708008	0.101562	-0.585205	0.746732	-0.073332	-0.656267	-0.079547
07452		9.720916	-0.042615	1.250054	0.002396	0.010317	0.002593	-0.707275	0.103760	-0.587402	0.746806	-0.073409	-0.656174	-0.079544
07453		9.733089	-0.052552	1.246080	0.005791	0.011418	0.004081	-0.711914	0.098633	-0.586914	0.746913	-0.073533	-0.656040	-0.079539
07454		9.727988	-0.047446	1.260088	0.004615	0.008842	0.003778	-0.709717	0.104492	-0.580322	0.746959	-0.073536	-0.655990	-0.079505
07455		9.737314	-0.057733	1.279402	-0.005574	0.009117	0.002247	-0.703369	0.099854	-0.580811	0.746959	-0.073702	-0.655970	-0.079522
07456		9.735636	-0.093157	1.240667	-0.008678	0.007595	0.002578	-0.705078	0.104980	-0.575684	0.746996	-0.073793	-0.655916	-0.079536
07457		9.745051	-0.103306	1.259244	0.000161	0.004365	0.001295	-0.701660	0.102051	-0.581543	0.746958	-0.073869	-0.655959	-0.079461
07458		9.745196	-0.079914	1.256638	0.005731	0.004530	0.001433	-0.705566	0.111816	-0.585938	0.746998	-0.073868	-0.655923	-0.079385
07459		9.728839	-0.056076	1.280029	-0.004798	0.003637	-0.000970	-0.704590	0.107178	-0.582520	0.747016	-0.074208	-0.655848	-0.079526
07460		9.729986	-0.111390	1.260347	-0.007109	0.004064	-0.003748	-0.702881	0.098877	-0.580078	0.747016	-0.074401	-0.655811	-0.079644
07461		9.741649	-0.105097	1.246388	0.000416	0.000911	-0.002362	-0.704346	0.095215	-0.578613	0.747000	-0.074319	-0.655845	-0.079599
07462		9.732298	-0.068886	1.266258	0.003442	0.003106	-0.003620	-0.707275	0.102783	-0.576172	0.746986	-0.074102	-0.655897	-0.079504
07463		9.744754	-0.076915	1.260249	-0.000161	0.001758	-0.006010	-0.707275	0.108154	-0.576660	0.746911	-0.074070	-0.655986	-0.079496
07464		9.724187	-0.086578	1.265917	-0.000539	0.000719	-0.005264	-0.708252	0.103027	-0.578125	0.746829	-0.074184	-0.656062	-0.079531
07465		9.731878	-0.090870	1.230969	0.001079	0.001941	-0.005444	-0.699219	0.101807	-0.582520	0.746770	-0.074165	-0.656132	-0.079532
07466		9.735842	-0.078375	1.252126	0.001614	0.001637	-0.004339	-0.701416	0.105469	-0.583496	0.746804	-0.074147	-0.656093	-0.079542
07467		9.735801	-0.077065	1.252528	0.003922	0.001624	-0.005720	-0.707275	0.102539	-0.573730	0.746828	-0.074189	-0.656057	-0.079584
07468		9.745646	-0.061521	1.266251	0.000492	0.000653	-0.005596	-0.706299	0.103516	-0.580322	0.746733	-0.074140	-0.656174	-0.079550
07469		9.733869	-0.068111	1.240977	-0.002547	0.002444	-0.005558	-0.697754	0.104492	-0.573242	0.746705	-0.074183	-0.656194	-0.079609
07470		9.740211	-0.102333	1.245956	0.002030	0.002549	-0.006703	-0.703125	0.095947	-0.577393	0.746688	-0.074156	-0.656220	-0.079586
07471		9.727909	-0.068008	1.249157	0.004653	-0.000152	-0.004379	-0.701416	0.099365	-0.573975	0.746655	-0.073944	-0.656294	-0.079480
07472		9.740675	-0.052255	1.239142	0.001783	0.002430	-0.005986	-0.696045	0.111816	-0.581543	0.746623	-0.073821	-0.656350	-0.079430
07473		9.740083	-0.097718	1.247327	-0.002210	0.004027	-0.008850	-0.699951	0.101318	-0.577881	0.746677	-0.074042	-0.656244	-0.079595
07474		9.743774	-0.110357	1.232152	0.004287	0.000946	-0.007131	-0.699951	0.110596	-0.578125	0.746669	-0.073946	-0.656266	-0.079570
07475		9.738956	-0.101886	1.243975	0.006593	0.001350	-0.012675	-0.705811	0.102295	-0.580566	0.746654	-0.074018	-0.656263	-0.079674
07476		9.733545	-0.054367	1.244197	0.006555	0.001480	-0.011059	-0.703125	0.104736	-0.577637	0.746629	-0.073909	-0.656300	-0.079703
07477		9.740197	-0.063529	1.245286	0.001689	0.001796	-0.011740	-0.706787	0.111084	-0.580322	0.746597	-0.073894	-0.656329	-0.079784
07478		9.731994	-0.104403	1.248107	0.002837	0.000931	-0.012763	-0.703125	0.107178	-0.589111	0.746546	-0.074029	-0.656351	-0.079950
07479		9.744562	-0.110027	1.241739	0.005184	0.000795	-0.015765	-0.702881	0.102295	-0.582275	0.746582	-0.074060	-0.656283	-0.080146
07480		9.736018	-0.087815	1.228900	0.009921	-0.000437	-0.015059	-0.707520	0.099121	-0.577393	0.746571	-0.073908	-0.656306	-0.080197
07481		9.746752	-0.083951	1.250064	0.003803	-0.001616	-0.021135	-0.708740	0.099121	-0.578613	0.746481	-0.073670	-0.656424	-0.080291
07482		9.720706	-0.069085	1.258335	0.005111	-0.003823	-0.020305	-0.702148	0.103760	-0.587646	0.746377	-0.073449	-0.656556	-0.080382
07483		9.733452	-0.072997	1.250702	0.005022	-0.004870	-0.021899	-0.702881	0.097656	-0.584229	0.746360	-0.073373	-0.656558	-0.080592
07484		9.747450	-0.044174	1.243050	0.007272	-0.008188	-0.022993	-0.705078	0.103516	-0.575928	0.746296	-0.073123	-0.656643	-0.080716
07485		9.750779	-0.014623	1.213685	0.009177	-0.007381	-0.021353	-0.701904	0.098389	-0.584961	0.746170	-0.072974	-0.656791	-0.080809
07486		9.751155	0.014382	1.207983	0.013669	-0.008722	-0.019933	-0.701172	0.104248	-0.584717	0.746123	-0.072729	-0.656864	-0.080870
07487		9.739837	0.037081	1.216674	0.011076	-0.008708	-0.016211	-0.698730	0.096191	-0.575195	0.746077	-0.072677	-0.656911	-0.080968
07488		9.750731	0.037760	1.195962	0.010761	-0.006847	-0.011592	-0.707520	0.098145	-0.579346	0.746011	-0.072444	-0.657021	-0.080890
07489		9.741045	0.005098	1.225050	0.005162	-0.005186	-0.009444	-0.704834	0.090332	-0.577881	0.745929	-0.072357	-0.657121	-0.080905
07490		9.737261	-0.003922	1.203088	-0.001438	-0.005315	-0.009243	-0.709717	0.097656	-0.575195	0.745856	-0.072158	-0.657228	-0.080895
07491		9.736593	0.013394	1.193047	-0.003858	-0.011527	-0.011433	-0.709961	0.091064	-0.577881	0.745675	-0.072136	-0.657425	-0.080982
07492		9.742604	-0.004986	1.187397	-0.007463	-0.005875	-0.009555	-0.704834	0.096436	-0.577148	0.745565	-0.072024	-0.657554	-0.081048
07493		9.745619	-0.024031	1.206403	-0.006217	-0.003965	-0.008328	-0.701172	0.090332	-0.584717	0.745496	-0.072021	-0.657622	-0.081127
07494		9.725324	-0.033414	1.210741	-0.003290	-0.004940	-0.007680	-0.707764	0.099365	-0.573486	0.745501	-0.071868	-0.657632	-0.081136
07495		9.743965	0.009507	1.188688	-0.008972	-0.000473	-0.009967	-0.702881	0.095459	-0.578857	0.745415	-0.071946	-0.657703	-0.081285
07496		9.744698	-0.074285	1.208196	-0.005904	0.002915	-0.008023	-0.708984	0.100586	-0.579590	0.745431	-0.071915	-0.657680	-0.081356
07497		9.753639	0.003625	1.206131	0.002250	-0.002896	-0.005267	-0.705811	0.102539	-0.576416	0.745373	-0.071959	-0.657736	-0.081392
07498		9.753705	0.005137	1.205586	-0.010621	-0.001576	-0.008165	-0.712891	0.101074	-0.574463	0.745309	-0.072131	-0.657768	-0.081562
07499		9.758414	-0.046668	1.201782	-0.003256	0.003667	-0.004368	-0.701904	0.084473	-0.581543	0.745248	-0.072236	-0.657816	-0.081644
07500		9.745668	-0.036502	1.209559	0.000752	0.005947	-0.004348	-0.706543	0.099365	-0.573975	0.745333	-0.071931	-0.657766	-0.081533
07501		9.749416	-0.003027	1.187788	0.009089	0.006094	-0.001251	-0.708984	0.094727	-0.571777	0.745340	-0.071906	-0.657770	-0.081461
07502		9.753107	-0.014764	1.213798	0.010000	0.006834	-0.000894	-0.709717	0.095947	-0.577393	0.745329	-0.071785	-0.657810	-0.081346
07503		9.752875	-0.014415	1.215664	0.009759	0.008435	0.000489	-0.702148	0.100098	-0.579590	0.745365	-0.071702	-0.657792	-0.081239
07504		9.773957	-0.018142	1.220564	0.011213	0.010595	0.002617	-0.711914	0.094971	-0.581055	0.745474	-0.071689	-0.657685	-0.081112
07505		9.752157	-0.017533	1.181159	0.010535	0.016992	0.005804	-0.707520	0.100342	-0.576904	0.745595	-0.071616	-0.657575	-0.080957
07506		9.756487	-0.022191	1.214026	0.014044	0.017312	0.006600	-0.708252	0.098389	-0.583496	0.745713	-0.071626	-0.657460	-0.080799
07507		9.724896	-0.007988	1.238550	0.010617	0.016325	0.006725	-0.708496	0.095215	-0.578613	0.745857	-0.071621	-0.657315	-0.080650
07508		9.737000	-0.018502	1.236006	0.004720	0.016682	0.006378	-0.702148	0.099854	-0.579102	0.745965	-0.071610	-0.657209	-0.080530
07509		9.728724	-0.040226	1.238349	0.007387	0.012143	0.006430	-0.700684	0.091553	-0.579346	0.746071	-0.071657	-0.657099	-0.080400
07510		9.750676	-0.036368	1.248295	0.004709	0.013239	0.005053	-0.706299	0.099609	-0.580322	0.746196	-0.071543	-0.656991	-0.080228
07511		9.725964	-0.059865	1.235975	-0.001857	0.011253	0.002968	-0.701416	0.106934	-0.585449	0.746263	-0.071650	-0.656904	-0.080217
07512		9.744091	-0.090635	1.228033	-0.004434	0.005964	0.003098	-0.704590	0.098633	-0.578125	0.746337	-0.071905	-0.656788	-0.080256
07513		9.730348	-0.090236	1.231412	0.005001	0.002764	-0.002866	-0.703369	0.095703	-0.577881	0.746328	-0.071880	-0.656805	-0.080218
07514		9.732346	-0.048152	1.236565	0.004212	0.001223	-0.003914	-0.703125	0.098145	-0.581299	0.746312	-0.071795	-0.656839	-0.080167
07515		9.724509	-0.067306	1.235510	0.003423	-0.000319	-0.004962	-0.704102	0.105469	-0.572021	0.746303	-0.071753	-0.656856	-0.080148
07516		9.738292	-0.042437	1.228687	0.005467	-0.005610	-0.007604	-0.709961	0.104492	-0.584961	0.746181	-0.071844	-0.656977	-0.080209
07517		9.745224	-0.052356	1.228222	0.004028	-0.004325	-0.008414	-0.706787	0.098877	-0.584473	0.746120	-0.071906	-0.657030	-0.080288
07518		9.750291	-0.032323	1.211964	0.000895	-0.003600	-0.009969	-0.701904	0.101074	-0.579590	0.746079	-0.071872	-0.657072	-0.080354
07519		9.753270	-0.053405	1.191561	0.004990	-0.000265	-0.008362	-0.710449	0.098633	-0.582764	0.746066	-0.071847	-0.657087	-0.080376
07520		9.742609	-0.047963	1.209914	0.008734	-0.003270	-0.009602	-0.709961	0.101807	-0.581787	0.746007	-0.071749	-0.657164	-0.080384
07521		9.746712	-0.010269	1.225285	0.007769	-0.009050	-0.010315	-0.704102	0.101807	-0.586426	0.745894	-0.071723	-0.657290	-0.080425
07522		9.756719	-0.019282	1.200224	0.007112	-0.007946	-0.010738	-0.710938	0.097656	-0.585205	0.745849	-0.071689	-0.657340	-0.080466
07523		9.752984	-0.025365	1.218218	0.007162	-0.004628	-0.011044	-0.706543	0.093506	-0.575928	0.745791	-0.071589	-0.657411	-0.080502
07524		9.717245	-0.003619	1.208439	0.002701	-0.007285	-0.011238	-0.706299	0.105713	-0.573730	0.745681	-0.071452	-0.657549	-0.080519
07525		9.743675	-0.034078	1.201774	-0.001050	-0.006005	-0.010658	-0.702637	0.096924	-0.575684	0.745562	-0.071576	-0.657654	-0.080650
07526		9.733243	-0.052067	1.222123	-0.000899	-0.012516	-0.010773	-0.707520	0.093750	-0.579102	0.745427	-0.071537	-0.657805	-0.080701
07527		9.754039	-0.037888	1.213747	-0.001724	-0.011791	-0.013720	-0.712402	0.096924	-0.567139	0.745294	-0.071435	-0.657958	-0.080781
07528		9.760177	-0.031541	1.204105	-0.000273	-0.007488	-0.015115	-0.707031	0.091309	-0.580811	0.745105	-0.071375	-0.658165	-0.080894
07529		9.738082	-0.033279	1.195374	-0.001469	-0.008222	-0.013128	-0.707520	0.094482	-0.573242	0.745022	-0.071228	-0.658268	-0.080948
07530		9.760566	-0.001130	1.197067	-0.000224	-0.002447	-0.014763	-0.703369	0.095459	-0.582275	0.744940	-0.071119	-0.658361	-0.081039
07531		9.747025	0.000101	1.158807	-0.000715	-0.000967	-0.012658	-0.708740	0.092041	-0.576416	0.744944	-0.071032	-0.658357	-0.081110
07532		9.752885	-0.017832	1.155406	0.001188	0.001569	-0.010353	-0.711670	0.101807	-0.571289	0.744915	-0.070905	-0.658399	-0.081140
07533		9.747875	0.037725	1.159648	0.006264	0.001537	-0.008780	-0.708740	0.099854	-0.574219	0.744842	-0.070940	-0.658470	-0.081209
07534		9.766296	0.035755	1.186277	0.001729	0.000852	-0.005062	-0.714600	0.094727	-0.579346	0.744797	-0.071000	-0.658509	-0.081250
07535		9.748898	0.002166	1.171697	0.000532	-0.001607	-0.003731	-0.715576	0.095947	-0.581055	0.744737	-0.070996	-0.658577	-0.081260
07536		9.747021	-0.014568	1.163105	-0.000497	0.000173	-0.002736	-0.709229	0.095459	-0.579590	0.744696	-0.071030	-0.658616	-0.081283
07537		9.743135	-0.022964	1.182779	0.008787	0.000963	-0.000909	-0.703613	0.100830	-0.574951	0.744696	-0.070971	-0.658635	-0.081189
07538		9.731341	0.018938	1.189938	-0.003920	0.000895	-0.001941	-0.704102	0.094482	-0.582520	0.744680	-0.071112	-0.658631	-0.081237
07539		9.748966	-0.019145	1.175448	-0.006647	-0.003056	-0.003672	-0.708252	0.095703	-0.569824	0.744672	-0.071146	-0.658633	-0.081269
07540		9.766566	-0.009831	1.152517	-0.002482	-0.005550	-0.003115	-0.704346	0.092529	-0.574463	0.744558	-0.071190	-0.658756	-0.081282
07541		9.750162	-0.009125	1.177615	0.001152	-0.002579	-0.001688	-0.709717	0.097412	-0.581055	0.744521	-0.071138	-0.658811	-0.081213
07542		9.745344	-0.002977	1.188651	-0.003632	-0.001250	-0.000767	-0.702148	0.101562	-0.572754	0.744500	-0.071222	-0.658824	-0.081228
07543		9.757092	-0.023291	1.137439	-0.004209	-0.000821	-0.000253	-0.708252	0.100342	-0.573242	0.744470	-0.071385	-0.658837	-0.081260
07544		9.742577	-0.028926	1.175407	0.002884	-0.002142	-0.002568	-0.708008	0.096680	-0.574219	0.744409	-0.071450	-0.658899	-0.081260
07545		9.759149	-0.026108	1.189028	0.001029	-0.001779	-0.000996	-0.708252	0.096924	-0.572998	0.744361	-0.071476	-0.658954	-0.081228
07546		9.757260	-0.019324	1.176200	-0.004339	-0.003047	-0.005066	-0.717529	0.093506	-0.577393	0.744287	-0.071526	-0.659026	-0.081279
07547		9.749574	-0.015485	1.170450	-0.000250	-0.003565	-0.000599	-0.710693	0.107178	-0.575684	0.744201	-0.071527	-0.659126	-0.081250
07548		9.754425	0.004844	1.194928	-0.001568	0.000358	-0.000776	-0.706055	0.099854	-0.573486	0.744160	-0.071760	-0.659137	-0.081333
07549		9.756418	-0.027211	1.171141	-0.007220	0.002538	-0.001175	-0.709473	0.091553	-0.574463	0.744148	-0.071901	-0.659128	-0.081391
07550		9.760202	-0.018457	1.152211	-0.000368	0.002399	0.002077	-0.706055	0.093750	-0.573730	0.744140	-0.071860	-0.659153	-0.081295
07551		9.742472	0.043367	1.163109	-0.003753	0.001272	0.000586	-0.713135	0.100586	-0.576416	0.744129	-0.071873	-0.659170	-0.081249
07552		9.750231	0.039378	1.168283	-0.008287	0.000584	0.004305	-0.706299	0.098389	-0.570557	0.744089	-0.072088	-0.659187	-0.081286
07553		9.751294	-0.000664	1.180303	-0.011172	0.001005	0.006211	-0.708984	0.102051	-0.573486	0.744054	-0.072296	-0.659203	-0.081291
07554		9.742607	-0.031979	1.175081	-0.015666	0.000191	0.008302	-0.701416	0.107422	-0.576416	0.744012	-0.072622	-0.659207	-0.081350
07555		9.750298	-0.016550	1.136288	-0.015664	0.001914	0.008961	-0.706055	0.106445	-0.571777	0.744030	-0.073020	-0.659134	-0.081426
07556		9.755182	-0.048667	1.128835	-0.009105	0.000473	0.009718	-0.705566	0.103760	-0.576660	0.744000	-0.073350	-0.659130	-0.081439
07557		9.750254	-0.045405	1.140732	-0.002049	0.002717	0.010355	-0.704102	0.101562	-0.572266	0.744024	-0.073557	-0.659089	-0.081362
07558		9.741295	0.019623	1.161186	-0.010793	0.003357	0.010292	-0.709717	0.102295	-0.580566	0.744033	-0.073797	-0.659057	-0.081325
07559		9.757849	-0.054200	1.146997	-0.005720	0.001600	0.011206	-0.713135	0.100830	-0.562988	0.744048	-0.074013	-0.659023	-0.081263
07560		9.749048	-0.060058	1.178336	-0.012488	0.001078	0.008879	-0.707764	0.096680	-0.573242	0.743952	-0.074244	-0.659108	-0.081246
07561		9.757772	-0.106861	1.155234	-0.015000	0.002547	0.010027	-0.710693	0.101807	-0.569336	0.743945	-0.074417	-0.659102	-0.081195
07562		9.747046	-0.108660	1.133973	-0.009853	-0.001186	0.007031	-0.709473	0.107422	-0.574707	0.743873	-0.074615	-0.659162	-0.081180
07563		9.754754	-0.016925	1.164040	-0.012863	0.000460	0.005445	-0.708008	0.105225	-0.580078	0.743838	-0.074915	-0.659158	-0.081257
07564		9.763522	-0.036500	1.176777	-0.029039	-0.001745	0.001300	-0.706055	0.105469	-0.574951	0.743801	-0.075279	-0.659132	-0.081476
07565		9.742319	-0.107058	1.143917	-0.036556	-0.007783	-0.000868	-0.716064	0.103027	-0.578613	0.743689	-0.075696	-0.659176	-0.081761
07566		9.754211	-0.075825	1.163746	-0.036602	-0.008945	-0.004101	-0.708984	0.108887	-0.572266	0.743543	-0.076048	-0.659260	-0.082072
07567		9.751563	-0.075983	1.185319	-0.054213	-0.008120	-0.008419	-0.705811	0.108398	-0.564209	0.743381	-0.076609	-0.659313	-0.082598
07568		9.759586	-0.177339	1.122859	-0.071196	-0.002669	-0.012898	-0.708984	0.104004	-0.574219	0.743220	-0.077261	-0.659332	-0.083283
07569		9.741219	-0.075824	1.120698	-0.025791	-0.009688	-0.004749	-0.704102	0.111816	-0.574951	0.743095	-0.077474	-0.659424	-0.083474
07570		9.751167	-0.058947	1.172620	-0.025457	-0.004644	-0.006717	-0.716064	0.101318	-0.575195	0.743028	-0.077785	-0.659427	-0.083748
07571		9.752264	-0.148469	1.110382	-0.015504	0.001877	-0.001761	-0.711426	0.111328	-0.563965	0.742993	-0.077867	-0.659448	-0.083823
07572		9.759940	-0.103979	1.108500	0.008037	0.001004	-0.002884	-0.710449	0.114990	-0.571777	0.742930	-0.077890	-0.659520	-0.083794
07573		9.743344	-0.079758	1.131602	0.014023	0.003406	-0.000258	-0.710938	0.111328	-0.571045	0.742934	-0.077934	-0.659519	-0.083729
07574		9.748069	-0.084999	1.121242	0.017696	0.006240	-0.000428	-0.721436	0.108643	-0.570312	0.742963	-0.077876	-0.659510	-0.083601
07575		9.758643	-0.110820	1.107337	0.024828	0.004355	-0.000174	-0.716309	0.108398	-0.569824	0.742939	-0.077723	-0.659579	-0.083406
07576		9.737164	-0.104220	1.146013	0.030064	0.003390	-0.000911	-0.718994	0.112305	-0.569092	0.742931	-0.077509	-0.659644	-0.083161
07577		9.759304	-0.024713	1.183120	0.022185	0.003623	-0.003858	-0.704834	0.110107	-0.567871	0.742896	-0.077421	-0.659707	-0.083056
07578		9.760182	-0.040187	1.151829	-0.002848	0.004603	-0.006748	-0.702637	0.105469	-0.568115	0.742896	-0.077486	-0.659690	-0.083132
07579		9.756279	-0.075799	1.095224	-0.004954	0.001404	-0.005796	-0.717285	0.109131	-0.581543	0.742883	-0.077495	-0.659701	-0.083157
07580		9.753318	-0.051302	1.115434	0.001932	-0.000604	-0.004817	-0.708008	0.100830	-0.568115	0.742857	-0.077547	-0.659716	-0.083212
07581		9.755189	-0.030662	1.164542	-0.004744	0.003368	-0.004225	-0.707031	0.108398	-0.570801	0.742847	-0.077488	-0.659739	-0.083183
07582		9.750337	-0.097046	1.147986	-0.012866	0.006909	-0.005110	-0.708496	0.103516	-0.573242	0.742864	-0.077630	-0.659686	-0.083320
07583		9.767633	-0.087141	1.127796	-0.011011	0.006549	-0.006679	-0.706543	0.109619	-0.567139	0.742888	-0.077656	-0.659644	-0.083406
07584		9.754928	-0.102733	1.099004	-0.007012	0.003241	-0.004468	-0.702148	0.106445	-0.575439	0.742865	-0.077769	-0.659646	-0.083491
07585		9.769308	-0.043406	1.134322	-0.017905	-0.000035	-0.011009	-0.709473	0.104492	-0.576904	0.742855	-0.077868	-0.659621	-0.083680
07586		9.770377	-0.082258	1.105962	-0.026560	0.003379	-0.008833	-0.705322	0.105957	-0.572998	0.742848	-0.078035	-0.659580	-0.083922
07587		9.753784	-0.082701	1.092743	-0.017530	0.004457	-0.010428	-0.712891	0.110352	-0.565918	0.742854	-0.078118	-0.659540	-0.084103
07588		9.761229	-0.034822	1.132158	-0.008827	0.007364	-0.007375	-0.710693	0.106934	-0.573242	0.742830	-0.078233	-0.659533	-0.084256
07589		9.732943	-0.065452	1.137981	-0.019669	0.008249	-0.005183	-0.711670	0.109619	-0.576416	0.742850	-0.078396	-0.659469	-0.084432
07590		9.749488	-0.135516	1.124765	-0.003670	0.010075	-0.003508	-0.714355	0.114014	-0.571533	0.742910	-0.078463	-0.659386	-0.084490
07591		9.765796	-0.134132	1.100978	0.008534	0.008582	-0.005822	-0.713379	0.115723	-0.573242	0.742930	-0.078478	-0.659357	-0.084520
07592		9.746098	-0.133004	1.152658	0.014430	0.006513	-0.006129	-0.708984	0.112793	-0.564209	0.742948	-0.078465	-0.659340	-0.084516
07593		9.734029	-0.089079	1.162198	0.008038	0.010934	-0.012080	-0.708984	0.108154	-0.565918	0.742971	-0.078401	-0.659314	-0.084576
07594		9.752182	-0.068366	1.147208	0.006761	0.009149	-0.011700	-0.710693	0.103516	-0.571533	0.742989	-0.078278	-0.659305	-0.084595
07595		9.747205	-0.085314	1.124600	0.015378	0.011022	-0.010242	-0.708008	0.106934	-0.570312	0.743054	-0.078014	-0.659276	-0.084493
07596		9.731343	-0.097480	1.161371	0.024903	0.011920	-0.009090	-0.713379	0.110840	-0.574707	0.743137	-0.077732	-0.659236	-0.084337
07597		9.752277	-0.074326	1.163499	0.027543	0.013105	-0.009605	-0.714355	0.106201	-0.571045	0.743225	-0.077503	-0.659178	-0.084230
07598		9.755836	-0.062078	1.147091	0.032617	0.011350	-0.008683	-0.705322	0.112305	-0.573486	0.743287	-0.077165	-0.659173	-0.084026
07599		9.760173	-0.039044	1.175019	0.031257	0.011965	-0.008574	-0.706299	0.111328	-0.567139	0.743389	-0.076940	-0.659102	-0.083882
07600		9.735606	-0.035205	1.158803	0.022392	0.011681	-0.008649	-0.707520	0.111572	-0.570312	0.743450	-0.076787	-0.659062	-0.083804
07601		9.747261	-0.073660	1.154145	0.022067	0.008796	-0.010196	-0.712402	0.102539	-0.570068	0.743492	-0.076641	-0.659038	-0.083753
07602		9.747026	-0.070482	1.156323	0.023099	0.008744	-0.010534	-0.711670	0.104004	-0.572998	0.743525	-0.076333	-0.659056	-0.083604
07603		9.751610	-0.049567	1.143182	0.023965	0.007892	-0.009215	-0.715820	0.100342	-0.578613	0.743564	-0.076066	-0.659061	-0.083462
07604		9.750351	-0.053143	1.180676	0.023929	0.004576	-0.008921	-0.718018	0.103027	-0.571045	0.743586	-0.075760	-0.659092	-0.083295
07605		9.764797	-0.020624	1.139787	0.022980	0.003958	-0.007661	-0.713379	0.105713	-0.575195	0.743562	-0.075526	-0.659164	-0.083158
07606		9.753901	-0.015208	1.159409	0.022858	0.003039	-0.007636	-0.710449	0.107422	-0.573975	0.743560	-0.075343	-0.659200	-0.083048
07607		9.751856	-0.006806	1.148175	0.022028	0.005067	-0.005744	-0.707764	0.103027	-0.577881	0.743580	-0.075212	-0.659206	-0.082944
07608		9.741193	-0.049008	1.175989	0.015840	0.007547	-0.007285	-0.714111	0.098633	-0.571533	0.743641	-0.075052	-0.659166	-0.082857
07609		9.744909	-0.037888	1.158249	0.016705	0.006695	-0.005962	-0.707764	0.107422	-0.574951	0.743654	-0.074827	-0.659195	-0.082710
07610		9.750512	-0.033122	1.153101	0.015131	0.010499	-0.005428	-0.709961	0.101318	-0.573975	0.743724	-0.074766	-0.659129	-0.082667
07611		9.743543	-0.043070	1.158242	0.021777	0.006678	-0.004374	-0.710693	0.111084	-0.571533	0.743763	-0.074557	-0.659130	-0.082492
07612		9.749815	-0.027412	1.197130	0.018351	0.007394	-0.003594	-0.713135	0.104980	-0.579346	0.743783	-0.074555	-0.659113	-0.082455
07613		9.753518	-0.016680	1.179505	0.018315	0.007945	-0.006162	-0.708252	0.106445	-0.573242	0.743831	-0.074443	-0.659079	-0.082393
07614		9.755475	-0.023594	1.153490	0.011420	0.007774	-0.003625	-0.714355	0.095703	-0.583008	0.743866	-0.074429	-0.659046	-0.082358
07615		9.749264	-0.001659	1.158487	0.008003	0.005040	-0.004157	-0.720459	0.099854	-0.575195	0.743899	-0.074294	-0.659034	-0.082271
07616		9.735127	-0.080073	1.169557	0.013725	0.007370	-0.000825	-0.713623	0.098145	-0.577881	0.743907	-0.074193	-0.659052	-0.082150
07617		9.743238	-0.026292	1.172539	0.009367	0.004436	-0.004279	-0.708496	0.100098	-0.577393	0.743917	-0.074079	-0.659064	-0.082067
07618		9.761461	-0.028567	1.199822	0.005619	0.002251	-0.005022	-0.712402	0.101074	-0.576172	0.743919	-0.074022	-0.659073	-0.082029
07619		9.747768	-0.026746	1.202690	0.004302	0.002729	-0.006531	-0.708496	0.102051	-0.577881	0.743903	-0.073984	-0.659094	-0.082035
07620		9.755352	0.016189	1.160719	-0.003917	0.004754	-0.004840	-0.713379	0.107178	-0.577881	0.743917	-0.074049	-0.659063	-0.082100
07621		9.762804	-0.044564	1.130147	-0.000332	0.004420	-0.003094	-0.708496	0.106201	-0.578125	0.743911	-0.074181	-0.659044	-0.082187
07622		9.744277	-0.061395	1.148605	0.005980	0.002879	-0.001586	-0.705322	0.102539	-0.580322	0.743919	-0.074246	-0.659028	-0.082184
07623		9.741972	-0.052010	1.177274	0.000376	0.003193	-0.004297	-0.709961	0.102783	-0.572754	0.743942	-0.074287	-0.658994	-0.082215
07624		9.759606	-0.066070	1.160451	-0.000790	0.005771	-0.002617	-0.716309	0.097900	-0.573975	0.743945	-0.074337	-0.658983	-0.082228
07625		9.750637	-0.047149	1.148693	0.005736	0.004902	-0.004400	-0.710938	0.098877	-0.574463	0.743933	-0.074246	-0.659014	-0.082168
07626		9.762754	-0.029066	1.179700	0.006803	0.004301	-0.002167	-0.705078	0.097412	-0.575439	0.743938	-0.074177	-0.659027	-0.082080
07627		9.739310	-0.018781	1.165896	-0.001776	0.005698	-0.003915	-0.705078	0.096924	-0.583008	0.743969	-0.074145	-0.658999	-0.082053
07628		9.750436	-0.067982	1.156058	-0.004038	0.003829	-0.004811	-0.711426	0.100830	-0.574707	0.744008	-0.074134	-0.658955	-0.082063
07629		9.747922	-0.034753	1.180734	-0.002134	0.001202	-0.004469	-0.711426	0.099365	-0.577881	0.743974	-0.074165	-0.658987	-0.082092
07630		9.758385	-0.033998	1.202765	-0.005476	0.003383	-0.006287	-0.702148	0.103271	-0.576660	0.743965	-0.074192	-0.658986	-0.082157
07631		9.752796	-0.038337	1.170457	-0.010882	0.001800	-0.004558	-0.705811	0.097168	-0.579346	0.743963	-0.074326	-0.658959	-0.082259
07632		9.755312	-0.010922	1.183367	-0.018293	0.000619	-0.007992	-0.712158	0.100586	-0.580566	0.743944	-0.074418	-0.658952	-0.082404
07633		9.743114	-0.026624	1.153317	-0.018204	-0.001777	-0.007715	-0.711182	0.109619	-0.580811	0.743887	-0.074572	-0.658976	-0.082595
07634		9.754826	-0.019574	1.138871	-0.009147	0.002248	-0.005440	-0.712891	0.099854	-0.573486	0.743871	-0.074778	-0.658949	-0.082773
07635		9.769437	-0.033877	1.145378	-0.016004	0.003666	-0.003878	-0.707764	0.100342	-0.579346	0.743838	-0.074916	-0.658954	-0.082899
07636		9.755910	-0.056945	1.152497	-0.016261	0.005267	-0.002498	-0.705566	0.103271	-0.578125	0.743857	-0.075068	-0.658901	-0.083011
07637		9.741540	-0.088574	1.155414	-0.009154	0.003976	-0.004787	-0.707275	0.107178	-0.576904	0.743870	-0.075168	-0.658863	-0.083100
07638		9.750904	-0.073285	1.169650	0.001490	0.002473	-0.003690	-0.720947	0.106689	-0.569580	0.743870	-0.075231	-0.658854	-0.083126
07639		9.759451	-0.066665	1.179437	0.002071	0.002047	-0.004202	-0.710205	0.102051	-0.573975	0.743796	-0.075293	-0.658924	-0.083176
07640		9.737381	-0.094443	1.176887	0.001659	0.003274	-0.005354	-0.713379	0.093994	-0.573242	0.743785	-0.075271	-0.658938	-0.083174
07641		9.747914	-0.072175	1.155459	0.004667	0.005517	-0.006628	-0.713379	0.106934	-0.571289	0.743788	-0.075103	-0.658964	-0.083095
07642		9.735284	-0.084954	1.166469	0.007945	0.000563	-0.007063	-0.701904	0.106689	-0.572998	0.743736	-0.075085	-0.659023	-0.083111
07643		9.757244	-0.053555	1.170024	0.014633	0.002225	-0.009845	-0.708252	0.100586	-0.572510	0.743745	-0.074961	-0.659034	-0.083063
07644		9.751315	-0.053576	1.177983	0.013188	0.003505	-0.010669	-0.715088	0.095459	-0.573975	0.743744	-0.074770	-0.659064	-0.082998
07645		9.738209	-0.017890	1.181138	0.007758	0.000744	-0.012172	-0.704590	0.101074	-0.577637	0.743701	-0.074567	-0.659140	-0.082966
07646		9.745487	-0.029176	1.142247	0.001519	0.003329	-0.012096	-0.712402	0.106934	-0.574219	0.743716	-0.074484	-0.659127	-0.083011
07647		9.751787	-0.070154	1.143596	0.008288	0.004321	-0.013943	-0.707764	0.099854	-0.567627	0.743701	-0.074418	-0.659140	-0.083100
07648		9.744353	-0.052534	1.183890	0.012487	0.003016	-0.010132	-0.709229	0.098877	-0.575439	0.743681	-0.074239	-0.659191	-0.083034
07649		9.740148	-0.013393	1.156435	0.013655	0.004318	-0.014704	-0.712158	0.098633	-0.575928	0.743691	-0.074007	-0.659209	-0.083003
07650		9.751741	-0.004070	1.143010	0.006958	0.004374	-0.011263	-0.707520	0.103760	-0.581543	0.743691	-0.073873	-0.659224	-0.083006
07651		9.753538	-0.007053	1.156283	0.008573	0.003900	-0.012108	-0.710693	0.097412	-0.575928	0.743718	-0.073780	-0.659200	-0.083037
07652		9.763219	0.007812	1.130540	0.012026	0.004374	-0.009665	-0.711670	0.098877	-0.573242	0.743730	-0.073599	-0.659216	-0.082972
07653		9.755663	0.024497	1.171304	0.006719	0.007149	-0.006658	-0.715820	0.104248	-0.568359	0.743748	-0.073515	-0.659207	-0.082946
07654		9.754124	-0.015103	1.168804	0.006327	0.009549	-0.004587	-0.710449	0.106445	-0.580078	0.743753	-0.073534	-0.659196	-0.082975
07655		9.762471	-0.008156	1.179912	0.005850	0.005850	-0.004446	-0.708252	0.091553	-0.577148	0.743783	-0.073579	-0.659153	-0.083004
07656		9.730246	-0.059172	1.160622	0.000200	0.006275	-0.005539	-0.710205	0.096680	-0.572266	0.743819	-0.073464	-0.659134	-0.082941
07657		9.742928	-0.066419	1.155597	0.003230	0.005077	-0.008132	-0.707520	0.095703	-0.581543	0.743817	-0.073374	-0.659147	-0.082932
07658		9.743293	-0.031806	1.156918	0.006092	0.003079	-0.009059	-0.706299	0.106201	-0.579102	0.743842	-0.073232	-0.659141	-0.082884
07659		9.756043	-0.038299	1.151351	0.009061	0.003731	-0.009366	-0.714111	0.102783	-0.570801	0.743861	-0.073195	-0.659120	-0.082909
07660		9.745014	-0.032846	1.170916	0.013928	0.003486	-0.008670	-0.711426	0.101318	-0.572266	0.743833	-0.073098	-0.659165	-0.082890
07661		9.764061	-0.003904	1.158541	0.015081	0.004363	-0.009042	-0.702881	0.099365	-0.572510	0.743828	-0.072963	-0.659192	-0.082844
07662		9.755401	-0.006980	1.150201	0.015294	0.002891	-0.008793	-0.707031	0.096924	-0.576172	0.743839	-0.072790	-0.659210	-0.082749
07663		9.751353	-0.013384	1.170572	0.016647	0.004020	-0.008260	-0.711914	0.093750	-0.577393	0.743863	-0.072587	-0.659220	-0.082631
07664		9.751578	-0.034294	1.175587	0.012733	0.004890	-0.010235	-0.708496	0.104004	-0.576172	0.743879	-0.072375	-0.659235	-0.082552
07665		9.738205	-0.054780	1.182618	0.014896	0.002395	-0.010614	-0.714844	0.093506	-0.569092	0.743874	-0.072273	-0.659253	-0.082545
07666		9.751021	-0.060323	1.176773	0.017597	0.001751	-0.013429	-0.715088	0.104492	-0.578125	0.743829	-0.072006	-0.659343	-0.082468
07667		9.743239	0.002805	1.168422	0.015632	0.001597	-0.016034	-0.716064	0.095215	-0.576172	0.743798	-0.071881	-0.659382	-0.082535
07668		9.753763	0.027760	1.146149	0.014148	0.001272	-0.015884	-0.708008	0.098633	-0.577393	0.743762	-0.071658	-0.659448	-0.082532
07669		9.761096	0.052283	1.147563	0.008979	0.001512	-0.014220	-0.718262	0.097656	-0.575684	0.743750	-0.071529	-0.659471	-0.082567
07670		9.751694	0.041091	1.134930	0.011498	0.004700	-0.010830	-0.721191	0.101807	-0.572266	0.743735	-0.071413	-0.659500	-0.082578
07671		9.739846	0.038065	1.150454	0.012364	0.003855	-0.009494	-0.701904	0.092285	-0.580811	0.743691	-0.071361	-0.659549	-0.082617
07672		9.762253	0.022730	1.162811	0.007266	0.007290	-0.009793	-0.704590	0.095947	-0.574707	0.743764	-0.071199	-0.659491	-0.082564
07673		9.753172	-0.012991	1.155196	0.009032	0.007199	-0.008100	-0.709473	0.098633	-0.571533	0.743808	-0.071085	-0.659459	-0.082521
07674		9.750698	0.018670	1.140072	0.008195	0.002447	-0.007179	-0.710449	0.099854	-0.577148	0.743786	-0.071037	-0.659490	-0.082512
07675		9.742380	0.026889	1.175264	0.006596	-0.001714	-0.010867	-0.711670	0.091064	-0.572510	0.743739	-0.070998	-0.659542	-0.082565
07676		9.746794	0.014971	1.159259	0.001027	-0.001986	-0.011011	-0.714111	0.095215	-0.576172	0.743673	-0.070898	-0.659625	-0.082581
07677		9.756492	0.008622	1.176617	0.005779	0.001912	-0.009963	-0.706787	0.101807	-0.571777	0.743646	-0.070821	-0.659660	-0.082603
07678		9.734994	0.014584	1.174398	0.003797	0.003477	-0.011916	-0.715332	0.088867	-0.572021	0.743631	-0.070816	-0.659665	-0.082704
07679		9.754663	0.052664	1.165989	-0.000088	0.003787	-0.011309	-0.716064	0.100098	-0.572510	0.743602	-0.070700	-0.659707	-0.082726
07680		9.751859	0.052305	1.150633	-0.000608	0.005263	-0.009202	-0.717041	0.091309	-0.579834	0.743577	-0.070755	-0.659713	-0.082853
07681		9.751420	0.022092	1.151801	0.000626	0.005470	-0.008631	-0.707764	0.093018	-0.575439	0.743583	-0.070695	-0.659709	-0.082883
07682		9.753168	0.017881	1.165562	0.002455	0.006434	-0.005338	-0.706055	0.090332	-0.574219	0.743614	-0.070648	-0.659683	-0.082859
07683		9.749615	0.007784	1.146391	0.002391	0.005382	-0.006936	-0.714111	0.087402	-0.575684	0.743637	-0.070552	-0.659672	-0.082817
07684		9.746956	0.018504	1.175701	-0.000040	0.006568	-0.009068	-0.704590	0.093506	-0.577393	0.743649	-0.070440	-0.659672	-0.082811
07685		9.751913	0.014664	1.165759	0.003426	0.005338	-0.007271	-0.704834	0.094971	-0.571777	0.743684	-0.070371	-0.659642	-0.082791
07686		9.757127	0.043265	1.155852	0.003145	0.005760	-0.009126	-0.709473	0.094971	-0.571289	0.743700	-0.070313	-0.659628	-0.082811
07687		9.760846	-0.034257	1.141961	0.005771	0.009881	-0.005774	-0.707764	0.094727	-0.572021	0.743740	-0.070265	-0.659589	-0.082798
07688		9.746444	-0.008726	1.142522	0.026697	0.009874	-0.005733	-0.704346	0.098877	-0.581055	0.743805	-0.070018	-0.659566	-0.082605
07689		9.743702	0.101947	1.213333	0.014057	0.010707	-0.005221	-0.709473	0.091309	-0.569824	0.743901	-0.069934	-0.659475	-0.082540
07690		9.745723	0.062472	1.187554	-0.000676	0.007116	-0.006931	-0.715088	0.089111	-0.572754	0.743908	-0.069902	-0.659469	-0.082558
07691		9.751801	0.031597	1.141564	-0.000179	0.005221	-0.004819	-0.707275	0.092773	-0.576904	0.743896	-0.069867	-0.659488	-0.082544
07692		9.755474	0.021023	1.167443	0.003708	0.004919	-0.005426	-0.714355	0.092529	-0.578857	0.743917	-0.069818	-0.659473	-0.082514
07693		9.748774	0.010784	1.171584	-0.002956	0.003626	-0.006833	-0.707764	0.091553	-0.574219	0.743906	-0.069832	-0.659477	-0.082568
07694		9.747260	-0.005137	1.164174	0.003198	0.003488	-0.007200	-0.711670	0.088623	-0.578369	0.743903	-0.069764	-0.659489	-0.082551
07695		9.732324	0.011667	1.158861	0.009236	0.002425	-0.007527	-0.712646	0.091553	-0.569580	0.743902	-0.069606	-0.659519	-0.082462
07696		9.746780	0.054969	1.161536	0.005403	0.002600	-0.008559	-0.712891	0.093750	-0.573975	0.743863	-0.069531	-0.659570	-0.082466
07697		9.754470	0.053928	1.167261	-0.002037	0.002654	-0.007130	-0.710205	0.087402	-0.580566	0.743833	-0.069560	-0.659593	-0.082534
07698		9.749682	0.026322	1.139077	0.003532	0.002942	-0.006985	-0.711914	0.095459	-0.576904	0.743844	-0.069439	-0.659601	-0.082468
07699		9.748505	0.042900	1.130486	0.002631	-0.006198	-0.007306	-0.710938	0.093750	-0.570557	0.743755	-0.069446	-0.659697	-0.082500
07700		9.745368	0.044796	1.153098	0.001860	-0.002701	-0.008045	-0.707520	0.092041	-0.573242	0.743678	-0.069440	-0.659779	-0.082542
07701		9.750566	0.040506	1.141433	0.005146	0.000330	-0.004257	-0.697998	0.095703	-0.572998	0.743653	-0.069396	-0.659818	-0.082489
07702		9.760222	0.032943	1.159148	-0.002739	0.002149	-0.006579	-0.709473	0.093994	-0.573242	0.743658	-0.069431	-0.659803	-0.082535
07703		9.747032	0.010919	1.166043	0.000875	0.003452	-0.005808	-0.709717	0.094971	-0.580566	0.743647	-0.069441	-0.659811	-0.082561
07704		9.758106	0.042073	1.148393	0.001630	0.003830	-0.007999	-0.709229	0.096436	-0.578613	0.743660	-0.069423	-0.659794	-0.082597
07705		9.768387	0.043531	1.170753	-0.000078	0.002822	-0.004526	-0.711426	0.095459	-0.577148	0.743660	-0.069473	-0.659784	-0.082633
07706		9.759982	0.071164	1.162204	-0.002010	0.002107	-0.004547	-0.709961	0.085449	-0.574951	0.743643	-0.069535	-0.659791	-0.082682
07707		9.746123	0.039828	1.164914	-0.002930	0.003077	-0.004254	-0.704590	0.094238	-0.575439	0.743638	-0.069484	-0.659807	-0.082635
07708		9.736903	0.037619	1.196588	-0.001167	0.002992	-0.002554	-0.706787	0.086914	-0.570312	0.743646	-0.069526	-0.659795	-0.082629
07709		9.751683	0.011930	1.159018	-0.005646	0.002531	-0.004673	-0.710205	0.097168	-0.574707	0.743627	-0.069517	-0.659818	-0.082622
07710		9.748334	0.012982	1.183383	0.003224	0.002948	-0.004621	-0.706055	0.091797	-0.572510	0.743616	-0.069550	-0.659824	-0.082647
07711		9.743898	0.049742	1.155021	-0.000366	-0.000084	-0.006042	-0.716309	0.098877	-0.579346	0.743584	-0.069537	-0.659861	-0.082649
07712		9.740131	0.062689	1.129744	-0.002729	-0.005054	-0.003312	-0.713135	0.085938	-0.577881	0.743501	-0.069666	-0.659932	-0.082725
07713		9.752506	0.057673	1.162890	0.001534	-0.000969	-0.005031	-0.706543	0.099121	-0.583496	0.743468	-0.069575	-0.659988	-0.082649
07714		9.745257	0.037874	1.162111	-0.000188	0.003076	-0.001250	-0.715820	0.094971	-0.572754	0.743497	-0.069657	-0.659946	-0.082654
07715		9.745159	0.038273	1.162914	0.004597	0.003538	-0.001501	-0.704590	0.089355	-0.575684	0.743477	-0.069687	-0.659968	-0.082631
07716		9.739193	0.035571	1.171008	0.001240	0.003539	0.000232	-0.715820	0.099121	-0.576904	0.743501	-0.069665	-0.659956	-0.082528
07717		9.749469	0.023910	1.149109	-0.006091	0.003330	-0.001616	-0.710938	0.092041	-0.570312	0.743480	-0.069832	-0.659950	-0.082625
07718		9.742780	0.012595	1.153478	-0.003311	0.007080	-0.003180	-0.710205	0.088135	-0.570801	0.743489	-0.069874	-0.659932	-0.082645
07719		9.758086	0.007103	1.165788	0.004559	0.010323	-0.000547	-0.717773	0.092285	-0.567871	0.743542	-0.069811	-0.659894	-0.082537
07720		9.746709	0.010164	1.187005	0.003386	0.011166	0.000475	-0.712646	0.093018	-0.571045	0.743567	-0.069841	-0.659867	-0.082500
07721		9.743924	0.039703	1.173170	0.003858	0.009819	0.000004	-0.717041	0.093262	-0.576660	0.743604	-0.069854	-0.659830	-0.082447
07722		9.761211	0.048456	1.154210	0.001879	0.012559	0.001275	-0.705811	0.092041	-0.571289	0.743669	-0.069892	-0.659758	-0.082403
07723		9.754927	0.045156	1.164914	0.002867	0.015974	0.002234	-0.713379	0.094238	-0.571289	0.743778	-0.069898	-0.659647	-0.082313
07724		9.747191	0.023832	1.168282	0.005731	0.020233	0.004851	-0.705078	0.095459	-0.579834	0.743903	-0.069938	-0.659512	-0.082224
07725		9.730423	0.019895	1.158668	0.009000	0.018760	0.005748	-0.710938	0.092529	-0.575195	0.744067	-0.069933	-0.659347	-0.082069
07726		9.746876	0.030647	1.180601	0.004080	0.009529	0.003493	-0.709717	0.094971	-0.577881	0.744118	-0.069953	-0.659300	-0.081962
07727		9.745969	0.021224	1.178481	0.007291	0.006999	0.002799	-0.714355	0.095215	-0.572510	0.744160	-0.069959	-0.659266	-0.081850
07728		9.739747	-0.014542	1.187423	0.006958	0.007548	0.002577	-0.711914	0.091064	-0.575195	0.744177	-0.069992	-0.659254	-0.081769
07729		9.747268	-0.018025	1.194505	0.009086	0.008518	0.003506	-0.712402	0.088135	-0.576660	0.744222	-0.069948	-0.659228	-0.081605
07730		9.741881	0.020056	1.208205	0.005796	0.010542	0.000012	-0.703613	0.089600	-0.578125	0.744283	-0.069866	-0.659185	-0.081469
07731		9.751532	0.031892	1.183594	0.004750	0.007254	0.000693	-0.709961	0.089844	-0.569824	0.744342	-0.069799	-0.659143	-0.081322
07732		9.743614	0.034736	1.179790	-0.000830	0.003628	0.000890	-0.711670	0.097412	-0.574219	0.744323	-0.069833	-0.659168	-0.081264
07733		9.750067	0.046190	1.177570	-0.004132	0.003502	0.000979	-0.701416	0.096436	-0.575928	0.744304	-0.069980	-0.659170	-0.081303
07734		9.740884	0.030885	1.165042	-0.000360	0.003461	0.003656	-0.712891	0.097168	-0.578125	0.744323	-0.070070	-0.659146	-0.081239
07735		9.763521	0.044347	1.177204	-0.001454	0.003632	0.005625	-0.710449	0.095215	-0.582764	0.744322	-0.070212	-0.659138	-0.081195
07736		9.752300	0.045594	1.196566	-0.010832	0.002962	0.007019	-0.704834	0.091553	-0.571289	0.744331	-0.070407	-0.659110	-0.081171
07737		9.740580	0.026137	1.167692	-0.020528	0.004991	0.004606	-0.714844	0.091064	-0.579590	0.744327	-0.070644	-0.659081	-0.081229
07738		9.758360	-0.055193	1.151282	-0.009899	0.005324	0.006376	-0.714111	0.084961	-0.578369	0.744338	-0.070781	-0.659061	-0.081173
07739		9.754296	-0.033158	1.172216	0.003115	0.005568	0.005121	-0.700684	0.099121	-0.572998	0.744365	-0.070714	-0.659065	-0.080956
07740		9.734715	-0.004847	1.183017	-0.000072	0.006372	0.005164	-0.714355	0.099121	-0.570557	0.744401	-0.070832	-0.659018	-0.080898
07741		9.748663	-0.029544	1.186781	-0.003866	0.008147	0.003128	-0.705566	0.098633	-0.574463	0.744404	-0.071009	-0.658991	-0.080944
07742		9.745946	-0.033255	1.171984	0.005440	0.005608	0.003728	-0.712402	0.103760	-0.579102	0.744430	-0.071060	-0.658967	-0.080852
07743		9.753679	-0.004639	1.178643	0.006337	0.006367	0.004082	-0.709961	0.097656	-0.584473	0.744456	-0.071164	-0.658932	-0.080806
07744		9.748253	0.000479	1.191512	0.001023	0.006203	0.003192	-0.714355	0.098633	-0.570312	0.744502	-0.071214	-0.658885	-0.080721
07745		9.744920	-0.012060	1.172217	0.002022	0.004557	0.003855	-0.714111	0.101807	-0.575439	0.744481	-0.071326	-0.658901	-0.080688
07746		9.761452	-0.033883	1.191700	-0.000419	0.003591	0.005289	-0.706787	0.103516	-0.577148	0.744465	-0.071492	-0.658902	-0.080675
07747		9.736179	0.024031	1.209453	-0.002278	0.006081	0.003276	-0.709717	0.099365	-0.575928	0.744489	-0.071655	-0.658856	-0.080693
07748		9.744455	-0.015172	1.176042	-0.013965	0.007529	0.002468	-0.710449	0.102051	-0.575684	0.744505	-0.071874	-0.658803	-0.080776
07749		9.744077	-0.048869	1.177566	-0.003296	0.005578	0.006193	-0.709717	0.098145	-0.581055	0.744515	-0.072056	-0.658774	-0.080764
07750		9.737338	-0.061806	1.181834	0.000792	0.004347	0.003278	-0.711182	0.096436	-0.575684	0.744535	-0.072116	-0.658754	-0.080686
07751		9.739149	0.007919	1.239628	-0.007824	0.004064	0.002469	-0.705078	0.098145	-0.582275	0.744527	-0.072239	-0.658750	-0.080677
07752		9.758891	-0.001713	1.186861	-0.018234	0.002265	0.000946	-0.703369	0.096680	-0.571533	0.744526	-0.072443	-0.658719	-0.080759
07753		9.719510	-0.040659	1.205561	-0.021768	0.000290	0.001110	-0.709229	0.105713	-0.584473	0.744481	-0.072680	-0.658732	-0.080863
07754		9.742712	-0.006382	1.172675	-0.015007	-0.000817	0.002843	-0.710205	0.103516	-0.569580	0.744450	-0.072952	-0.658722	-0.080973
07755		9.753219	-0.063428	1.198231	-0.016532	0.001129	0.001049	-0.702881	0.101807	-0.569336	0.744390	-0.073224	-0.658742	-0.081118
07756		9.759584	-0.084663	1.195271	-0.008559	0.000777	0.000778	-0.710205	0.096436	-0.574463	0.744353	-0.073382	-0.658761	-0.081160
07757		9.750153	-0.043588	1.178500	-0.015868	0.003917	-0.001447	-0.702148	0.104980	-0.572998	0.744335	-0.073521	-0.658757	-0.081228
07758		9.744209	-0.090674	1.142035	-0.009890	0.002976	-0.000109	-0.711914	0.097412	-0.576172	0.744325	-0.073707	-0.658738	-0.081315
07759		9.756169	-0.052617	1.128454	0.002692	0.002272	0.001074	-0.695312	0.112793	-0.581055	0.744314	-0.073701	-0.658764	-0.081210
07760		9.753029	-0.032583	1.201444	0.002337	0.004552	0.001497	-0.708984	0.095459	-0.571289	0.744362	-0.073849	-0.658690	-0.081240
07761		9.754917	-0.050555	1.171146	-0.004273	0.009378	0.001952	-0.706787	0.106934	-0.581055	0.744399	-0.073883	-0.658653	-0.081166
07762		9.740802	-0.083225	1.175151	-0.005558	0.008117	-0.000222	-0.706055	0.107666	-0.574707	0.744444	-0.074031	-0.658577	-0.081233
07763		9.753095	-0.068639	1.166825	-0.003409	0.007352	0.000070	-0.714844	0.104492	-0.577148	0.744469	-0.074177	-0.658525	-0.081293
07764		9.755983	-0.057134	1.189584	0.004851	0.009908	0.001316	-0.713135	0.098389	-0.577637	0.744512	-0.074223	-0.658477	-0.081248
07765		9.756382	-0.048223	1.195944	0.004935	0.008052	-0.000965	-0.713135	0.103271	-0.580078	0.744547	-0.074174	-0.658454	-0.081151
07766		9.734058	-0.053350	1.190872	-0.003718	0.010059	-0.003734	-0.711914	0.102783	-0.578125	0.744591	-0.074237	-0.658391	-0.081205
07767		9.747215	-0.084933	1.191254	-0.007429	0.011166	-0.004830	-0.708008	0.103271	-0.563965	0.744637	-0.074319	-0.658319	-0.081295
07768		9.745566	-0.013355	1.181239	-0.008830	0.005090	-0.004028	-0.701172	0.098389	-0.573242	0.744602	-0.074440	-0.658332	-0.081393
07769		9.739023	0.008024	1.185550	-0.011992	0.004170	-0.004641	-0.710205	0.102783	-0.573730	0.744602	-0.074507	-0.658318	-0.081444
07770		9.735406	0.008197	1.210330	-0.023914	0.004956	-0.002170	-0.706055	0.100342	-0.578369	0.744577	-0.074768	-0.658294	-0.081637
07771		9.730688	-0.053527	1.181974	-0.031134	0.002362	-0.003762	-0.714844	0.104248	-0.569824	0.744546	-0.075040	-0.658271	-0.081855
07772		9.745159	-0.100985	1.189049	-0.033801	0.007946	-0.002313	-0.704346	0.105225	-0.574219	0.744514	-0.075410	-0.658227	-0.082156
07773		9.752179	-0.156955	1.147518	-0.021654	0.010198	-0.001635	-0.703125	0.103760	-0.569092	0.744548	-0.075652	-0.658139	-0.082332
07774		9.750098	-0.074375	1.182219	0.004354	0.007304	-0.003672	-0.707275	0.109375	-0.571533	0.744571	-0.075623	-0.658121	-0.082293
07775		9.746813	-0.097413	1.212023	-0.001848	0.010907	-0.002061	-0.704102	0.109863	-0.573975	0.744611	-0.075732	-0.658053	-0.082365
07776		9.743008	-0.096639	1.238141	0.006914	0.009203	-0.005136	-0.697754	0.116699	-0.567871	0.744656	-0.075734	-0.658000	-0.082389
07777		9.743037	-0.018801	1.192487	0.005712	0.007885	-0.000546	-0.709229	0.110107	-0.580078	0.744684	-0.075872	-0.657943	-0.082461
07778		9.725097	-0.103376	1.170891	0.016089	0.006890	-0.001221	-0.713135	0.108154	-0.576416	0.744725	-0.075828	-0.657912	-0.082379
07779		9.748459	-0.058909	1.236582	0.021564	0.004515	-0.001641	-0.706543	0.104736	-0.575684	0.744735	-0.075712	-0.657932	-0.082233
07780		9.767428	-0.031399	1.224773	0.013964	0.005930	-0.002171	-0.711426	0.105225	-0.580566	0.744765	-0.075614	-0.657926	-0.082108
07781		9.737487	-0.033162	1.213798	-0.001659	0.006644	-0.004048	-0.697266	0.103271	-0.570312	0.744784	-0.075660	-0.657894	-0.082147
07782		9.753245	-0.061844	1.229449	-0.000074	0.004570	-0.003888	-0.712402	0.108398	-0.576416	0.744796	-0.075653	-0.657885	-0.082120
07783		9.744109	-0.075361	1.217026	-0.005128	0.004542	-0.005532	-0.709717	0.114990	-0.576660	0.744777	-0.075758	-0.657879	-0.082236
07784		9.741583	-0.076569	1.201544	-0.005448	0.003917	-0.008987	-0.711182	0.106445	-0.579590	0.744750	-0.075920	-0.657862	-0.082467
07785		9.755786	-0.065971	1.204675	-0.003695	0.003826	-0.007274	-0.708008	0.101318	-0.581787	0.744738	-0.075973	-0.657858	-0.082563
07786		9.766889	-0.067027	1.187557	-0.001160	0.007457	-0.008096	-0.704102	0.106445	-0.575928	0.744774	-0.075929	-0.657820	-0.082585
07787		9.738339	-0.030548	1.233667	0.002613	0.006847	-0.002808	-0.704102	0.102295	-0.580078	0.744803	-0.075948	-0.657785	-0.082578
07788		9.755989	-0.020912	1.213802	-0.003401	0.006183	-0.003178	-0.707520	0.105469	-0.580322	0.744835	-0.075974	-0.657746	-0.082577
07789		9.751539	-0.049746	1.186019	-0.011079	0.004376	-0.001724	-0.703857	0.099854	-0.577881	0.744836	-0.076125	-0.657717	-0.082666
07790		9.744284	-0.037836	1.186428	-0.003606	0.007108	-0.000855	-0.708740	0.103760	-0.572510	0.744875	-0.076134	-0.657679	-0.082608
07791		9.745318	-0.020521	1.196642	-0.015276	0.008013	0.000862	-0.707520	0.106934	-0.578857	0.744885	-0.076310	-0.657638	-0.082676
07792		9.744984	-0.032951	1.247268	-0.009822	0.011265	-0.001844	-0.708008	0.103271	-0.576904	0.744939	-0.076449	-0.657549	-0.082769
07793		9.731698	-0.164969	1.210422	-0.009721	0.008857	-0.001539	-0.708984	0.105225	-0.572510	0.744972	-0.076544	-0.657496	-0.082807
07794		9.713573	-0.193782	1.184905	0.012886	0.004373	-0.000832	-0.709473	0.107178	-0.571777	0.744975	-0.076458	-0.657520	-0.082667
07795		9.725030	-0.110173	1.216723	0.018831	0.005101	-0.007233	-0.703125	0.106201	-0.585205	0.744979	-0.076290	-0.657548	-0.082565
07796		9.733331	-0.069787	1.227704	0.019470	0.005734	-0.006147	-0.714844	0.110352	-0.574707	0.745035	-0.076116	-0.657520	-0.082440
07797		9.732202	-0.020462	1.220743	0.014737	0.001815	-0.007227	-0.709473	0.101562	-0.581299	0.744999	-0.076039	-0.657572	-0.082421
07798		9.747801	0.040115	1.231827	0.009513	0.000422	-0.004608	-0.707275	0.099609	-0.572754	0.744985	-0.075930	-0.657614	-0.082313
07799		9.740522	-0.011784	1.230239	-0.010858	-0.001625	-0.004346	-0.706055	0.106445	-0.568359	0.744922	-0.075984	-0.657677	-0.082335
07800		9.748026	-0.111331	1.234112	-0.009081	-0.003447	-0.003274	-0.709961	0.103027	-0.579590	0.744833	-0.076116	-0.657752	-0.082416
07801		9.740480	-0.107592	1.227665	-0.005726	-0.006786	-0.004627	-0.707275	0.114258	-0.574951	0.744740	-0.076168	-0.657848	-0.082440
07802		9.744963	-0.065112	1.206942	-0.006914	-0.005385	-0.006207	-0.708008	0.112793	-0.572510	0.744641	-0.076352	-0.657916	-0.082626
07803		9.751086	-0.060737	1.198496	-0.017865	-0.005154	-0.008276	-0.703857	0.111816	-0.576660	0.744526	-0.076599	-0.657983	-0.082900
07804		9.731054	-0.059037	1.153832	-0.004906	-0.005345	-0.005223	-0.703613	0.103271	-0.577881	0.744445	-0.076736	-0.658043	-0.083023
07805		9.763217	-0.084903	1.181580	-0.004742	-0.003364	-0.003669	-0.707520	0.110352	-0.572510	0.744395	-0.076776	-0.658095	-0.083023
07806		9.737837	-0.057619	1.197196	0.001746	-0.004047	-0.003759	-0.702881	0.109863	-0.583008	0.744319	-0.076838	-0.658169	-0.083054
07807		9.758149	-0.044876	1.191660	-0.010935	-0.000943	-0.005303	-0.707520	0.116211	-0.574219	0.744288	-0.077009	-0.658165	-0.083214
07808		9.753314	-0.081802	1.158434	-0.007737	0.001591	-0.005677	-0.712646	0.113525	-0.578613	0.744246	-0.077208	-0.658162	-0.083420
07809		9.759219	-0.077697	1.151735	-0.001981	0.002131	-0.004573	-0.708252	0.106689	-0.565918	0.744217	-0.077337	-0.658164	-0.083546
07810		9.753864	-0.038589	1.164017	0.001369	0.003306	-0.003042	-0.708008	0.110840	-0.572998	0.744194	-0.077324	-0.658198	-0.083497
07811		9.733446	-0.094057	1.217912	-0.000857	0.004750	-0.004296	-0.707031	0.101807	-0.572754	0.744189	-0.077393	-0.658187	-0.083560
07812		9.749884	-0.133981	1.189084	0.007420	0.005586	-0.003661	-0.708008	0.114746	-0.571533	0.744211	-0.077274	-0.658193	-0.083428
07813		9.740886	-0.114729	1.176876	0.005839	0.003147	-0.006711	-0.707275	0.100586	-0.576416	0.744190	-0.077310	-0.658203	-0.083505
07814		9.751055	-0.048001	1.199327	0.012973	-0.001414	-0.008596	-0.711914	0.105469	-0.577148	0.744162	-0.077101	-0.658277	-0.083364
07815		9.757038	-0.010314	1.192515	0.006571	0.001926	-0.007907	-0.714844	0.102051	-0.575928	0.744144	-0.077023	-0.658309	-0.083344
07816		9.746181	-0.049179	1.167543	0.003174	0.007552	-0.008502	-0.712158	0.104004	-0.575928	0.744163	-0.076922	-0.658303	-0.083320
07817		9.747169	-0.062217	1.177297	0.000550	0.005767	-0.005398	-0.705322	0.107178	-0.571289	0.744171	-0.076898	-0.658297	-0.083312
07818		9.735745	-0.025689	1.197201	-0.006804	0.003954	-0.006317	-0.711182	0.103271	-0.578857	0.744157	-0.076967	-0.658294	-0.083399
07819		9.737360	-0.062720	1.210470	-0.015518	0.006074	-0.007488	-0.720703	0.105957	-0.579590	0.744159	-0.077071	-0.658262	-0.083539
07820		9.752094	-0.064050	1.169766	-0.006833	0.005687	-0.005675	-0.710449	0.108887	-0.571045	0.744148	-0.077145	-0.658254	-0.083631
07821		9.759050	-0.074847	1.172253	0.004421	0.006647	-0.002731	-0.707275	0.109131	-0.577148	0.744158	-0.077154	-0.658243	-0.083617
07822		9.748107	-0.062395	1.196744	0.003421	0.008299	-0.003402	-0.701660	0.106445	-0.575439	0.744199	-0.077177	-0.658192	-0.083631
07823		9.732408	-0.055499	1.188562	0.003982	0.009610	-0.003265	-0.699707	0.103271	-0.577148	0.744262	-0.077157	-0.658128	-0.083598
07824		9.746409	-0.078274	1.192741	0.008473	0.008337	-0.001747	-0.702393	0.109375	-0.578613	0.744330	-0.077072	-0.658077	-0.083473
07825		9.760441	-0.068712	1.196873	0.008950	0.006987	-0.002211	-0.708984	0.103271	-0.578857	0.744378	-0.077058	-0.658030	-0.083430
07826		9.740626	-0.070622	1.207507	0.008714	0.005686	-0.004720	-0.712646	0.106934	-0.575195	0.744405	-0.076957	-0.658022	-0.083340
07827		9.758331	-0.092881	1.187431	0.013031	0.006947	-0.001873	-0.709473	0.101807	-0.580811	0.744432	-0.076879	-0.658015	-0.083234
07828		9.730171	-0.100554	1.189115	0.010986	0.009199	-0.004817	-0.714355	0.106201	-0.578125	0.744494	-0.076741	-0.657975	-0.083118
07829		9.744740	-0.081164	1.197817	0.014356	0.009208	-0.006524	-0.709473	0.110840	-0.567627	0.744538	-0.076609	-0.657950	-0.083047
07830		9.750455	-0.108513	1.192843	0.016288	0.009931	-0.006491	-0.714355	0.106934	-0.576904	0.744573	-0.076499	-0.657929	-0.083000
07831		9.743613	-0.085582	1.198436	0.021476	0.009732	-0.008120	-0.706543	0.101318	-0.576904	0.744622	-0.076298	-0.657910	-0.082897
07832		9.751591	-0.044508	1.210320	0.018834	0.009062	-0.010207	-0.711426	0.103760	-0.575439	0.744681	-0.076040	-0.657890	-0.082760
07833		9.737046	-0.050477	1.210614	0.014578	0.011637	-0.009227	-0.707275	0.108154	-0.581299	0.744742	-0.075860	-0.657850	-0.082690
07834		9.738674	-0.042051	1.177049	0.016063	0.008081	-0.006419	-0.703857	0.105957	-0.575928	0.744794	-0.075754	-0.657810	-0.082641
07835		9.736431	0.018737	1.215042	0.010529	0.006044	-0.007257	-0.707520	0.100098	-0.572998	0.744819	-0.075662	-0.657796	-0.082607
07836		9.747772	-0.111506	1.198493	-0.004634	0.013763	-0.009718	-0.706299	0.106201	-0.576416	0.744884	-0.075612	-0.657722	-0.082656
07837		9.742968	-0.147347	1.167930	0.025410	0.007179	-0.006751	-0.704346	0.111328	-0.575195	0.744929	-0.075392	-0.657715	-0.082505
07838		9.742407	-0.059356	1.217904	0.031778	0.002804	-0.009031	-0.710205	0.106689	-0.567383	0.744937	-0.075160	-0.657748	-0.082384
07839		9.745121	-0.012038	1.239091	0.016856	0.000615	-0.011135	-0.708252	0.110352	-0.575439	0.744889	-0.074989	-0.657828	-0.082339
07840		9.744617	-0.049603	1.235342	0.006128	0.003218	-0.015905	-0.712402	0.096191	-0.578857	0.744862	-0.074940	-0.657844	-0.082496
07841		9.724563	-0.045688	1.192522	0.009581	0.002000	-0.014059	-0.711670	0.098877	-0.576904	0.744844	-0.074713	-0.657898	-0.082435
07842		9.757024	-0.027185	1.226040	0.008465	-0.000625	-0.014327	-0.700439	0.097900	-0.581299	0.744798	-0.074531	-0.657973	-0.082419
07843		9.753373	-0.023400	1.249500	0.004195	-0.000848	-0.015579	-0.713135	0.096191	-0.576660	0.744775	-0.074374	-0.658014	-0.082439
07844		9.740050	-0.040316	1.202872	0.009879	-0.000152	-0.012837	-0.700195	0.108154	-0.574951	0.744734	-0.074167	-0.658092	-0.082375
07845		9.751805	0.001111	1.188895	0.009182	0.002127	-0.010054	-0.708008	0.103271	-0.581055	0.744724	-0.074124	-0.658101	-0.082432
07846		9.751063	0.027090	1.185200	0.008741	0.001191	-0.007634	-0.700439	0.100586	-0.569824	0.744710	-0.074062	-0.658124	-0.082426
07847		9.746963	-0.012244	1.205089	0.008782	0.002248	-0.006040	-0.707031	0.100586	-0.577148	0.744702	-0.073962	-0.658155	-0.082351
07848		9.753051	-0.040089	1.198337	0.012236	0.001034	-0.004192	-0.708252	0.103760	-0.582520	0.744690	-0.073862	-0.658192	-0.082247
07849		9.721469	-0.047599	1.221793	0.025410	-0.000003	-0.003464	-0.710449	0.104004	-0.577881	0.744688	-0.073692	-0.658235	-0.082077
07850		9.734593	-0.116134	1.163782	0.016274	0.003854	-0.008431	-0.699951	0.101318	-0.580811	0.744690	-0.073564	-0.658252	-0.082035
07851		9.744375	-0.080971	1.185933	0.040471	-0.000802	-0.006919	-0.703857	0.100830	-0.580078	0.744705	-0.073201	-0.658312	-0.081741
07852		9.739418	-0.063047	1.201783	0.030596	0.004276	-0.010704	-0.709473	0.094238	-0.582031	0.744740	-0.072894	-0.658327	-0.081570
07853		9.753331	-0.017885	1.204732	0.036606	0.002202	-0.012584	-0.709717	0.103271	-0.579102	0.744760	-0.072454	-0.658386	-0.081300
07854		9.750288	-0.037172	1.233261	0.020645	0.003338	-0.014704	-0.709961	0.095947	-0.570557	0.744758	-0.072250	-0.658412	-0.081294
07855		9.739572	-0.009452	1.207373	0.009175	-0.002911	-0.017144	-0.706543	0.100098	-0.587891	0.744682	-0.072044	-0.658521	-0.081301
07856		9.746883	0.056711	1.211806	0.000269	-0.001656	-0.016619	-0.701904	0.102295	-0.584961	0.744643	-0.072003	-0.658549	-0.081458
07857		9.751851	0.045879	1.196158	-0.003182	-0.001001	-0.015864	-0.701172	0.095947	-0.573486	0.744609	-0.072023	-0.658561	-0.081660
07858		9.755808	0.016400	1.172517	0.001061	-0.000122	-0.008780	-0.705566	0.102051	-0.572754	0.744578	-0.071967	-0.658600	-0.081664
07859		9.726770	-0.019335	1.212662	0.000644	0.001652	-0.012576	-0.713379	0.097412	-0.578857	0.744544	-0.071953	-0.658627	-0.081784
07860		9.746641	-0.046077	1.204145	0.005107	0.001602	-0.007818	-0.705811	0.097412	-0.578369	0.744518	-0.071901	-0.658660	-0.081789
07861		9.742158	-0.019962	1.223709	0.001205	-0.000374	-0.012073	-0.703613	0.102539	-0.572998	0.744482	-0.071849	-0.658698	-0.081858
07862		9.748134	-0.013816	1.216432	-0.000987	-0.000686	-0.013974	-0.706787	0.100830	-0.580811	0.744429	-0.071850	-0.658739	-0.082011
07863		9.747347	-0.016766	1.159514	-0.001613	-0.001874	-0.012457	-0.704346	0.095215	-0.577637	0.744377	-0.071870	-0.658777	-0.082157
07864		9.758359	0.004422	1.189015	0.003245	-0.001496	-0.014331	-0.705322	0.100830	-0.573242	0.744335	-0.071761	-0.658831	-0.082206
07865		9.762079	0.007444	1.165122	0.007817	-0.000612	-0.009622	-0.713867	0.097656	-0.569824	0.744294	-0.071700	-0.658880	-0.082230
07866		9.735834	0.068619	1.180937	0.003140	-0.000184	-0.009446	-0.711670	0.092285	-0.569580	0.744235	-0.071642	-0.658951	-0.082250
07867		9.731350	-0.020337	1.192882	0.003209	0.002483	-0.008865	-0.708008	0.093750	-0.577637	0.744207	-0.071527	-0.659001	-0.082203
07868		9.758775	-0.006343	1.141196	0.009634	0.001988	-0.007320	-0.707764	0.099609	-0.579346	0.744202	-0.071403	-0.659029	-0.082129
07869		9.735853	0.001732	1.178613	0.012524	0.003369	-0.008589	-0.709717	0.091309	-0.574951	0.744208	-0.071311	-0.659034	-0.082118
07870		9.742663	0.024693	1.180293	0.011898	0.002180	-0.007070	-0.715332	0.096436	-0.580078	0.744200	-0.071139	-0.659077	-0.081993
07871		9.764814	0.000559	1.188682	0.010297	0.004240	-0.007250	-0.705078	0.092041	-0.577393	0.744203	-0.071051	-0.659088	-0.081963
07872		9.734624	-0.009429	1.172849	0.015569	0.003401	-0.007938	-0.714844	0.095459	-0.577881	0.744219	-0.070853	-0.659106	-0.081833
07873		9.753153	0.008165	1.208927	0.012634	0.004306	-0.008650	-0.709473	0.096924	-0.574951	0.744220	-0.070721	-0.659125	-0.081786
07874		9.755791	-0.007291	1.178263	0.015085	0.004755	-0.007488	-0.710449	0.095215	-0.575684	0.744231	-0.070587	-0.659136	-0.081718
07875		9.747089	0.021684	1.169663	0.015458	0.003023	-0.010506	-0.709961	0.098389	-0.576416	0.744225	-0.070411	-0.659169	-0.081658
07876		9.746998	0.024455	1.170364	0.013902	0.002800	-0.008708	-0.712402	0.096924	-0.578613	0.744217	-0.070304	-0.659192	-0.081636
07877		9.745969	0.080519	1.218767	0.020887	0.000841	-0.009271	-0.713379	0.096191	-0.574707	0.744200	-0.070121	-0.659242	-0.081551
07878		9.758222	-0.014498	1.149625	-0.006234	0.007332	-0.009872	-0.711426	0.094482	-0.569580	0.744203	-0.070166	-0.659216	-0.081689
07879		9.755809	-0.015390	1.134696	0.013710	0.005344	-0.007401	-0.709229	0.094238	-0.576172	0.744206	-0.070017	-0.659239	-0.081602
07880		9.767456	0.022448	1.173648	0.016616	0.002839	-0.005676	-0.718506	0.096680	-0.578369	0.744208	-0.069871	-0.659267	-0.081488
07881		9.743126	0.044894	1.202733	0.009152	0.003351	-0.006890	-0.703857	0.096436	-0.576904	0.744191	-0.069821	-0.659291	-0.081489
07882		9.741760	0.020592	1.190732	0.006051	-0.002148	-0.010348	-0.708496	0.094727	-0.570801	0.744146	-0.069769	-0.659342	-0.081532
07883		9.746868	0.008562	1.175046	0.004934	-0.001441	-0.010984	-0.703613	0.094727	-0.581299	0.744089	-0.069690	-0.659412	-0.081556
07884		9.743720	0.020413	1.201639	0.007928	-0.007416	-0.010516	-0.704590	0.095947	-0.569092	0.744012	-0.069621	-0.659503	-0.081577
07885		9.752722	0.049674	1.164361	0.005859	-0.010149	-0.012082	-0.709229	0.089600	-0.580078	0.743885	-0.069546	-0.659650	-0.081609
07886		9.754732	0.047027	1.174859	0.003093	-0.005652	-0.012270	-0.706299	0.090820	-0.579834	0.743811	-0.069452	-0.659741	-0.081631
07887		9.760383	0.044017	1.162312	0.009368	-0.005319	-0.010050	-0.710693	0.090088	-0.581543	0.743750	-0.069332	-0.659826	-0.081596
07888		9.758242	0.084855	1.148117	0.006997	-0.006447	-0.010248	-0.714600	0.093506	-0.573242	0.743674	-0.069233	-0.659924	-0.081582
07889		9.744212	0.119269	1.148216	-0.002693	-0.005630	-0.007492	-0.710693	0.091553	-0.575439	0.743576	-0.069267	-0.660023	-0.081644
07890		9.744773	0.035504	1.192719	-0.008955	0.000689	-0.003665	-0.715332	0.092285	-0.577148	0.743541	-0.069367	-0.660044	-0.081711
07891		9.749852	-0.019302	1.174349	-0.010129	0.004224	-0.008902	-0.710449	0.097656	-0.573730	0.743524	-0.069443	-0.660038	-0.081852
07892		9.746132	-0.058419	1.195222	-0.001365	0.003826	-0.008765	-0.713623	0.093750	-0.577637	0.743509	-0.069487	-0.660036	-0.081967
07893		9.740357	-0.008619	1.211583	0.003994	0.007826	-0.012518	-0.709961	0.095215	-0.583252	0.743533	-0.069413	-0.660007	-0.082044
07894		9.738882	0.020649	1.156187	0.004085	0.004357	-0.013781	-0.713867	0.084961	-0.579346	0.743541	-0.069363	-0.659989	-0.082164
07895		9.743384	0.041906	1.140927	0.004897	-0.001939	-0.015215	-0.716309	0.087646	-0.579346	0.743491	-0.069186	-0.660064	-0.082162
07896		9.732952	0.025251	1.163161	0.010021	-0.001955	-0.015226	-0.718750	0.089600	-0.577881	0.743439	-0.068993	-0.660143	-0.082151
07897		9.739312	0.041128	1.159802	0.012498	0.000112	-0.015088	-0.709717	0.087158	-0.566406	0.743399	-0.068796	-0.660211	-0.082143
07898		9.749679	0.054326	1.185553	0.013021	-0.000174	-0.013949	-0.713135	0.093018	-0.572998	0.743356	-0.068554	-0.660295	-0.082061
07899		9.746812	0.087326	1.168908	0.009148	0.001679	-0.014382	-0.708252	0.091309	-0.578125	0.743324	-0.068423	-0.660338	-0.082105
07900		9.745972	0.073093	1.160870	0.004231	-0.001393	-0.013068	-0.713135	0.085449	-0.578857	0.743283	-0.068346	-0.660384	-0.082170
07901		9.773562	0.035620	1.153113	0.008759	-0.000988	-0.012573	-0.708740	0.088379	-0.570557	0.743247	-0.068176	-0.660446	-0.082136
07902		9.741677	0.020848	1.172605	0.021513	0.002122	-0.010864	-0.709473	0.091797	-0.581543	0.743241	-0.067913	-0.660498	-0.081996
07903		9.735445	0.062680	1.183820	0.008706	0.001296	-0.014570	-0.714844	0.085205	-0.576416	0.743228	-0.067797	-0.660517	-0.082060
07904		9.754727	0.110916	1.178674	0.012532	0.001188	-0.013515	-0.704102	0.090820	-0.567383	0.743205	-0.067586	-0.660570	-0.082009
07905		9.765399	0.143320	1.160714	0.008830	0.005542	-0.008185	-0.707764	0.090332	-0.565918	0.743218	-0.067488	-0.660569	-0.081981
07906		9.741609	0.144387	1.141858	0.002019	0.002775	-0.005282	-0.711914	0.084473	-0.574463	0.743197	-0.067477	-0.660594	-0.081978
07907		9.761342	0.107421	1.130410	-0.004139	0.007212	-0.003734	-0.714111	0.087646	-0.572754	0.743222	-0.067488	-0.660566	-0.081970
07908		9.766197	0.081796	1.165699	0.003390	0.008859	0.000664	-0.711670	0.092285	-0.575439	0.743262	-0.067494	-0.660529	-0.081894
07909		9.751237	0.104701	1.165086	0.003887	0.006965	0.002833	-0.704346	0.082275	-0.573242	0.743294	-0.067563	-0.660493	-0.081844
07910		9.743615	0.065324	1.157582	0.001678	0.004478	0.004579	-0.713135	0.091064	-0.582764	0.743322	-0.067562	-0.660483	-0.081677
07911		9.747111	0.052614	1.183702	0.000668	0.005566	0.006508	-0.709717	0.089355	-0.575928	0.743355	-0.067685	-0.660441	-0.081611
07912		9.742393	0.033902	1.201103	-0.000584	0.009225	0.002907	-0.711914	0.086426	-0.579346	0.743408	-0.067759	-0.660380	-0.081561
07913		9.738644	0.055911	1.129706	-0.002539	0.007415	0.001292	-0.710693	0.088867	-0.575439	0.743447	-0.067814	-0.660335	-0.081515
07914		9.749929	0.091563	1.169146	0.001778	0.005958	0.001900	-0.714844	0.091064	-0.568604	0.743472	-0.067854	-0.660312	-0.081445
07915		9.751515	0.084861	1.183502	0.004574	0.009736	0.007113	-0.716309	0.091064	-0.576172	0.743514	-0.067925	-0.660272	-0.081324
07916		9.750364	0.065426	1.178735	0.001071	0.017052	0.007079	-0.703369	0.081787	-0.561035	0.743625	-0.068025	-0.660146	-0.081245
07917		9.741578	0.007385	1.166337	0.006696	0.020106	0.007812	-0.709717	0.095947	-0.577637	0.743768	-0.067963	-0.660023	-0.080991
07918		9.762468	0.003238	1.174204	0.009136	0.016164	0.007774	-0.705078	0.095215	-0.580078	0.743888	-0.068036	-0.659894	-0.080882
07919		9.751087	-0.155955	1.077504	0.030319	0.019457	0.009392	-0.710938	0.096191	-0.576904	0.744066	-0.067912	-0.659743	-0.080576
07920		9.728306	0.139097	1.211076	0.059670	0.006230	0.008465	-0.710449	0.087402	-0.576416	0.744142	-0.067533	-0.659763	-0.080037
07921		9.726985	0.201243	1.264420	0.001684	0.009442	0.003130	-0.708984	0.096924	-0.576172	0.744195	-0.067566	-0.659710	-0.079942
07922		9.730134	0.101763	1.175158	-0.017159	0.005678	0.002736	-0.710693	0.089111	-0.584473	0.744196	-0.067865	-0.659660	-0.080101
07923		9.762170	0.077250	1.153622	-0.018748	0.004386	0.002947	-0.707275	0.083496	-0.572998	0.744202	-0.068113	-0.659615	-0.080199
07924		9.738203	0.063935	1.183342	-0.015781	0.004566	0.005251	-0.705811	0.097656	-0.576904	0.744205	-0.068277	-0.659599	-0.080169
07925		9.746402	0.027190	1.190258	-0.022648	0.004632	0.003527	-0.711914	0.088135	-0.578613	0.744199	-0.068629	-0.659545	-0.080359
07926		9.743161	-0.045173	1.159435	-0.025248	0.005522	0.000417	-0.708252	0.093262	-0.572998	0.744197	-0.068886	-0.659504	-0.080502
07927		9.750340	-0.057373	1.162042	-0.003969	0.005326	0.000807	-0.705566	0.094971	-0.574707	0.744203	-0.068986	-0.659486	-0.080505
07928		9.743112	0.004281	1.168868	0.012927	-0.001038	0.001447	-0.713867	0.098633	-0.576904	0.744179	-0.068957	-0.659532	-0.080373
07929		9.735224	0.046255	1.219923	0.007967	0.003124	-0.000662	-0.713623	0.092285	-0.578369	0.744171	-0.068992	-0.659541	-0.080349
07930		9.760828	-0.077699	1.138180	0.010375	0.010280	-0.000306	-0.706299	0.093506	-0.574463	0.744231	-0.068941	-0.659491	-0.080245
07931		9.756127	-0.042599	1.110635	0.046758	0.004436	0.004854	-0.708252	0.095947	-0.573486	0.744284	-0.068605	-0.659521	-0.079792
07932		9.741889	0.129229	1.184309	0.058188	0.006408	0.006016	-0.702637	0.091309	-0.573486	0.744356	-0.068197	-0.659545	-0.079264
07933		9.732658	0.142338	1.277498	0.020213	0.010411	0.003688	-0.709961	0.089844	-0.580322	0.744438	-0.068079	-0.659493	-0.079031
07934		9.747147	0.079219	1.226935	-0.014595	0.012037	0.002384	-0.710938	0.093262	-0.583740	0.744503	-0.068270	-0.659392	-0.079099
07935		9.754660	-0.052990	1.116058	-0.007772	0.014261	0.002097	-0.709717	0.092285	-0.576172	0.744593	-0.068429	-0.659267	-0.079155
07936		9.738107	0.023111	1.163795	0.015085	0.009877	0.006322	-0.710693	0.092529	-0.576904	0.744661	-0.068390	-0.659219	-0.078950
07937		9.743212	0.144879	1.274248	-0.015384	0.007784	0.000786	-0.701904	0.094971	-0.575928	0.744678	-0.068594	-0.659166	-0.079050
07938		9.737125	0.010601	1.217112	-0.047938	0.013520	-0.003338	-0.709717	0.091553	-0.578857	0.744722	-0.069080	-0.659015	-0.079482
07939		9.765973	-0.082560	1.112866	-0.024870	0.011001	0.000775	-0.714600	0.099365	-0.584229	0.744763	-0.069352	-0.658919	-0.079646
07940		9.750778	-0.021006	1.168682	-0.002842	0.009041	0.002618	-0.704834	0.095459	-0.579102	0.744805	-0.069516	-0.658849	-0.079696
07941		9.749604	0.049899	1.226987	-0.014144	0.012983	-0.000087	-0.709961	0.091309	-0.586670	0.744876	-0.069710	-0.658733	-0.079815
07942		9.751788	-0.027718	1.186987	-0.019268	0.012997	-0.000095	-0.709717	0.098877	-0.577393	0.744950	-0.069926	-0.658611	-0.079951
07943		9.748977	-0.040092	1.169343	0.003174	0.010353	0.000350	-0.706055	0.094482	-0.582275	0.745002	-0.069986	-0.658547	-0.079942
07944		9.747951	-0.009658	1.224152	0.002246	0.011861	-0.002002	-0.712891	0.096924	-0.580811	0.745079	-0.070004	-0.658458	-0.079933
07945		9.739524	-0.015219	1.217606	-0.003502	0.011225	-0.003097	-0.700928	0.097900	-0.570312	0.745130	-0.070084	-0.658384	-0.079999
07946		9.750614	-0.067414	1.194771	-0.000683	0.013297	-0.005348	-0.705811	0.097900	-0.575684	0.745200	-0.070102	-0.658298	-0.080043
07947		9.748718	-0.010156	1.192824	0.009690	0.010862	-0.004984	-0.710205	0.101562	-0.581055	0.745259	-0.070040	-0.658241	-0.080011
07948		9.743858	0.023916	1.218664	0.009092	0.011280	-0.004483	-0.706787	0.093506	-0.587402	0.745321	-0.070035	-0.658170	-0.080032
07949		9.741818	0.031006	1.208952	0.008313	0.011439	-0.004894	-0.701172	0.097412	-0.576904	0.745401	-0.069978	-0.658087	-0.080010
07950		9.742809	0.017712	1.220078	0.006903	0.010404	-0.003771	-0.709229	0.090088	-0.569824	0.745464	-0.069952	-0.658022	-0.079990
07951		9.737423	-0.007742	1.234368	0.008412	0.011832	-0.002336	-0.705566	0.093750	-0.581299	0.745524	-0.069831	-0.657985	-0.079840
07952		9.741391	0.001838	1.217608	0.010053	0.011389	-0.003169	-0.708252	0.106201	-0.583984	0.745599	-0.069757	-0.657916	-0.079767
07953		9.736700	-0.005549	1.240072	0.009201	0.012222	-0.004554	-0.711670	0.099854	-0.576660	0.745669	-0.069801	-0.657822	-0.079847
07954		9.731031	0.010507	1.258066	0.004149	0.011555	-0.003593	-0.713135	0.084961	-0.579834	0.745720	-0.069819	-0.657760	-0.079865
07955		9.752645	0.020215	1.216372	0.002133	0.014832	-0.005006	-0.711426	0.092529	-0.589355	0.745807	-0.069713	-0.657684	-0.079779
07956		9.742526	0.020899	1.197816	0.003035	0.012260	-0.004242	-0.696289	0.090576	-0.581787	0.745884	-0.069707	-0.657596	-0.079790
07957		9.740153	0.025377	1.240968	0.004878	0.013145	-0.002571	-0.705322	0.099365	-0.583984	0.745984	-0.069661	-0.657494	-0.079732
07958		9.753414	0.026184	1.242692	0.000924	0.015127	-0.001384	-0.709961	0.097656	-0.580078	0.746081	-0.069741	-0.657369	-0.079785
07959		9.738577	0.008580	1.239891	0.000975	0.013386	-0.002003	-0.708008	0.102539	-0.583496	0.746152	-0.069788	-0.657281	-0.079806
07960		9.738498	0.017877	1.247198	-0.000667	0.013831	-0.001175	-0.703857	0.091797	-0.578125	0.746229	-0.069911	-0.657169	-0.079894
07961		9.743978	-0.028994	1.236406	-0.008586	0.017271	-0.003019	-0.707275	0.093750	-0.577637	0.746332	-0.069974	-0.657040	-0.079940
07962		9.742507	-0.055075	1.227989	0.006594	0.012032	-0.002431	-0.703369	0.091553	-0.577148	0.746399	-0.069918	-0.656980	-0.079863
07963		9.735801	-0.015947	1.241654	0.016088	0.013248	-0.001223	-0.700928	0.094482	-0.581543	0.746491	-0.069762	-0.656914	-0.079677
07964		9.742724	-0.026687	1.246300	0.021214	0.013247	-0.001212	-0.707031	0.094971	-0.591309	0.746594	-0.069602	-0.656835	-0.079500
07965		9.736972	0.039331	1.272135	0.017238	0.014163	-0.001623	-0.700684	0.094238	-0.589111	0.746704	-0.069508	-0.656732	-0.079400
07966		9.741542	0.016395	1.256673	0.010399	0.015288	-0.001791	-0.699463	0.090820	-0.580811	0.746823	-0.069467	-0.656607	-0.079351
07967		9.732720	0.001974	1.247121	0.014325	0.016123	-0.000776	-0.704834	0.094238	-0.589600	0.746946	-0.069339	-0.656501	-0.079192
