// Start Time: Unknown
// Update Rate: 40.0Hz
// Filter Profile: human (46.1)
// Firmware Version: 4.6.0
PacketCounter	SampleTimeFine	Acc_X	Acc_Y	Acc_Z	Gyr_X	Gyr_Y	Gyr_Z	Mag_X	Mag_Y	Mag_Z	Quat_q0	Quat_q1	Quat_q2	Quat_q3
07338		9.102322	0.582219	3.524573	-0.005913	0.009973	-0.002222	-0.752441	0.263916	-0.152344	0.435535	-0.460203	-0.328707	-0.700339
07339		9.039288	0.593770	3.591826	-0.007954	-0.008863	-0.004598	-0.753662	0.261230	-0.148682	0.435413	-0.460305	-0.328712	-0.700345
07340		9.045302	0.569806	3.634701	0.009174	-0.017583	-0.006258	-0.755127	0.261719	-0.149658	0.435334	-0.460385	-0.328927	-0.700241
07341		9.082400	0.578837	3.570086	0.036068	-0.010555	-0.006822	-0.752686	0.261230	-0.157227	0.435441	-0.460249	-0.329336	-0.700072
07342		9.098149	0.618443	3.599252	0.034348	-0.011130	-0.006036	-0.749756	0.257812	-0.153564	0.435543	-0.460128	-0.329726	-0.699904
07343		9.084863	0.619544	3.578190	0.031877	-0.000086	-0.010504	-0.754150	0.265381	-0.147949	0.435639	-0.459898	-0.330058	-0.699839
07344		9.049133	0.603733	3.572652	0.027240	0.003440	-0.010069	-0.749756	0.261719	-0.165527	0.435728	-0.459656	-0.330325	-0.699817
07345		9.070112	0.607220	3.542815	0.023759	-0.000973	-0.008102	-0.749756	0.265137	-0.145996	0.435798	-0.459471	-0.330570	-0.699779
07346		9.082754	0.607905	3.593490	0.022072	0.001867	-0.006390	-0.753662	0.267578	-0.142090	0.435887	-0.459274	-0.330771	-0.699757
07347		9.095273	0.601078	3.616615	0.012309	0.006862	-0.004597	-0.755127	0.270264	-0.159424	0.435961	-0.459084	-0.330843	-0.699802
07348		9.080140	0.582920	3.592995	-0.001338	0.011693	-0.002626	-0.754883	0.272461	-0.145508	0.436005	-0.458918	-0.330745	-0.699930
07349		9.093326	0.576338	3.566706	0.006125	0.006133	-0.001624	-0.747559	0.264893	-0.158936	0.436081	-0.458765	-0.330727	-0.699991
07350		9.030518	0.586078	3.566657	-0.006077	0.017358	-0.000462	-0.757568	0.259277	-0.151611	0.436149	-0.458585	-0.330524	-0.700163
07351		9.035990	0.564939	3.572690	-0.004317	-0.007326	0.002347	-0.748291	0.253906	-0.153320	0.436147	-0.458612	-0.330447	-0.700182
07352		9.056549	0.565847	3.611450	0.000761	-0.003764	-0.000909	-0.751221	0.259277	-0.153320	0.436154	-0.458579	-0.330406	-0.700219
07353		9.077139	0.560314	3.622159	-0.009955	-0.003407	-0.001834	-0.753906	0.265625	-0.147217	0.436113	-0.458586	-0.330261	-0.700309
07354		9.084714	0.555143	3.573331	-0.010675	0.003546	-0.001957	-0.749756	0.259521	-0.159180	0.436111	-0.458538	-0.330066	-0.700433
07355		9.070440	0.555044	3.574403	-0.011217	0.006819	-0.000340	-0.753418	0.274170	-0.148438	0.436137	-0.458463	-0.329820	-0.700582
07356		9.062891	0.565799	3.593934	-0.007739	0.011380	-0.001012	-0.749268	0.262451	-0.151855	0.436232	-0.458350	-0.329596	-0.700702
07357		9.070010	0.578855	3.563445	-0.007506	0.010516	-0.003556	-0.744629	0.263672	-0.149414	0.436256	-0.458234	-0.329388	-0.700860
07358		9.061120	0.561727	3.579745	-0.006827	0.008444	-0.006637	-0.754639	0.261230	-0.152100	0.436234	-0.458147	-0.329230	-0.701005
07359		9.080978	0.575628	3.609176	-0.002579	0.009020	-0.010168	-0.750488	0.267090	-0.158936	0.436230	-0.457979	-0.329110	-0.701174
07360		9.073512	0.580720	3.590773	0.000426	0.011227	-0.012521	-0.754883	0.264893	-0.159912	0.436272	-0.457762	-0.329003	-0.701340
07361		9.064824	0.581301	3.614020	-0.002981	0.013342	-0.011316	-0.746582	0.262451	-0.159424	0.436314	-0.457533	-0.328847	-0.701536
07362		9.028899	0.576767	3.607932	0.001105	0.009231	-0.014954	-0.747314	0.274414	-0.151855	0.436284	-0.457332	-0.328785	-0.701715
07363		9.034142	0.558048	3.604570	0.004708	0.003064	-0.017673	-0.748047	0.266846	-0.151123	0.436291	-0.457197	-0.328822	-0.701781
07364		9.067029	0.545347	3.629380	0.008680	0.001391	-0.016977	-0.756104	0.272705	-0.150879	0.436266	-0.457055	-0.328904	-0.701851
07365		9.047044	0.566708	3.605651	0.011893	0.003332	-0.016672	-0.749756	0.259033	-0.158203	0.436349	-0.456866	-0.328987	-0.701883
07366		9.074102	0.568187	3.597547	0.014307	0.005699	-0.015727	-0.756348	0.260498	-0.154541	0.436347	-0.456618	-0.329066	-0.702009
07367		9.059022	0.580385	3.627424	0.016981	0.010689	-0.015759	-0.756836	0.262207	-0.154297	0.436405	-0.456320	-0.329159	-0.702123
07368		9.050730	0.576608	3.621537	0.024144	0.011412	-0.010854	-0.747559	0.268555	-0.158691	0.436566	-0.456005	-0.329287	-0.702168
07369		9.029750	0.602400	3.618633	0.028596	0.011876	-0.010428	-0.755615	0.265625	-0.160889	0.436811	-0.455679	-0.329418	-0.702166
07370		9.070164	0.601462	3.602676	0.034071	0.011350	-0.010585	-0.746826	0.268799	-0.156006	0.437087	-0.455284	-0.329608	-0.702161
07371		9.040859	0.619248	3.651457	0.031439	0.009546	-0.011594	-0.755859	0.259033	-0.159912	0.437316	-0.454991	-0.329805	-0.702115
07372		9.040882	0.633426	3.630444	0.029335	0.004922	-0.010307	-0.753906	0.262695	-0.160156	0.437456	-0.454683	-0.330016	-0.702129
07373		9.039101	0.611589	3.637354	0.027053	0.003900	-0.011419	-0.752686	0.261230	-0.163574	0.437607	-0.454404	-0.330216	-0.702121
07374		9.038370	0.623210	3.665914	0.023935	0.000114	-0.010847	-0.751221	0.264404	-0.153320	0.437724	-0.454154	-0.330394	-0.702127
07375		9.037951	0.609022	3.649654	0.018746	-0.001232	-0.005207	-0.746582	0.270264	-0.158936	0.437846	-0.454068	-0.330542	-0.702036
07376		9.052152	0.608811	3.639345	0.018798	-0.006179	-0.002636	-0.747070	0.263184	-0.163818	0.438069	-0.454012	-0.330646	-0.701884
07377		9.060133	0.615104	3.626395	0.016030	-0.009182	-0.002167	-0.750488	0.261963	-0.155273	0.438195	-0.453937	-0.330735	-0.701812
07378		9.061567	0.630793	3.620691	0.018431	-0.010457	-0.004089	-0.752686	0.257080	-0.163330	0.438260	-0.453927	-0.330922	-0.701690
07379		9.047397	0.611308	3.642808	0.019750	-0.013465	-0.000482	-0.754883	0.257324	-0.159180	0.438326	-0.453850	-0.331101	-0.701614
07380		9.069361	0.620717	3.648222	0.013932	-0.010000	0.003289	-0.752197	0.260254	-0.157715	0.438393	-0.453829	-0.331218	-0.701531
07381		9.043758	0.646101	3.629990	0.007567	-0.003412	0.007365	-0.744873	0.259766	-0.155273	0.438518	-0.453833	-0.331208	-0.701454
07382		9.042196	0.568901	3.605975	0.008152	-0.015052	0.007433	-0.754639	0.257324	-0.161377	0.438562	-0.453982	-0.331256	-0.701308
07383		9.088070	0.627155	3.568868	-0.010003	-0.010020	0.014818	-0.755859	0.260742	-0.161133	0.438606	-0.454109	-0.331096	-0.701275
07384		9.049055	0.627498	3.571838	-0.000100	-0.040705	0.012848	-0.755615	0.261230	-0.159668	0.438610	-0.454453	-0.331198	-0.701000
07385		9.052570	0.617345	3.583400	0.012751	-0.052619	0.003850	-0.754395	0.260986	-0.158691	0.438554	-0.454807	-0.331535	-0.700646
07386		9.081952	0.545484	3.569307	0.019989	-0.049464	0.001170	-0.756836	0.261230	-0.155762	0.438521	-0.455088	-0.331933	-0.700296
07387		9.109128	0.589124	3.528056	0.033264	-0.046307	0.000865	-0.755371	0.266357	-0.152832	0.438561	-0.455297	-0.332448	-0.699891
07388		9.078772	0.607213	3.543464	0.030670	-0.045165	-0.003134	-0.748779	0.261963	-0.148438	0.438626	-0.455553	-0.332934	-0.699453
07389		9.088740	0.601352	3.526621	0.028402	-0.030992	-0.004104	-0.755127	0.265869	-0.154785	0.438618	-0.455748	-0.333334	-0.699140
07390		9.070666	0.613969	3.527576	0.020465	-0.023852	-0.001322	-0.755371	0.261719	-0.153320	0.438747	-0.455841	-0.333587	-0.698878
07391		9.081176	0.646560	3.504178	0.012349	-0.024979	-0.000823	-0.751221	0.264648	-0.150391	0.438745	-0.455991	-0.333807	-0.698676
07392		9.075596	0.637522	3.540743	0.008221	-0.028320	-0.004192	-0.751709	0.266602	-0.150879	0.438706	-0.456239	-0.333999	-0.698447
07393		9.117476	0.599017	3.554734	-0.002356	-0.022988	-0.002377	-0.748535	0.259033	-0.147949	0.438686	-0.456499	-0.334043	-0.698268
07394		9.133233	0.586946	3.502649	-0.002902	-0.019707	-0.000773	-0.757324	0.260986	-0.150391	0.438534	-0.456749	-0.334102	-0.698172
07395		9.092352	0.596480	3.587620	-0.000750	-0.008642	-0.003537	-0.755615	0.268311	-0.148438	0.438473	-0.456829	-0.334158	-0.698131
07396		9.100641	0.584143	3.507625	-0.012107	-0.014665	-0.000298	-0.749512	0.270264	-0.142090	0.438463	-0.457106	-0.334066	-0.698000
07397		9.080685	0.569550	3.527149	0.007927	-0.022184	-0.001646	-0.755859	0.263428	-0.148926	0.438506	-0.457452	-0.334174	-0.697695
07398		9.103911	0.594118	3.536930	0.001807	-0.016464	-0.000073	-0.751221	0.260742	-0.152344	0.438491	-0.457619	-0.334249	-0.697559
07399		9.112128	0.605320	3.551630	-0.006451	-0.007473	-0.002752	-0.754150	0.263672	-0.145996	0.438431	-0.457673	-0.334190	-0.697589
07400		9.099175	0.611985	3.519060	-0.012670	0.000082	-0.002051	-0.760986	0.263916	-0.153564	0.438368	-0.457811	-0.334057	-0.697601
07401		9.097861	0.586791	3.535748	-0.013440	0.003772	-0.001801	-0.746338	0.260498	-0.157715	0.438382	-0.457785	-0.333900	-0.697686
07402		9.083642	0.583699	3.527428	-0.012742	0.005965	0.003181	-0.759521	0.269043	-0.152832	0.438441	-0.457693	-0.333620	-0.697843
07403		9.076748	0.586824	3.517199	-0.009583	0.001074	0.001641	-0.745117	0.266357	-0.146973	0.438574	-0.457732	-0.333444	-0.697818
07404		9.097848	0.598951	3.544022	-0.002541	-0.003645	-0.000102	-0.746094	0.265137	-0.149902	0.438624	-0.457872	-0.333327	-0.697751
07405		9.119228	0.593809	3.494027	0.004179	-0.006118	-0.004080	-0.758545	0.257568	-0.150146	0.438668	-0.457919	-0.333306	-0.697702
07406		9.092104	0.593722	3.482840	0.004179	-0.005962	-0.002780	-0.759521	0.257324	-0.145020	0.438580	-0.457894	-0.333435	-0.697711
07407		9.107034	0.607743	3.477994	0.005074	-0.008381	-0.003851	-0.751221	0.265625	-0.151367	0.438431	-0.457965	-0.333628	-0.697667
07408		9.086718	0.605342	3.487008	-0.000975	-0.008232	-0.004904	-0.756592	0.270996	-0.154297	0.438454	-0.458022	-0.333597	-0.697629
07409		9.107250	0.580676	3.471229	-0.000750	-0.008641	-0.003546	-0.760498	0.261475	-0.147217	0.438599	-0.458062	-0.333534	-0.697542
07410		9.107396	0.563485	3.453522	0.000046	-0.009067	-0.004193	-0.760010	0.268311	-0.143555	0.438511	-0.458147	-0.333646	-0.697488
07411		9.114218	0.544081	3.456379	-0.001099	-0.009581	-0.004737	-0.748779	0.263672	-0.152344	0.438497	-0.458345	-0.333702	-0.697340
07412		9.128808	0.553740	3.492334	0.001989	-0.008824	-0.002995	-0.742676	0.267090	-0.145996	0.438524	-0.458368	-0.333680	-0.697318
07413		9.108609	0.548708	3.491650	0.001067	-0.009903	-0.003482	-0.753906	0.263672	-0.148926	0.438549	-0.458544	-0.333615	-0.697218
07414		9.102721	0.557150	3.487790	0.005072	-0.008772	-0.007111	-0.750000	0.269775	-0.144775	0.438526	-0.458575	-0.333703	-0.697171
07415		9.110487	0.568065	3.493830	0.004972	-0.006936	-0.007988	-0.754150	0.266846	-0.142822	0.438575	-0.458705	-0.333714	-0.697049
07416		9.110329	0.553921	3.486335	0.002711	-0.003916	-0.002961	-0.754395	0.267822	-0.150635	0.438600	-0.458842	-0.333733	-0.696934
07417		9.104571	0.580184	3.499337	0.002136	-0.004526	-0.006161	-0.750244	0.260742	-0.150635	0.438666	-0.458849	-0.333711	-0.696898
07418		9.125287	0.564983	3.461987	0.000642	-0.005823	-0.006594	-0.760010	0.263428	-0.147461	0.438603	-0.458830	-0.333729	-0.696941
07419		9.117980	0.549461	3.475065	0.004871	-0.005100	-0.008866	-0.753906	0.268799	-0.146484	0.438563	-0.458825	-0.333860	-0.696907
07420		9.105110	0.572226	3.498946	0.002362	-0.004935	-0.004803	-0.760010	0.269287	-0.148438	0.438629	-0.458916	-0.333843	-0.696814
07421		9.119191	0.568176	3.479042	0.001342	-0.003864	-0.003562	-0.755127	0.253174	-0.152100	0.438722	-0.458965	-0.333836	-0.696726
07422		9.133805	0.575157	3.446272	0.000072	-0.005885	-0.005239	-0.754883	0.259033	-0.149902	0.438557	-0.458867	-0.333945	-0.696842
07423		9.106745	0.582222	3.463522	0.001316	-0.007520	-0.006424	-0.753662	0.258545	-0.147461	0.438467	-0.458852	-0.334030	-0.696869
07424		9.121162	0.585534	3.471289	0.002912	-0.008058	-0.005117	-0.754395	0.263428	-0.141602	0.438372	-0.458877	-0.334131	-0.696863
07425		9.114354	0.583302	3.481210	0.001580	-0.001874	-0.009758	-0.752441	0.273926	-0.150391	0.438282	-0.458966	-0.334196	-0.696829
07426		9.121217	0.602886	3.527880	-0.011022	0.008688	-0.007112	-0.748535	0.268311	-0.147461	0.438423	-0.458977	-0.333903	-0.696875
07427		9.106758	0.603823	3.470095	-0.007119	0.012051	-0.008368	-0.754883	0.260010	-0.149414	0.438480	-0.458945	-0.333684	-0.696965
07428		9.109679	0.542168	3.538849	-0.020687	0.014610	-0.008681	-0.759521	0.269531	-0.146729	0.438348	-0.458863	-0.333462	-0.697208
07429		9.131905	0.589251	3.419503	-0.020498	0.008066	-0.003285	-0.750244	0.270752	-0.151611	0.438358	-0.458964	-0.333199	-0.697261
07430		9.075763	0.573129	3.463660	-0.014901	-0.009800	-0.005378	-0.744385	0.268066	-0.148682	0.438359	-0.459131	-0.332983	-0.697253
07431		9.111207	0.579768	3.519510	-0.010041	-0.017762	-0.010606	-0.757568	0.266357	-0.151611	0.438252	-0.459352	-0.332887	-0.697220
07432		9.138035	0.525129	3.460380	0.016745	-0.005268	-0.010746	-0.758301	0.267334	-0.148193	0.438337	-0.459228	-0.333057	-0.697168
07433		9.133098	0.578894	3.457145	0.023836	-0.003211	-0.011337	-0.756348	0.265137	-0.144043	0.438462	-0.459104	-0.333298	-0.697056
07434		9.092720	0.616824	3.468425	0.019048	-0.001758	-0.016568	-0.751221	0.266602	-0.151367	0.438465	-0.459025	-0.333554	-0.696984
07435		9.084203	0.591427	3.486212	0.021373	0.005721	-0.016922	-0.759277	0.266113	-0.141113	0.438575	-0.458783	-0.333682	-0.697013
07436		9.118170	0.597350	3.466902	0.020010	0.006477	-0.011664	-0.750977	0.275391	-0.148193	0.438667	-0.458697	-0.333905	-0.696905
07437		9.117825	0.617030	3.474599	0.017742	0.009259	-0.008588	-0.757568	0.264893	-0.147217	0.438950	-0.458595	-0.333864	-0.696812
07438		9.110309	0.636429	3.512634	0.008833	0.008375	-0.008712	-0.752930	0.259277	-0.154785	0.439024	-0.458478	-0.333923	-0.696816
07439		9.107867	0.601114	3.534256	-0.003824	0.011603	-0.011796	-0.754150	0.269287	-0.151367	0.438958	-0.458261	-0.333831	-0.697043
07440		9.120489	0.586490	3.470548	-0.003944	0.010412	-0.010325	-0.749268	0.265625	-0.148682	0.439032	-0.458179	-0.333676	-0.697125
07441		9.077127	0.588184	3.524514	0.001928	0.020872	-0.008572	-0.748779	0.268066	-0.148926	0.439132	-0.458006	-0.333525	-0.697248
07442		9.089676	0.580102	3.489659	-0.004995	0.005033	-0.007643	-0.754150	0.265625	-0.146729	0.439169	-0.458031	-0.333371	-0.697282
07443		9.088205	0.562178	3.525792	0.002424	0.004383	-0.009901	-0.755615	0.266846	-0.154297	0.439183	-0.458012	-0.333383	-0.697279
07444		9.109488	0.604156	3.547252	-0.004423	0.005014	-0.009652	-0.755127	0.260010	-0.148682	0.439206	-0.457934	-0.333271	-0.697370
07445		9.115224	0.601046	3.560577	-0.010098	0.012767	-0.009002	-0.757812	0.268555	-0.157227	0.439121	-0.457852	-0.333169	-0.697526
07446		9.086713	0.607076	3.522517	-0.012597	0.015717	-0.009244	-0.759033	0.265869	-0.151367	0.439178	-0.457700	-0.332905	-0.697716
07447		9.064503	0.613129	3.515522	-0.013260	0.020673	-0.009816	-0.761475	0.271973	-0.160400	0.439191	-0.457564	-0.332697	-0.697896
07448		9.096901	0.608359	3.531672	-0.015668	0.018682	-0.007483	-0.751953	0.260254	-0.150635	0.439306	-0.457396	-0.332358	-0.698096
07449		9.080957	0.600351	3.557936	-0.014537	0.015858	-0.007196	-0.747314	0.272217	-0.153809	0.439226	-0.457318	-0.332159	-0.698292
07450		9.086718	0.602885	3.540924	-0.011688	0.013458	-0.009023	-0.760010	0.263916	-0.157959	0.439308	-0.457286	-0.331844	-0.698411
07451		9.078741	0.617915	3.570547	-0.009187	0.010431	-0.009434	-0.753906	0.264160	-0.160645	0.439284	-0.457138	-0.331711	-0.698586
07452		9.063719	0.601850	3.556567	-0.009088	0.004941	-0.011421	-0.756592	0.266357	-0.160156	0.439223	-0.457018	-0.331550	-0.698779
07453		9.063231	0.605714	3.566940	-0.009674	0.001614	-0.009672	-0.756836	0.262451	-0.156494	0.439194	-0.456952	-0.331402	-0.698910
07454		9.083187	0.579297	3.543913	-0.010937	-0.000176	-0.009399	-0.755859	0.267578	-0.148193	0.439092	-0.456932	-0.331317	-0.699029
07455		9.097011	0.580181	3.543804	-0.009006	-0.003421	-0.009758	-0.753174	0.259766	-0.149902	0.439047	-0.457053	-0.331289	-0.698991
07456		9.097207	0.576672	3.524337	-0.011403	-0.002154	-0.007819	-0.747070	0.266602	-0.149170	0.438900	-0.457125	-0.331245	-0.699056
07457		9.090173	0.571004	3.525536	-0.010033	-0.002278	-0.007867	-0.750244	0.264648	-0.149658	0.438851	-0.457250	-0.331119	-0.699065
07458		9.076367	0.576793	3.544046	-0.010832	-0.001856	-0.007221	-0.752930	0.270996	-0.154541	0.438780	-0.457352	-0.331014	-0.699093
07459		9.097695	0.601732	3.558097	-0.009461	-0.002058	-0.007921	-0.755859	0.268311	-0.156006	0.438804	-0.457419	-0.330858	-0.699108
07460		9.084085	0.598487	3.538499	-0.010948	-0.003362	-0.008360	-0.751221	0.260742	-0.146484	0.438774	-0.457465	-0.330731	-0.699157
07461		9.090936	0.594827	3.549024	-0.008781	-0.003752	-0.007751	-0.754150	0.254150	-0.147461	0.438643	-0.457577	-0.330722	-0.699170
07462		9.104211	0.563995	3.535911	-0.007413	-0.003797	-0.007146	-0.757080	0.263428	-0.145264	0.438438	-0.457630	-0.330783	-0.699235
07463		9.090930	0.582903	3.550964	-0.009242	-0.002158	-0.003954	-0.756592	0.267334	-0.143555	0.438380	-0.457761	-0.330761	-0.699196
07464		9.077202	0.583695	3.550555	-0.004443	-0.001035	-0.004966	-0.755127	0.263184	-0.146973	0.438392	-0.457890	-0.330757	-0.699106
07465		9.090371	0.550445	3.528349	-0.000680	-0.002112	-0.004347	-0.749512	0.264404	-0.150635	0.438379	-0.457949	-0.330784	-0.699063
07466		9.104003	0.557849	3.556994	0.008796	0.002747	-0.000726	-0.749268	0.266113	-0.153320	0.438488	-0.457907	-0.330766	-0.699030
07467		9.117328	0.560357	3.567670	0.009713	0.007481	0.002635	-0.756104	0.262939	-0.147217	0.438676	-0.457814	-0.330679	-0.699014
07468		9.103313	0.571796	3.556493	0.010052	0.008653	0.005786	-0.752686	0.265625	-0.151855	0.438851	-0.457757	-0.330694	-0.698935
07469		9.068712	0.565010	3.499033	0.003424	0.005363	0.005817	-0.740723	0.265137	-0.142090	0.439011	-0.457739	-0.330592	-0.698895
07470		9.054985	0.569483	3.517538	0.008420	-0.007520	0.003166	-0.749512	0.259033	-0.151123	0.439084	-0.457924	-0.330607	-0.698720
07471		9.103600	0.568186	3.546574	0.008308	-0.005451	0.004245	-0.751221	0.259521	-0.142578	0.439128	-0.457940	-0.330656	-0.698659
07472		9.137867	0.562901	3.558041	0.008802	0.006318	0.001488	-0.745361	0.274170	-0.153076	0.439179	-0.457933	-0.330722	-0.698600
07473		9.096050	0.580070	3.565787	0.004023	0.011645	0.001064	-0.745605	0.263428	-0.149902	0.439417	-0.457884	-0.330495	-0.698591
07474		9.080682	0.584460	3.588468	-0.008622	0.021994	0.002374	-0.747803	0.271729	-0.148193	0.439503	-0.457791	-0.330208	-0.698732
07475		9.071826	0.536558	3.542674	0.000695	0.005066	0.001344	-0.753174	0.263916	-0.153320	0.439646	-0.457857	-0.330064	-0.698668
07476		9.099504	0.544995	3.531585	-0.022263	0.005231	0.006980	-0.749023	0.268799	-0.147705	0.439637	-0.457956	-0.329761	-0.698751
07477		9.079109	0.535913	3.532065	-0.006343	-0.014781	0.008007	-0.750977	0.273682	-0.151367	0.439676	-0.458243	-0.329668	-0.698582
07478		9.040312	0.553832	3.541700	-0.001131	-0.035455	0.000328	-0.750244	0.271240	-0.159912	0.439653	-0.458628	-0.329731	-0.698314
07479		9.097107	0.499391	3.546754	0.018497	-0.038394	-0.000878	-0.750488	0.265381	-0.150879	0.439715	-0.458814	-0.329949	-0.698050
07480		9.170435	0.534309	3.501026	0.044671	-0.029916	-0.005749	-0.753418	0.265625	-0.146484	0.439835	-0.458818	-0.330480	-0.697720
07481		9.104862	0.588491	3.512377	0.042180	-0.023552	-0.005088	-0.754150	0.262695	-0.149170	0.439967	-0.458824	-0.330992	-0.697391
07482		9.091742	0.560730	3.485625	0.045415	-0.012347	-0.010570	-0.747070	0.270508	-0.157227	0.440095	-0.458645	-0.331510	-0.697182
07483		9.093281	0.590819	3.466779	0.036181	-0.007042	-0.007477	-0.749268	0.263672	-0.155273	0.440327	-0.458457	-0.331745	-0.697047
07484		9.127922	0.596632	3.504945	0.027054	-0.003728	-0.004805	-0.750732	0.268555	-0.147705	0.440467	-0.458283	-0.331947	-0.696977
07485		9.127489	0.581928	3.488863	0.024902	0.003343	-0.004905	-0.747559	0.264404	-0.154053	0.440651	-0.458166	-0.332108	-0.696861
07486		9.118706	0.547174	3.539028	0.015656	0.005309	-0.002059	-0.750244	0.271240	-0.154297	0.440792	-0.458012	-0.332140	-0.696857
07487		9.083243	0.536022	3.513759	0.010990	0.012063	-0.002002	-0.742920	0.259277	-0.146484	0.441009	-0.457857	-0.332062	-0.696859
07488		9.095950	0.546835	3.554171	0.026058	0.011104	0.000702	-0.753174	0.268799	-0.153564	0.441172	-0.457674	-0.332189	-0.696815
07489		9.095735	0.570239	3.531058	0.007450	0.012972	0.000696	-0.747070	0.256592	-0.151855	0.441363	-0.457538	-0.332106	-0.696823
07490		9.080393	0.552039	3.567561	0.017020	0.002002	-0.001057	-0.751953	0.265137	-0.150146	0.441411	-0.457406	-0.332237	-0.696818
07491		9.087956	0.588654	3.569422	0.004578	0.005266	0.001117	-0.755615	0.259033	-0.156494	0.441502	-0.457379	-0.332206	-0.696792
07492		9.102040	0.615246	3.564181	-0.008544	0.005999	-0.004304	-0.748535	0.260986	-0.151855	0.441436	-0.457291	-0.332127	-0.696929
07493		9.066326	0.582175	3.513899	-0.016525	0.009037	-0.007610	-0.746826	0.258789	-0.160889	0.441312	-0.457280	-0.331945	-0.697103
07494		9.064438	0.558139	3.532701	-0.017885	0.012262	-0.009269	-0.747559	0.269531	-0.145752	0.441210	-0.457130	-0.331719	-0.697372
07495		9.076786	0.570204	3.583431	-0.015254	0.013929	-0.009600	-0.743652	0.262695	-0.152100	0.441148	-0.457178	-0.331488	-0.697490
07496		9.062012	0.580467	3.564462	-0.012392	0.014793	-0.011828	-0.750488	0.266357	-0.154785	0.441058	-0.457092	-0.331297	-0.697694
07497		9.067022	0.557439	3.553763	-0.010107	0.012095	-0.014252	-0.749512	0.271973	-0.151367	0.440995	-0.456989	-0.331159	-0.697867
07498		9.085836	0.544608	3.580551	0.001657	0.010534	-0.016593	-0.757080	0.268066	-0.151123	0.441010	-0.456894	-0.331113	-0.697941
07499		9.063564	0.551617	3.622298	0.010781	0.011444	-0.011832	-0.743408	0.253662	-0.156250	0.441072	-0.456739	-0.331179	-0.697972
07500		9.055923	0.573082	3.610625	0.013293	0.015345	-0.009783	-0.749268	0.267334	-0.149170	0.441081	-0.456436	-0.331245	-0.698133
07501		9.054221	0.574112	3.605019	0.011246	0.020420	-0.010318	-0.750244	0.262207	-0.149658	0.441182	-0.456244	-0.331223	-0.698206
07502		9.044978	0.575509	3.630121	0.008279	0.021227	-0.010285	-0.751953	0.261475	-0.156006	0.441218	-0.456034	-0.331209	-0.698327
07503		9.036468	0.580535	3.613763	0.003595	0.018027	-0.010341	-0.740967	0.265869	-0.156982	0.441246	-0.455805	-0.331172	-0.698476
07504		9.056377	0.600731	3.602672	0.007361	0.010115	-0.011518	-0.752686	0.260498	-0.160645	0.441319	-0.455644	-0.331134	-0.698553
07505		9.061370	0.575326	3.631566	0.008278	0.004278	-0.013485	-0.749756	0.267334	-0.155273	0.441309	-0.455446	-0.331233	-0.698641
07506		9.067318	0.553790	3.618560	0.007126	0.004155	-0.010770	-0.753418	0.264404	-0.158447	0.441349	-0.455368	-0.331256	-0.698656
07507		9.052817	0.564025	3.647516	0.003696	0.002906	-0.009799	-0.751221	0.258301	-0.157471	0.441361	-0.455273	-0.331281	-0.698699
07508		9.046533	0.577565	3.604668	0.002561	-0.001120	-0.011896	-0.744629	0.268555	-0.156006	0.441268	-0.455197	-0.331358	-0.698770
07509		9.060022	0.566706	3.607645	0.004838	-0.003334	-0.010399	-0.743896	0.260010	-0.157227	0.441296	-0.455204	-0.331367	-0.698744
07510		9.073674	0.553228	3.600996	0.005174	-0.002309	-0.008556	-0.750977	0.265137	-0.157715	0.441272	-0.455155	-0.331410	-0.698771
07511		9.067526	0.572980	3.585741	0.003672	-0.003056	-0.004421	-0.745117	0.272461	-0.161621	0.441316	-0.455151	-0.331420	-0.698741
07512		9.054994	0.597018	3.558570	0.003001	-0.008370	-0.007703	-0.747314	0.267578	-0.153320	0.441420	-0.455175	-0.331400	-0.698669
07513		9.061551	0.570262	3.583924	0.005970	-0.009174	-0.007738	-0.746094	0.261719	-0.155762	0.441421	-0.455259	-0.331461	-0.698585
07514		9.068982	0.568211	3.592822	0.009169	-0.010540	-0.007714	-0.743896	0.265381	-0.159180	0.441394	-0.455285	-0.331581	-0.698527
07515		9.063553	0.593210	3.594174	0.009621	-0.014768	-0.005884	-0.748779	0.270508	-0.147949	0.441439	-0.455331	-0.331683	-0.698421
07516		9.063196	0.582241	3.655618	-0.001580	-0.003223	-0.004825	-0.753174	0.269043	-0.161377	0.441440	-0.455481	-0.331626	-0.698350
07517		9.071735	0.575154	3.535995	0.003227	-0.005593	-0.007400	-0.750000	0.266846	-0.162354	0.441505	-0.455458	-0.331645	-0.698314
07518		9.076838	0.538876	3.644892	-0.016323	-0.004065	-0.001394	-0.746582	0.269531	-0.158447	0.441507	-0.455538	-0.331448	-0.698355
07519		9.100816	0.581775	3.511695	-0.024893	-0.010418	0.001776	-0.753662	0.266113	-0.160645	0.441469	-0.455785	-0.331174	-0.698347
07520		9.048239	0.613183	3.518050	-0.006132	-0.037857	-0.002306	-0.754883	0.266846	-0.156738	0.441351	-0.456108	-0.331283	-0.698160
07521		9.077948	0.556320	3.562665	0.004294	-0.053123	-0.009520	-0.749512	0.268311	-0.162842	0.441151	-0.456511	-0.331616	-0.697864
07522		9.123218	0.538367	3.527116	0.019934	-0.041083	-0.011096	-0.756104	0.265137	-0.159912	0.441144	-0.456655	-0.331984	-0.697600
07523		9.120836	0.589867	3.505710	0.029640	-0.040246	-0.009023	-0.750244	0.261963	-0.148193	0.441153	-0.456757	-0.332465	-0.697298
07524		9.089375	0.593747	3.516740	0.030445	-0.037729	-0.012701	-0.752197	0.270264	-0.145752	0.441057	-0.456925	-0.332970	-0.697007
07525		9.098794	0.590039	3.501215	0.029403	-0.026879	-0.012683	-0.748047	0.262939	-0.150146	0.441085	-0.457047	-0.333383	-0.696712
07526		9.094437	0.624865	3.527518	0.025292	-0.026282	-0.010574	-0.753662	0.261719	-0.151123	0.441062	-0.457129	-0.333747	-0.696498
07527		9.116947	0.624249	3.533051	0.017403	-0.021282	-0.008822	-0.755371	0.261230	-0.140137	0.441018	-0.457198	-0.334029	-0.696346
07528		9.105086	0.640796	3.524764	0.006778	-0.019388	-0.007203	-0.750244	0.257812	-0.153809	0.440868	-0.457418	-0.334226	-0.696202
07529		9.105689	0.615892	3.528238	-0.006493	-0.009713	-0.009070	-0.755127	0.261963	-0.149658	0.440722	-0.457473	-0.334234	-0.696255
07530		9.120356	0.595618	3.440484	0.001171	-0.013660	-0.006976	-0.749023	0.264404	-0.152100	0.440635	-0.457579	-0.334325	-0.696197
07531		9.092801	0.594570	3.540206	-0.013823	-0.001313	-0.008421	-0.751709	0.255615	-0.151855	0.440553	-0.457640	-0.334186	-0.696275
07532		9.100018	0.571500	3.474284	-0.012536	-0.012484	-0.006433	-0.755859	0.269287	-0.148682	0.440352	-0.457770	-0.334158	-0.696330
07533		9.108330	0.575237	3.509804	0.000058	-0.024052	-0.006962	-0.753418	0.265869	-0.148682	0.440286	-0.458001	-0.334265	-0.696168
07534		9.151562	0.580450	3.524055	-0.008065	-0.018656	-0.006558	-0.757324	0.264160	-0.150879	0.440172	-0.458217	-0.334274	-0.696094
07535		9.138658	0.565213	3.514828	-0.011512	-0.009721	-0.003512	-0.759277	0.265381	-0.152588	0.440094	-0.458353	-0.334206	-0.696086
07536		9.091536	0.594727	3.485725	-0.011182	-0.005754	-0.004685	-0.751221	0.261230	-0.155029	0.440045	-0.458431	-0.334125	-0.696104
07537		9.085035	0.599007	3.473797	-0.006505	-0.002053	-0.000740	-0.746826	0.268311	-0.144531	0.440057	-0.458436	-0.334027	-0.696141
07538		9.119696	0.604809	3.472195	-0.007887	0.001164	-0.002393	-0.746094	0.259033	-0.156006	0.440075	-0.458539	-0.333876	-0.696134
07539		9.112584	0.603211	3.493100	-0.003777	0.000651	-0.003867	-0.752686	0.261230	-0.141846	0.440077	-0.458478	-0.333795	-0.696212
07540		9.112462	0.599259	3.474226	-0.002748	-0.000494	-0.005768	-0.749023	0.259521	-0.143066	0.439983	-0.458555	-0.333769	-0.696233
07541		9.126210	0.602648	3.483725	-0.002409	0.000130	-0.007189	-0.754150	0.262451	-0.152100	0.439879	-0.458603	-0.333742	-0.696281
07542		9.111938	0.593433	3.496895	-0.002191	0.002748	-0.008186	-0.745361	0.270996	-0.148193	0.439862	-0.458539	-0.333710	-0.696349
07543		9.097489	0.577267	3.481936	-0.002191	0.002667	-0.008840	-0.751465	0.264893	-0.146729	0.439914	-0.458543	-0.333621	-0.696356
07544		9.097047	0.570843	3.504509	-0.001042	-0.000552	-0.011819	-0.751953	0.261719	-0.146484	0.439850	-0.458549	-0.333621	-0.696392
07545		9.104121	0.591069	3.489996	-0.002074	0.000269	-0.012532	-0.752930	0.265625	-0.145508	0.439743	-0.458543	-0.333626	-0.696461
07546		9.103593	0.582885	3.503176	-0.001055	0.002548	-0.013529	-0.759277	0.263916	-0.150879	0.439674	-0.458529	-0.333620	-0.696516
07547		9.102922	0.572714	3.507168	0.002025	0.003022	-0.014408	-0.753906	0.275635	-0.148193	0.439627	-0.458430	-0.333669	-0.696588
07548		9.102424	0.578528	3.517401	0.004307	0.004079	-0.013329	-0.749268	0.264893	-0.146729	0.439712	-0.458381	-0.333662	-0.696571
07549		9.081422	0.602297	3.513322	0.004416	0.005509	-0.012849	-0.756348	0.255615	-0.148438	0.439703	-0.458303	-0.333673	-0.696622
07550		9.121971	0.607850	3.524551	0.014445	0.010183	-0.013273	-0.750977	0.259277	-0.147705	0.439678	-0.458082	-0.333805	-0.696720
07551		9.093092	0.587657	3.482331	0.025076	0.008559	-0.012950	-0.756348	0.268555	-0.151367	0.439750	-0.457842	-0.334004	-0.696737
07552		9.085237	0.588832	3.494779	0.035137	0.006874	-0.011264	-0.752930	0.265625	-0.146484	0.439988	-0.457564	-0.334269	-0.696642
07553		9.112497	0.609679	3.501478	0.040302	0.002775	-0.007704	-0.754395	0.263184	-0.147949	0.440216	-0.457350	-0.334584	-0.696487
07554		9.105653	0.634807	3.496086	0.042031	0.000594	-0.004208	-0.744629	0.268555	-0.153076	0.440460	-0.457141	-0.334919	-0.696309
07555		9.112331	0.623879	3.519192	0.039770	-0.003483	-0.002925	-0.750000	0.268555	-0.147461	0.440779	-0.456964	-0.335193	-0.696092
07556		9.099118	0.627744	3.516946	0.039468	-0.010380	0.001273	-0.750488	0.264404	-0.154053	0.441061	-0.456915	-0.335501	-0.695797
07557		9.100111	0.625514	3.494966	0.030795	-0.011746	0.002551	-0.747559	0.263916	-0.149658	0.441296	-0.456860	-0.335746	-0.695566
07558		9.094441	0.638939	3.508892	0.019377	-0.013215	0.001335	-0.750977	0.264160	-0.157959	0.441424	-0.456914	-0.335903	-0.695373
07559		9.094647	0.609191	3.555038	0.004133	-0.003271	0.002856	-0.756104	0.265381	-0.142090	0.441563	-0.456897	-0.335868	-0.695313
07560		9.088457	0.630442	3.498384	0.000355	-0.002641	-0.001010	-0.753174	0.257324	-0.149902	0.441564	-0.457016	-0.335848	-0.695243
07561		9.087622	0.579899	3.581836	-0.024227	0.000689	-0.000814	-0.758057	0.261475	-0.148193	0.441414	-0.457153	-0.335605	-0.695366
07562		9.130394	0.625448	3.437863	-0.026009	-0.007687	0.001668	-0.751953	0.266113	-0.149658	0.441260	-0.457404	-0.335381	-0.695407
07563		9.090305	0.602907	3.459319	-0.011040	-0.032290	-0.004635	-0.749756	0.267334	-0.155762	0.441090	-0.457763	-0.335421	-0.695259
07564		9.100249	0.590545	3.484235	-0.008692	-0.044936	-0.007153	-0.748047	0.264893	-0.151611	0.440910	-0.458154	-0.335550	-0.695053
07565		9.144652	0.578759	3.479054	0.014535	-0.030494	-0.009548	-0.760254	0.260742	-0.153320	0.440866	-0.458304	-0.335821	-0.694852
07566		9.174802	0.608075	3.405349	0.029925	-0.024360	-0.010487	-0.752441	0.266113	-0.148438	0.440884	-0.458275	-0.336246	-0.694654
07567		9.073530	0.631373	3.435107	0.030507	-0.027980	-0.014719	-0.752686	0.264404	-0.140137	0.440891	-0.458317	-0.336682	-0.694411
07568		9.096186	0.646138	3.436907	0.029777	-0.019605	-0.014420	-0.751953	0.261719	-0.151855	0.440874	-0.458353	-0.337075	-0.694207
07569		9.104671	0.647452	3.391934	0.022180	-0.024300	-0.006107	-0.746338	0.263184	-0.150635	0.440910	-0.458401	-0.337376	-0.694005
07570		9.148303	0.668008	3.401501	0.017842	-0.023062	-0.003372	-0.760498	0.257568	-0.151367	0.440968	-0.458489	-0.337597	-0.693803
07571		9.143286	0.652365	3.410334	0.011241	-0.026234	-0.001942	-0.756592	0.265137	-0.139404	0.440920	-0.458616	-0.337828	-0.693637
07572		9.138024	0.606791	3.416582	0.000261	-0.025577	-0.003408	-0.758057	0.266357	-0.145752	0.440809	-0.458911	-0.337941	-0.693458
07573		9.167707	0.610616	3.369074	0.003141	-0.027464	-0.001341	-0.753906	0.266602	-0.145996	0.440772	-0.459160	-0.338074	-0.693252
07574		9.128739	0.631264	3.439904	0.007651	-0.015214	0.002162	-0.763916	0.265137	-0.145996	0.440854	-0.459289	-0.338145	-0.693080
07575		9.136899	0.615285	3.347907	-0.002307	-0.029851	0.002590	-0.758545	0.263184	-0.144043	0.440794	-0.459588	-0.338244	-0.692871
07576		9.118460	0.565490	3.394657	0.014253	-0.030035	0.000332	-0.762451	0.268555	-0.146484	0.440791	-0.459797	-0.338491	-0.692614
07577		9.156332	0.611302	3.426081	0.003055	-0.028395	0.002094	-0.746582	0.263916	-0.142090	0.440801	-0.460050	-0.338615	-0.692379
07578		9.165594	0.628377	3.405343	-0.003493	-0.023863	0.001231	-0.748779	0.258789	-0.144531	0.440743	-0.460325	-0.338632	-0.692224
07579		9.167055	0.622648	3.382051	-0.006974	-0.015258	0.001672	-0.762451	0.264893	-0.152344	0.440671	-0.460508	-0.338588	-0.692170
07580		9.154710	0.626803	3.397908	-0.010423	-0.013512	0.000323	-0.750977	0.260498	-0.140381	0.440649	-0.460633	-0.338530	-0.692130
07581		9.148914	0.630310	3.383791	-0.012949	-0.014184	-0.002104	-0.753174	0.263428	-0.143311	0.440506	-0.460855	-0.338454	-0.692110
07582		9.143198	0.625999	3.392028	-0.016527	-0.014291	-0.007200	-0.751465	0.259766	-0.145020	0.440336	-0.461055	-0.338374	-0.692123
07583		9.157527	0.605463	3.364198	-0.017232	-0.012771	-0.008681	-0.751953	0.263428	-0.140381	0.440137	-0.461216	-0.338292	-0.692183
07584		9.157892	0.585902	3.336750	-0.015217	-0.011897	-0.013564	-0.749512	0.260742	-0.145752	0.439920	-0.461381	-0.338245	-0.692235
07585		9.165972	0.601832	3.360942	-0.013172	-0.010436	-0.013870	-0.755859	0.262939	-0.146240	0.439731	-0.461470	-0.338209	-0.692313
07586		9.166525	0.615106	3.346033	-0.009424	-0.008384	-0.015014	-0.751953	0.260254	-0.142334	0.439577	-0.461512	-0.338211	-0.692381
07587		9.159817	0.581978	3.343222	-0.008258	-0.011197	-0.014734	-0.757568	0.266602	-0.136719	0.439382	-0.461600	-0.338232	-0.692436
07588		9.146434	0.577205	3.312328	-0.011201	-0.013588	-0.013600	-0.756836	0.261230	-0.141846	0.439189	-0.461785	-0.338233	-0.692435
07589		9.161657	0.599786	3.334193	-0.013369	-0.013056	-0.012875	-0.757812	0.261475	-0.144775	0.438977	-0.461924	-0.338218	-0.692483
07590		9.183386	0.635284	3.322696	-0.009633	-0.011167	-0.015328	-0.759521	0.267822	-0.142334	0.438794	-0.461991	-0.338242	-0.692543
07591		9.183842	0.603488	3.350153	-0.002855	-0.005534	-0.019091	-0.758789	0.268066	-0.141113	0.438686	-0.461987	-0.338308	-0.692582
07592		9.183411	0.591604	3.344040	-0.000745	0.004303	-0.016449	-0.756592	0.268555	-0.133057	0.438654	-0.461908	-0.338320	-0.692650
07593		9.141791	0.591780	3.387045	0.005215	0.006662	-0.011777	-0.752930	0.265381	-0.137207	0.438673	-0.461860	-0.338338	-0.692661
07594		9.147836	0.598581	3.377370	0.003638	0.007834	-0.007839	-0.754395	0.259766	-0.140137	0.438721	-0.461791	-0.338309	-0.692690
07595		9.160981	0.614251	3.375295	0.008785	0.006520	-0.008646	-0.756348	0.263916	-0.140381	0.438745	-0.461669	-0.338348	-0.692737
07596		9.160145	0.601131	3.370556	0.013147	0.005877	-0.006830	-0.761475	0.265625	-0.145264	0.438844	-0.461544	-0.338416	-0.692725
07597		9.132127	0.621903	3.387851	0.010623	0.009131	-0.004427	-0.759521	0.258789	-0.139893	0.438995	-0.461380	-0.338439	-0.692727
07598		9.138046	0.614243	3.382010	0.012021	0.009521	-0.000568	-0.750244	0.269531	-0.144775	0.439100	-0.461251	-0.338454	-0.692739
07599		9.137347	0.626731	3.370520	0.014442	0.004833	-0.003452	-0.751465	0.267822	-0.135986	0.439312	-0.461129	-0.338499	-0.692664
07600		9.157681	0.608334	3.375955	0.016094	0.001150	-0.001093	-0.750244	0.267334	-0.140137	0.439475	-0.461101	-0.338572	-0.692543
07601		9.178307	0.607618	3.396969	0.010921	0.005892	0.000611	-0.755615	0.259766	-0.139648	0.439659	-0.461038	-0.338562	-0.692474
07602		9.143105	0.615227	3.397393	0.005498	0.010860	-0.000359	-0.755615	0.262695	-0.142578	0.439741	-0.460944	-0.338504	-0.692513
07603		9.148844	0.603802	3.382544	0.002428	0.010461	0.001202	-0.762207	0.259521	-0.146973	0.439856	-0.460864	-0.338408	-0.692540
07604		9.141110	0.608305	3.373396	0.004958	0.007289	-0.000544	-0.763672	0.258789	-0.140381	0.439936	-0.460750	-0.338378	-0.692579
07605		9.126947	0.600798	3.397176	0.006686	0.004453	-0.002284	-0.759033	0.262939	-0.145752	0.439957	-0.460691	-0.338393	-0.692598
07606		9.154036	0.588248	3.401465	0.004846	0.005687	-0.002332	-0.754395	0.267090	-0.142090	0.440044	-0.460604	-0.338371	-0.692611
07607		9.139966	0.599119	3.441125	0.002404	0.009956	-0.002728	-0.754639	0.263672	-0.148682	0.440156	-0.460529	-0.338293	-0.692628
07608		9.138847	0.604182	3.463538	-0.011740	0.020223	-0.001868	-0.758057	0.260254	-0.139404	0.440236	-0.460394	-0.338036	-0.692792
07609		9.129760	0.580562	3.402929	0.002265	0.011700	-0.004270	-0.751709	0.269531	-0.144043	0.440255	-0.460307	-0.337969	-0.692871
07610		9.156186	0.581925	3.415761	-0.033988	0.018019	0.000358	-0.753906	0.263916	-0.142334	0.440247	-0.460372	-0.337507	-0.693058
07611		9.127505	0.596917	3.373751	-0.015666	0.000817	-0.000531	-0.758057	0.270264	-0.140869	0.440199	-0.460483	-0.337312	-0.693110
07612		9.100643	0.606693	3.410846	-0.011258	-0.010863	-0.007299	-0.760010	0.265869	-0.149414	0.440110	-0.460661	-0.337262	-0.693072
07613		9.135740	0.539640	3.446334	0.005730	-0.008945	-0.010516	-0.754150	0.268311	-0.141846	0.440097	-0.460645	-0.337375	-0.693036
07614		9.163300	0.568664	3.377355	0.026583	-0.003114	-0.011125	-0.760010	0.261719	-0.152588	0.440222	-0.460520	-0.337627	-0.692917
07615		9.109146	0.613013	3.416008	0.026203	-0.012110	-0.012635	-0.765869	0.262451	-0.144775	0.440271	-0.460383	-0.337947	-0.692821
07616		9.102860	0.614290	3.424847	0.023375	-0.005790	-0.016601	-0.758057	0.262207	-0.145996	0.440265	-0.460241	-0.338243	-0.692774
07617		9.123593	0.621116	3.402526	0.017667	-0.004455	-0.013778	-0.754395	0.260742	-0.144775	0.440273	-0.460128	-0.338450	-0.692744
07618		9.124145	0.643365	3.416365	0.011664	-0.007084	-0.009768	-0.758301	0.262695	-0.145264	0.440258	-0.460096	-0.338589	-0.692706
07619		9.152079	0.649143	3.424329	0.006790	-0.002235	-0.013427	-0.754883	0.265381	-0.142822	0.440220	-0.460031	-0.338688	-0.692725
07620		9.144983	0.621861	3.442538	-0.001729	0.001900	-0.016116	-0.758789	0.267090	-0.147949	0.440147	-0.459989	-0.338697	-0.692795
07621		9.137238	0.602187	3.439783	-0.009211	0.009244	-0.012618	-0.752930	0.266357	-0.151123	0.440125	-0.459907	-0.338588	-0.692917
07622		9.136318	0.615409	3.428655	0.007415	0.006628	-0.008598	-0.752441	0.267090	-0.148438	0.440238	-0.459755	-0.338603	-0.692938
07623		9.128531	0.621890	3.419231	-0.000151	0.008852	-0.008440	-0.757324	0.263428	-0.142334	0.440315	-0.459646	-0.338540	-0.692993
07624		9.107375	0.585789	3.409477	0.008370	-0.006834	-0.007609	-0.762695	0.258545	-0.145996	0.440314	-0.459662	-0.338643	-0.692932
07625		9.121974	0.616595	3.461512	0.012416	-0.000467	-0.007324	-0.757324	0.257568	-0.142578	0.440326	-0.459570	-0.338750	-0.692933
07626		9.135636	0.619161	3.461309	0.001755	0.000759	-0.010188	-0.751953	0.259277	-0.144531	0.440243	-0.459538	-0.338766	-0.693000
07627		9.121343	0.634407	3.458879	-0.002183	0.007634	-0.006173	-0.751221	0.259521	-0.151855	0.440234	-0.459477	-0.338677	-0.693089
07628		9.148191	0.646070	3.447325	-0.004212	0.006419	-0.003902	-0.757812	0.263916	-0.142090	0.440264	-0.459401	-0.338564	-0.693175
07629		9.126785	0.624141	3.444806	-0.003976	0.005858	-0.003845	-0.759033	0.258545	-0.147461	0.440279	-0.459398	-0.338466	-0.693216
07630		9.119237	0.626581	3.425332	0.000278	0.003625	-0.003808	-0.747559	0.264893	-0.146973	0.440280	-0.459348	-0.338418	-0.693272
07631		9.132781	0.627659	3.425716	0.003961	0.001081	-0.004364	-0.749268	0.256348	-0.146240	0.440363	-0.459314	-0.338403	-0.693249
07632		9.146194	0.637681	3.403488	0.007366	0.002274	-0.006046	-0.753174	0.262451	-0.151855	0.440367	-0.459238	-0.338421	-0.693288
07633		9.145892	0.641950	3.413641	0.005058	0.004796	-0.004902	-0.757568	0.271973	-0.146729	0.440459	-0.459126	-0.338411	-0.693309
07634		9.145440	0.618970	3.431328	-0.000095	0.006097	-0.004103	-0.759766	0.259033	-0.143311	0.440590	-0.459081	-0.338352	-0.693284
07635		9.151591	0.610338	3.425279	0.003671	0.008927	0.000645	-0.752686	0.258057	-0.150879	0.440650	-0.459018	-0.338276	-0.693325
07636		9.129860	0.625232	3.403601	-0.000007	0.011640	0.002508	-0.751953	0.262451	-0.149902	0.440754	-0.458912	-0.338137	-0.693397
07637		9.115208	0.638316	3.402506	0.001731	0.008807	0.000772	-0.750732	0.268311	-0.147705	0.440877	-0.458827	-0.338041	-0.693422
07638		9.128445	0.612063	3.410875	0.002792	0.004057	-0.003344	-0.764404	0.271240	-0.139893	0.440998	-0.458782	-0.338005	-0.693392
07639		9.141817	0.597102	3.405655	0.005780	0.003536	-0.001452	-0.756592	0.261963	-0.144775	0.441116	-0.458782	-0.338003	-0.693318
07640		9.148315	0.601911	3.395185	0.004981	0.004040	-0.000138	-0.755859	0.257080	-0.141846	0.441187	-0.458750	-0.337968	-0.693310
07641		9.141225	0.600159	3.416785	0.006374	0.004614	0.005036	-0.757812	0.266602	-0.143066	0.441254	-0.458742	-0.337907	-0.693304
07642		9.140896	0.601995	3.427414	0.006239	0.006609	0.005453	-0.746338	0.265869	-0.150879	0.441421	-0.458721	-0.337839	-0.693244
07643		9.126749	0.603965	3.438137	0.008315	0.004733	0.004908	-0.754150	0.261230	-0.144287	0.441633	-0.458658	-0.337792	-0.693174
07644		9.119682	0.588565	3.463202	0.007411	0.003633	0.004435	-0.758545	0.257080	-0.147461	0.441741	-0.458641	-0.337749	-0.693137
07645		9.146883	0.609763	3.437933	0.008887	0.005046	0.005500	-0.748779	0.264648	-0.151123	0.441841	-0.458582	-0.337712	-0.693130
07646		9.125546	0.595370	3.412655	0.007035	0.005934	0.002827	-0.756348	0.269287	-0.147949	0.442013	-0.458504	-0.337663	-0.693096
07647		9.132351	0.585764	3.456540	0.008197	0.002616	-0.000808	-0.751709	0.261475	-0.143555	0.442156	-0.458458	-0.337672	-0.693031
07648		9.118088	0.568442	3.441930	0.006918	0.003901	-0.002233	-0.752930	0.264893	-0.147461	0.442199	-0.458422	-0.337657	-0.693035
07649		9.145264	0.582998	3.439213	0.005402	0.005663	-0.004371	-0.757080	0.260742	-0.146240	0.442269	-0.458351	-0.337637	-0.693047
07650		9.137532	0.593765	3.449036	0.002104	0.013348	-0.006508	-0.750977	0.265381	-0.155273	0.442283	-0.458224	-0.337561	-0.693159
07651		9.122145	0.590222	3.433850	-0.003895	0.018159	-0.006789	-0.754150	0.262939	-0.149170	0.442377	-0.458038	-0.337413	-0.693294
07652		9.134241	0.573664	3.422369	0.000113	0.015975	-0.010733	-0.756348	0.263916	-0.146484	0.442389	-0.457871	-0.337330	-0.693437
07653		9.119089	0.556787	3.461397	0.002533	0.015315	-0.008122	-0.759277	0.269287	-0.141357	0.442426	-0.457727	-0.337255	-0.693545
07654		9.124473	0.565631	3.463255	0.005712	0.017324	-0.007898	-0.751709	0.272217	-0.153564	0.442504	-0.457591	-0.337192	-0.693616
07655		9.143509	0.598953	3.448807	0.007986	0.018147	-0.008801	-0.752686	0.255127	-0.154541	0.442687	-0.457361	-0.337155	-0.693668
07656		9.127419	0.592154	3.528257	0.000224	0.037002	-0.008156	-0.751221	0.261719	-0.147217	0.442768	-0.456987	-0.336942	-0.693966
07657		9.117075	0.616518	3.429279	0.007357	0.031964	-0.013234	-0.747559	0.258545	-0.158936	0.442843	-0.456656	-0.336837	-0.694187
07658		9.086286	0.574009	3.540449	-0.025997	0.040840	-0.007894	-0.747803	0.267578	-0.158691	0.442852	-0.456380	-0.336377	-0.694586
07659		9.097135	0.599132	3.429973	-0.021538	0.022485	-0.004422	-0.757324	0.267578	-0.149414	0.442911	-0.456270	-0.336038	-0.694784
07660		9.068619	0.629915	3.495029	-0.013926	-0.002835	-0.008203	-0.754395	0.262939	-0.152100	0.442804	-0.456383	-0.335923	-0.694835
07661		9.103702	0.547732	3.525616	0.004941	-0.013739	-0.013805	-0.745605	0.263916	-0.151611	0.442689	-0.456439	-0.336063	-0.694804
07662		9.138667	0.562601	3.480529	0.029824	-0.001640	-0.015401	-0.748535	0.262939	-0.158447	0.442777	-0.456250	-0.336351	-0.694732
07663		9.097689	0.603828	3.448704	0.034678	-0.014851	-0.014617	-0.755371	0.259766	-0.155029	0.442870	-0.456108	-0.336764	-0.694566
07664		9.064146	0.595408	3.469339	0.034874	-0.012412	-0.016954	-0.747803	0.272949	-0.151123	0.442897	-0.455952	-0.337179	-0.694450
07665		9.085258	0.616461	3.493673	0.035886	-0.001836	-0.015740	-0.755615	0.257568	-0.145508	0.443096	-0.455745	-0.337529	-0.694289
07666		9.105996	0.628937	3.490728	0.028264	-0.003635	-0.010421	-0.758301	0.270020	-0.155518	0.443112	-0.455637	-0.337783	-0.694225
07667		9.126651	0.653637	3.484492	0.027986	0.000444	-0.008949	-0.757080	0.260986	-0.156494	0.443313	-0.455453	-0.338028	-0.694099
07668		9.126477	0.670693	3.531408	0.016999	0.000844	-0.011727	-0.752441	0.261230	-0.156982	0.443360	-0.455299	-0.338188	-0.694092
07669		9.126140	0.629439	3.523768	0.004829	0.004218	-0.013498	-0.761719	0.263184	-0.152588	0.443350	-0.455176	-0.338230	-0.694159
07670		9.112205	0.612653	3.447871	0.013111	-0.007443	-0.011746	-0.762451	0.267578	-0.148926	0.443331	-0.455144	-0.338402	-0.694108
07671		9.057173	0.622797	3.526161	0.001559	0.001199	-0.010917	-0.744873	0.257812	-0.156738	0.443310	-0.455131	-0.338417	-0.694122
07672		9.099022	0.610236	3.467843	0.003969	-0.015702	-0.010140	-0.744873	0.262695	-0.152100	0.443225	-0.455201	-0.338532	-0.694075
07673		9.114433	0.626353	3.510330	0.014483	-0.023537	-0.011692	-0.751709	0.264893	-0.146484	0.443173	-0.455306	-0.338785	-0.693916
07674		9.129644	0.637844	3.534382	0.001503	-0.012062	-0.015158	-0.753662	0.264404	-0.152588	0.443045	-0.455403	-0.338880	-0.693887
07675		9.116072	0.635376	3.514381	-0.006452	0.001254	-0.010476	-0.753174	0.255371	-0.148438	0.442995	-0.455408	-0.338818	-0.693946
07676		9.080890	0.648951	3.481830	-0.013273	0.006550	-0.009462	-0.753906	0.259766	-0.152588	0.442845	-0.455424	-0.338653	-0.694112
07677		9.052605	0.639179	3.496689	-0.013510	0.006936	-0.010836	-0.747559	0.266846	-0.147217	0.442740	-0.455412	-0.338500	-0.694262
07678		9.100200	0.658107	3.483093	-0.014597	0.003132	-0.010939	-0.755859	0.252686	-0.151367	0.442646	-0.455483	-0.338341	-0.694352
07679		9.120810	0.645039	3.507620	-0.011896	-0.002202	-0.014389	-0.757568	0.265137	-0.153320	0.442417	-0.455524	-0.338274	-0.694504
07680		9.114019	0.640570	3.508838	-0.008198	-0.004473	-0.012962	-0.759521	0.255127	-0.156738	0.442315	-0.455574	-0.338246	-0.694550
07681		9.114018	0.637990	3.489472	-0.002424	-0.000745	-0.013112	-0.752441	0.260986	-0.156738	0.442203	-0.455523	-0.338260	-0.694648
07682		9.093132	0.662893	3.493211	-0.001472	-0.002638	-0.010246	-0.750732	0.254395	-0.150635	0.442170	-0.455505	-0.338268	-0.694677
07683		9.106991	0.647013	3.477522	-0.001617	-0.000989	-0.012459	-0.755615	0.253418	-0.151611	0.442043	-0.455494	-0.338265	-0.694766
07684		9.100003	0.642908	3.479203	-0.000481	-0.000357	-0.011272	-0.749268	0.261963	-0.151855	0.441928	-0.455468	-0.338269	-0.694854
07685		9.106797	0.643700	3.499882	-0.000150	0.000693	-0.009428	-0.748291	0.259033	-0.148193	0.441912	-0.455451	-0.338251	-0.694885
07686		9.106529	0.653305	3.528559	-0.002236	0.002560	-0.008891	-0.752686	0.263916	-0.146729	0.441854	-0.455451	-0.338191	-0.694951
07687		9.099460	0.640530	3.502311	-0.003318	-0.000984	-0.007027	-0.750488	0.260742	-0.149902	0.441808	-0.455512	-0.338129	-0.694970
07688		9.106165	0.646254	3.491138	-0.002328	0.001211	-0.008708	-0.746094	0.266113	-0.157959	0.441765	-0.455516	-0.338081	-0.695018
07689		9.092238	0.647916	3.491152	-0.003080	-0.001804	-0.008936	-0.750488	0.255371	-0.147217	0.441796	-0.455507	-0.338057	-0.695016
07690		9.099425	0.637291	3.524273	-0.003739	-0.003383	-0.008691	-0.757080	0.256104	-0.151611	0.441672	-0.455568	-0.338018	-0.695074
07691		9.127138	0.634040	3.504772	-0.002273	-0.001961	-0.007626	-0.752197	0.260254	-0.152344	0.441593	-0.455583	-0.337996	-0.695125
07692		9.106266	0.647439	3.521839	-0.000388	0.001255	-0.009491	-0.758057	0.259521	-0.153809	0.441564	-0.455556	-0.337977	-0.695170
07693		9.119591	0.655043	3.490485	-0.003849	0.003393	-0.007578	-0.751953	0.259521	-0.151123	0.441535	-0.455525	-0.337916	-0.695238
07694		9.098411	0.655272	3.461223	-0.008867	0.002412	-0.009173	-0.754639	0.253174	-0.151855	0.441453	-0.455543	-0.337811	-0.695329
07695		9.091435	0.641641	3.485944	-0.008719	0.000416	-0.009586	-0.755859	0.260010	-0.145508	0.441319	-0.455560	-0.337732	-0.695442
07696		9.105246	0.629653	3.489616	-0.004927	-0.000239	-0.006372	-0.755127	0.258301	-0.147461	0.441230	-0.455629	-0.337645	-0.695495
07697		9.105081	0.651704	3.514213	-0.001136	-0.001239	-0.005783	-0.751465	0.255371	-0.151123	0.441169	-0.455672	-0.337601	-0.695527
07698		9.111986	0.646265	3.515948	-0.001283	0.000756	-0.005371	-0.756348	0.263428	-0.152344	0.441135	-0.455670	-0.337555	-0.695573
07699		9.077091	0.634100	3.551097	-0.011400	0.010607	-0.004773	-0.751953	0.260254	-0.146484	0.441135	-0.455648	-0.337360	-0.695682
07700		9.083373	0.621688	3.475091	0.005586	0.000090	-0.006998	-0.749512	0.256592	-0.151123	0.441115	-0.455648	-0.337364	-0.695692
07701		9.110876	0.583664	3.547682	-0.028599	0.013900	-0.000922	-0.744141	0.263672	-0.151367	0.441028	-0.455704	-0.336979	-0.695897
07702		9.130336	0.648598	3.450211	-0.017501	-0.006140	-0.000903	-0.754639	0.265381	-0.149170	0.440969	-0.455887	-0.336786	-0.695909
07703		9.076152	0.663754	3.504020	-0.001829	-0.021020	-0.011833	-0.752686	0.264160	-0.155029	0.440815	-0.456083	-0.336873	-0.695835
07704		9.099754	0.581124	3.470440	0.005544	-0.030929	-0.014284	-0.750977	0.263672	-0.151123	0.440682	-0.456269	-0.337115	-0.695680
07705		9.129281	0.597092	3.451066	0.023791	-0.022284	-0.017105	-0.752930	0.262451	-0.149658	0.440643	-0.456290	-0.337471	-0.695518
07706		9.110232	0.657266	3.460004	0.029857	-0.035008	-0.016452	-0.752930	0.253906	-0.147949	0.440574	-0.456397	-0.337946	-0.695262
07707		9.106201	0.659443	3.514115	0.037979	-0.029338	-0.019674	-0.748535	0.260254	-0.151367	0.440495	-0.456387	-0.338487	-0.695055
07708		9.108102	0.661500	3.488844	0.039002	-0.021405	-0.013441	-0.751465	0.252197	-0.143799	0.440579	-0.456318	-0.338955	-0.694819
07709		9.116315	0.681794	3.459191	0.029636	-0.020499	-0.007017	-0.753174	0.263672	-0.148193	0.440570	-0.456354	-0.339289	-0.694638
07710		9.138710	0.689560	3.493953	0.024974	-0.015745	-0.006714	-0.746338	0.259766	-0.146973	0.440647	-0.456369	-0.339552	-0.694451
07711		9.126204	0.676419	3.484694	0.014403	-0.012478	-0.003862	-0.757812	0.264893	-0.152832	0.440687	-0.456426	-0.339686	-0.694322
07712		9.099500	0.664534	3.486315	0.004088	-0.005601	-0.004843	-0.761230	0.252197	-0.152832	0.440736	-0.456446	-0.339720	-0.694261
07713		9.120805	0.644704	3.429152	0.016584	-0.012990	-0.004593	-0.749512	0.264160	-0.158447	0.440758	-0.456434	-0.339926	-0.694154
07714		9.101131	0.647416	3.456883	0.005616	-0.007520	-0.004010	-0.760986	0.260986	-0.148438	0.440869	-0.456426	-0.339995	-0.694055
07715		9.130378	0.638238	3.465861	0.008605	-0.025265	-0.001157	-0.749512	0.252930	-0.149658	0.440839	-0.456626	-0.340151	-0.693867
07716		9.111766	0.635238	3.471912	0.011133	-0.020469	-0.003286	-0.759277	0.263184	-0.148926	0.440813	-0.456735	-0.340322	-0.693727
07717		9.133508	0.680473	3.496509	-0.003225	-0.012131	-0.005548	-0.754883	0.255371	-0.141357	0.440756	-0.456865	-0.340327	-0.693676
07718		9.119699	0.686413	3.463635	-0.016183	0.000981	-0.006520	-0.750244	0.252930	-0.145264	0.440587	-0.456980	-0.340135	-0.693801
07719		9.112491	0.658161	3.442208	-0.021562	0.007764	-0.003759	-0.761230	0.257324	-0.138428	0.440464	-0.457047	-0.339858	-0.693972
07720		9.098148	0.664254	3.472706	-0.026573	0.007207	-0.002054	-0.757324	0.261475	-0.144043	0.440276	-0.457207	-0.339505	-0.694157
07721		9.111444	0.660327	3.464662	-0.016644	0.002890	-0.000736	-0.760986	0.257812	-0.147217	0.440205	-0.457328	-0.339266	-0.694241
07722		9.118585	0.642097	3.479985	-0.014076	-0.000352	-0.003135	-0.749268	0.254639	-0.144287	0.440114	-0.457420	-0.339103	-0.694317
07723		9.118756	0.623781	3.464584	-0.003982	-0.002319	-0.004808	-0.760010	0.259277	-0.141357	0.440044	-0.457479	-0.339035	-0.694355
07724		9.119031	0.625004	3.463639	0.003518	-0.006002	-0.006102	-0.750977	0.261475	-0.147949	0.439968	-0.457554	-0.339045	-0.694349
07725		9.133157	0.619339	3.433653	0.012009	-0.006788	-0.003826	-0.754883	0.260498	-0.147705	0.440032	-0.457559	-0.339135	-0.694262
07726		9.112906	0.645935	3.445114	0.012318	-0.010518	-0.002684	-0.756104	0.260010	-0.149902	0.440079	-0.457598	-0.339246	-0.694151
07727		9.113946	0.650061	3.451643	0.015467	-0.012916	-0.000550	-0.757324	0.256348	-0.144043	0.440166	-0.457633	-0.339396	-0.694000
07728		9.128665	0.646855	3.429608	0.012796	-0.011813	-0.003882	-0.756348	0.255615	-0.145264	0.440155	-0.457688	-0.339524	-0.693909
07729		9.136316	0.657804	3.434705	0.011931	-0.007788	-0.001021	-0.757324	0.252930	-0.145752	0.440190	-0.457714	-0.339611	-0.693827
07730		9.136870	0.656444	3.423407	0.012260	-0.006910	-0.000489	-0.746094	0.257568	-0.149658	0.440228	-0.457721	-0.339704	-0.693752
07731		9.130390	0.666741	3.429592	0.008546	-0.004658	-0.001903	-0.756348	0.254639	-0.137207	0.440311	-0.457708	-0.339758	-0.693681
07732		9.123601	0.674340	3.427025	0.006539	-0.001447	-0.001540	-0.757568	0.263428	-0.145264	0.440268	-0.457759	-0.339732	-0.693687
07733		9.124219	0.669547	3.458279	0.003377	-0.003483	-0.001748	-0.749268	0.260986	-0.147461	0.440289	-0.457813	-0.339705	-0.693652
07734		9.124779	0.633471	3.426776	0.001581	-0.005880	-0.003996	-0.756592	0.257324	-0.151123	0.440295	-0.457864	-0.339702	-0.693616
07735		9.132652	0.617283	3.439931	0.000598	-0.008428	-0.004937	-0.759277	0.258789	-0.151367	0.440283	-0.457903	-0.339741	-0.693579
07736		9.118950	0.639884	3.411793	0.004068	-0.010297	-0.004899	-0.750244	0.254150	-0.143311	0.440285	-0.457940	-0.339819	-0.693515
07737		9.140562	0.642617	3.439870	0.003041	-0.004627	-0.004253	-0.759766	0.255127	-0.148682	0.440248	-0.457979	-0.339822	-0.693511
07738		9.126882	0.643637	3.439463	0.003059	0.000069	-0.004209	-0.759033	0.248535	-0.149902	0.440261	-0.457943	-0.339828	-0.693524
07739		9.133550	0.633118	3.422717	0.002992	0.003416	-0.003980	-0.747070	0.260254	-0.142578	0.440279	-0.457852	-0.339836	-0.693568
07740		9.126314	0.648335	3.450177	0.003654	0.005351	-0.001602	-0.760254	0.264893	-0.137695	0.440328	-0.457836	-0.339752	-0.693589
07741		9.125539	0.654622	3.418988	0.003962	0.001445	-0.001771	-0.750977	0.265137	-0.146973	0.440304	-0.457902	-0.339662	-0.693605
07742		9.132777	0.638451	3.433871	0.005808	-0.000122	-0.004350	-0.758301	0.264404	-0.151123	0.440361	-0.457893	-0.339653	-0.693580
07743		9.132563	0.634688	3.414980	0.006947	0.000518	-0.003167	-0.753662	0.263428	-0.152100	0.440454	-0.457847	-0.339669	-0.693543
07744		9.132675	0.649239	3.462371	0.007677	0.003184	-0.005574	-0.757812	0.264160	-0.143311	0.440557	-0.457754	-0.339696	-0.693526
07745		9.104545	0.657489	3.492637	-0.004490	0.011968	-0.001324	-0.761963	0.263672	-0.148926	0.440583	-0.457734	-0.339502	-0.693617
07746		9.110147	0.646598	3.426630	0.005507	0.004049	-0.002212	-0.753174	0.265625	-0.152588	0.440659	-0.457685	-0.339472	-0.693616
07747		9.123986	0.624218	3.454409	-0.029472	0.009988	0.003125	-0.752686	0.263916	-0.147461	0.440657	-0.457782	-0.339082	-0.693744
07748		9.116139	0.637066	3.379538	-0.009579	-0.011806	0.002148	-0.757812	0.263672	-0.146729	0.440622	-0.457982	-0.338973	-0.693687
07749		9.084041	0.652662	3.462043	-0.006180	-0.028645	-0.004518	-0.755127	0.259766	-0.151611	0.440463	-0.458283	-0.339026	-0.693563
07750		9.128685	0.593682	3.441238	0.010067	-0.029317	-0.006089	-0.759033	0.259521	-0.145752	0.440416	-0.458446	-0.339265	-0.693368
07751		9.171841	0.587276	3.397026	0.029096	-0.020786	-0.007720	-0.751953	0.260742	-0.150879	0.440450	-0.458460	-0.339610	-0.693169
07752		9.117549	0.664715	3.401605	0.026650	-0.029022	-0.006482	-0.750732	0.259277	-0.141113	0.440505	-0.458531	-0.339989	-0.692901
07753		9.112870	0.667354	3.416413	0.025612	-0.019366	-0.011057	-0.757568	0.263672	-0.150879	0.440480	-0.458564	-0.340292	-0.692746
07754		9.135011	0.662663	3.404009	0.022724	-0.016824	-0.007875	-0.755859	0.259277	-0.142090	0.440556	-0.458551	-0.340575	-0.692568
07755		9.149693	0.674282	3.377035	0.017150	-0.017617	-0.006085	-0.751953	0.266357	-0.139893	0.440535	-0.458629	-0.340774	-0.692432
07756		9.151260	0.663952	3.376645	0.016179	-0.015561	-0.007641	-0.754639	0.257080	-0.144287	0.440518	-0.458719	-0.340936	-0.692303
07757		9.159765	0.670796	3.412607	0.011415	-0.012252	-0.007785	-0.749756	0.262939	-0.141113	0.440490	-0.458751	-0.341083	-0.692227
07758		9.126213	0.626151	3.372837	0.003909	-0.008575	-0.006464	-0.756836	0.258545	-0.146240	0.440448	-0.458835	-0.341106	-0.692187
07759		9.168713	0.615734	3.373328	0.016932	-0.012181	-0.004802	-0.743408	0.270264	-0.148193	0.440495	-0.458838	-0.341291	-0.692064
07760		9.134695	0.623732	3.369933	0.009116	-0.004509	-0.002655	-0.756836	0.255615	-0.138672	0.440624	-0.458846	-0.341328	-0.691958
07761		9.122424	0.613708	3.380053	0.009666	-0.022436	0.001723	-0.754150	0.266602	-0.151123	0.440577	-0.459046	-0.341443	-0.691799
07762		9.145012	0.629440	3.401374	0.011927	-0.017170	-0.001141	-0.753418	0.265381	-0.141357	0.440673	-0.459123	-0.341593	-0.691612
07763		9.146434	0.651649	3.422030	0.000432	-0.015658	-0.003282	-0.760986	0.258789	-0.146484	0.440618	-0.459299	-0.341610	-0.691522
07764		9.146273	0.684560	3.379530	-0.003214	-0.012156	-0.005526	-0.763428	0.256836	-0.146240	0.440544	-0.459402	-0.341630	-0.691491
07765		9.139784	0.686498	3.356641	-0.007730	-0.009227	-0.004288	-0.762939	0.261719	-0.147705	0.440456	-0.459506	-0.341592	-0.691497
07766		9.133882	0.667079	3.360724	-0.005309	-0.005779	-0.006247	-0.759277	0.260498	-0.147461	0.440407	-0.459561	-0.341564	-0.691505
07767		9.155875	0.635101	3.368034	-0.006040	-0.008710	-0.005808	-0.757812	0.260742	-0.131104	0.440348	-0.459644	-0.341543	-0.691498
07768		9.177100	0.643244	3.363750	0.001646	-0.009416	-0.005544	-0.750977	0.260742	-0.141357	0.440217	-0.459794	-0.341523	-0.691491
07769		9.171018	0.635914	3.353763	0.002008	-0.012692	-0.011158	-0.758545	0.262695	-0.139160	0.440116	-0.459881	-0.341597	-0.691461
07770		9.165122	0.645381	3.348290	0.011554	-0.019125	-0.009584	-0.757568	0.256592	-0.145264	0.440032	-0.459996	-0.341770	-0.691353
07771		9.166906	0.616749	3.332416	0.018528	-0.017883	-0.007532	-0.766846	0.261719	-0.137451	0.440044	-0.460014	-0.342025	-0.691207
07772		9.168673	0.590537	3.326446	0.029257	-0.013823	-0.001419	-0.752197	0.263672	-0.142334	0.440129	-0.460026	-0.342274	-0.691022
07773		9.183320	0.590270	3.313658	0.036445	-0.008977	0.006826	-0.751221	0.259277	-0.135742	0.440416	-0.459966	-0.342522	-0.690756
07774		9.190485	0.635424	3.340178	0.039478	0.000125	0.010080	-0.752930	0.265137	-0.139160	0.440728	-0.459854	-0.342709	-0.690538
07775		9.176706	0.660257	3.374721	0.038913	0.009013	0.008237	-0.753174	0.266113	-0.142334	0.441092	-0.459657	-0.342853	-0.690366
07776		9.134424	0.645062	3.372481	0.036733	0.018553	0.006409	-0.746826	0.271484	-0.138672	0.441489	-0.459368	-0.342945	-0.690259
07777		9.153748	0.652811	3.373354	0.032322	0.014172	0.012653	-0.757812	0.264404	-0.149658	0.441887	-0.459209	-0.342954	-0.690105
07778		9.153041	0.655188	3.385097	0.029081	0.010779	0.012657	-0.762451	0.264648	-0.144775	0.442291	-0.459010	-0.343020	-0.689946
07779		9.138089	0.659695	3.354656	0.024527	0.003950	0.011214	-0.755859	0.262451	-0.145508	0.442581	-0.458922	-0.343073	-0.689793
07780		9.138720	0.645668	3.357711	0.019974	-0.007299	0.011722	-0.761963	0.263428	-0.154785	0.442811	-0.458947	-0.343152	-0.689589
07781		9.160404	0.656978	3.372076	0.014378	-0.008545	0.010257	-0.744385	0.259277	-0.141846	0.443044	-0.458955	-0.343235	-0.689393
07782		9.188382	0.651132	3.351157	0.011373	-0.003561	0.007092	-0.758789	0.267334	-0.146973	0.443189	-0.458986	-0.343238	-0.689277
07783		9.147506	0.630647	3.335788	0.004578	-0.006246	0.008590	-0.757324	0.270020	-0.144043	0.443322	-0.459078	-0.343194	-0.689153
07784		9.148198	0.647771	3.349137	0.000922	-0.007354	0.006981	-0.762451	0.261475	-0.146973	0.443404	-0.459216	-0.343116	-0.689047
07785		9.149834	0.605817	3.358913	-0.005450	-0.007621	0.010128	-0.752930	0.260498	-0.153076	0.443466	-0.459362	-0.343002	-0.688966
07786		9.163912	0.613895	3.343976	-0.012268	-0.006255	0.007052	-0.752197	0.263672	-0.142822	0.443524	-0.459480	-0.342863	-0.688919
07787		9.164327	0.608882	3.333458	-0.012205	-0.005276	0.004233	-0.751465	0.263184	-0.149414	0.443503	-0.459645	-0.342690	-0.688909
07788		9.158252	0.585050	3.328613	-0.010971	-0.007739	-0.002881	-0.754395	0.266113	-0.148193	0.443462	-0.459753	-0.342610	-0.688903
07789		9.159588	0.579672	3.359017	-0.011218	-0.007272	-0.003599	-0.750244	0.259521	-0.146240	0.443411	-0.459868	-0.342520	-0.688904
07790		9.173741	0.579503	3.357842	-0.016704	-0.002191	-0.003254	-0.758057	0.264160	-0.140137	0.443329	-0.459965	-0.342357	-0.688973
07791		9.145969	0.586414	3.388424	-0.027770	0.015374	-0.006918	-0.754395	0.267822	-0.146484	0.443185	-0.460002	-0.341992	-0.689221
07792		9.135797	0.577197	3.282642	-0.010501	0.008739	-0.011201	-0.757812	0.260986	-0.146973	0.443135	-0.459956	-0.341855	-0.689352
07793		9.150830	0.532741	3.380298	-0.033661	0.022824	-0.007549	-0.758301	0.263672	-0.145752	0.443019	-0.459913	-0.341433	-0.689665
07794		9.154192	0.589021	3.306042	-0.015719	0.000268	-0.003004	-0.756348	0.267334	-0.142822	0.442945	-0.460000	-0.341253	-0.689744
07795		9.128253	0.610316	3.380277	-0.014444	-0.015108	-0.011717	-0.754150	0.263184	-0.154785	0.442734	-0.460199	-0.341204	-0.689770
07796		9.164812	0.564035	3.379874	0.002620	-0.016018	-0.012738	-0.763672	0.266113	-0.144043	0.442682	-0.460227	-0.341368	-0.689704
07797		9.213051	0.567829	3.346656	0.027568	-0.000844	-0.013794	-0.760498	0.261230	-0.147705	0.442751	-0.460050	-0.341622	-0.689652
07798		9.164672	0.594640	3.349816	0.028148	-0.009459	-0.009987	-0.752930	0.262207	-0.140137	0.442831	-0.459930	-0.341926	-0.689530
07799		9.123601	0.614899	3.354002	0.032186	-0.006670	-0.011985	-0.754639	0.262695	-0.133057	0.442899	-0.459800	-0.342230	-0.689422
07800		9.124200	0.604045	3.346302	0.026040	-0.007875	-0.011410	-0.758301	0.259766	-0.148193	0.442883	-0.459760	-0.342452	-0.689349
07801		9.158731	0.625639	3.327980	0.018397	-0.010944	-0.005112	-0.754639	0.269531	-0.143799	0.442950	-0.459723	-0.342657	-0.689229
07802		9.187733	0.639396	3.362335	0.019067	-0.008993	-0.002747	-0.752441	0.271484	-0.141602	0.443059	-0.459722	-0.342812	-0.689083
07803		9.173361	0.683382	3.359525	0.001176	0.001165	-0.004932	-0.752197	0.269775	-0.146240	0.443086	-0.459740	-0.342758	-0.689080
07804		9.160033	0.644381	3.372460	-0.013577	0.008389	-0.008939	-0.750488	0.261475	-0.143066	0.443049	-0.459730	-0.342581	-0.689198
07805		9.144611	0.626576	3.308286	-0.005741	0.000895	-0.009786	-0.758301	0.266357	-0.142578	0.442974	-0.459737	-0.342515	-0.689275
07806		9.131887	0.601241	3.368584	-0.020549	0.011836	-0.010952	-0.750732	0.267090	-0.149902	0.442848	-0.459741	-0.342260	-0.689480
07807		9.165471	0.604023	3.348257	-0.010749	-0.004359	-0.008057	-0.753662	0.270996	-0.146973	0.442797	-0.459803	-0.342191	-0.689505
07808		9.166448	0.581442	3.364623	-0.001760	-0.001804	-0.007677	-0.759521	0.270264	-0.151855	0.442802	-0.459820	-0.342168	-0.689502
07809		9.186528	0.605823	3.368336	-0.008799	0.005175	-0.008156	-0.755859	0.263916	-0.135254	0.442807	-0.459786	-0.342066	-0.689572
07810		9.157587	0.635413	3.372703	-0.010403	0.010708	-0.006796	-0.754883	0.268066	-0.139648	0.442725	-0.459794	-0.341858	-0.689723
07811		9.135053	0.634225	3.346276	-0.011209	0.015731	-0.006760	-0.754395	0.260498	-0.141357	0.442700	-0.459749	-0.341626	-0.689884
07812		9.140327	0.644850	3.357755	-0.010187	0.018900	-0.011287	-0.755371	0.271973	-0.140625	0.442640	-0.459627	-0.341425	-0.690103
07813		9.146020	0.626846	3.367672	-0.010514	0.018017	-0.011818	-0.756592	0.257080	-0.152588	0.442599	-0.459544	-0.341211	-0.690290
07814		9.158572	0.615980	3.375146	-0.008179	0.015416	-0.013632	-0.758301	0.262207	-0.146484	0.442563	-0.459367	-0.341104	-0.690484
07815		9.150693	0.598359	3.384599	-0.004853	0.015648	-0.012546	-0.760986	0.256836	-0.147461	0.442532	-0.459221	-0.340987	-0.690659
07816		9.142042	0.604686	3.376919	0.001147	0.014439	-0.010768	-0.758057	0.262207	-0.145264	0.442527	-0.459045	-0.340926	-0.690809
07817		9.133217	0.609281	3.359843	0.009290	0.016594	-0.015626	-0.753174	0.265625	-0.145996	0.442545	-0.458809	-0.340937	-0.690949
07818		9.152301	0.626916	3.379925	0.019792	0.016609	-0.019005	-0.759033	0.259521	-0.149170	0.442619	-0.458506	-0.341055	-0.691044
07819		9.129620	0.636355	3.372453	0.018661	0.016142	-0.018872	-0.767334	0.260254	-0.151611	0.442670	-0.458188	-0.341182	-0.691160
07820		9.162771	0.638972	3.386512	0.014777	0.015764	-0.019241	-0.755859	0.263184	-0.144531	0.442693	-0.457886	-0.341284	-0.691295
07821		9.147515	0.630995	3.394434	0.014209	0.020227	-0.019155	-0.752686	0.265381	-0.150635	0.442721	-0.457593	-0.341326	-0.691450
07822		9.166024	0.624979	3.382162	0.015587	0.025017	-0.017901	-0.747314	0.259766	-0.149414	0.442838	-0.457232	-0.341366	-0.691594
07823		9.162992	0.643743	3.384488	0.019795	0.030977	-0.016996	-0.744141	0.259521	-0.150391	0.442993	-0.456798	-0.341404	-0.691763
07824		9.132500	0.648128	3.391726	0.014547	0.031056	-0.014663	-0.748535	0.264160	-0.151611	0.443148	-0.456399	-0.341385	-0.691937
07825		9.095231	0.645211	3.401185	0.015762	0.032964	-0.014345	-0.755127	0.257568	-0.154297	0.443331	-0.455987	-0.341361	-0.692103
07826		9.127896	0.620137	3.426535	0.021932	0.030050	-0.010984	-0.757080	0.263672	-0.154785	0.443541	-0.455558	-0.341398	-0.692233
07827		9.124586	0.653175	3.434395	0.018957	0.026647	-0.006968	-0.754639	0.254639	-0.158203	0.443771	-0.455206	-0.341399	-0.692316
07828		9.122167	0.672501	3.444782	0.020995	0.018747	-0.007332	-0.762695	0.257324	-0.154541	0.443963	-0.454879	-0.341480	-0.692368
07829		9.120573	0.676078	3.448299	0.022459	0.015310	-0.007614	-0.754639	0.263672	-0.146484	0.444114	-0.454600	-0.341575	-0.692407
07830		9.120064	0.655433	3.468301	0.021502	0.013498	-0.003273	-0.760742	0.264648	-0.155273	0.444280	-0.454416	-0.341611	-0.692404
07831		9.112037	0.640008	3.435522	0.020374	0.013311	-0.001165	-0.752930	0.258057	-0.154053	0.444498	-0.454208	-0.341657	-0.692378
07832		9.096324	0.678570	3.468410	0.014952	0.015391	0.001564	-0.758301	0.258057	-0.154785	0.444700	-0.454018	-0.341630	-0.692386
07833		9.066860	0.688378	3.459216	-0.001162	0.018787	0.003435	-0.754639	0.265381	-0.157959	0.444832	-0.453895	-0.341434	-0.692478
07834		9.094415	0.669739	3.497367	-0.009232	0.003045	0.002159	-0.750488	0.261719	-0.157227	0.444890	-0.453947	-0.341269	-0.692489
07835		9.148598	0.665502	3.438580	-0.027050	0.010718	0.006207	-0.753662	0.255859	-0.153564	0.444904	-0.454044	-0.340886	-0.692605
07836		9.136039	0.637997	3.455248	-0.012993	-0.018531	0.008145	-0.751221	0.263916	-0.157471	0.444838	-0.454332	-0.340764	-0.692518
07837		9.131487	0.637765	3.480180	0.001989	-0.027750	0.001800	-0.751221	0.270508	-0.152100	0.444823	-0.454581	-0.340873	-0.692310
07838		9.141853	0.591940	3.488002	0.013472	-0.020281	0.000685	-0.759033	0.265137	-0.147217	0.444891	-0.454734	-0.341022	-0.692094
07839		9.162523	0.623962	3.413681	0.025933	-0.014854	0.001136	-0.752686	0.266602	-0.152100	0.444993	-0.454787	-0.341230	-0.691890
07840		9.094750	0.648656	3.443736	0.029258	-0.019684	-0.000408	-0.757812	0.254883	-0.156006	0.445126	-0.454833	-0.341521	-0.691631
07841		9.103256	0.631388	3.446333	0.026564	-0.003974	0.000207	-0.758545	0.258545	-0.153076	0.445289	-0.454719	-0.341724	-0.691501
07842		9.116916	0.641740	3.422228	0.023809	-0.003985	-0.000961	-0.747314	0.259766	-0.156738	0.445420	-0.454637	-0.341894	-0.691386
07843		9.109930	0.668774	3.433756	0.015961	-0.005910	-0.000183	-0.759766	0.253174	-0.155029	0.445553	-0.454602	-0.342017	-0.691262
07844		9.144693	0.682979	3.448937	0.008423	-0.002538	-0.000852	-0.746094	0.264893	-0.152832	0.445593	-0.454576	-0.342057	-0.691234
07845		9.131378	0.669921	3.452653	-0.001380	-0.000100	-0.001239	-0.755127	0.261963	-0.158447	0.445639	-0.454611	-0.341985	-0.691217
07846		9.145534	0.643301	3.409020	-0.004692	-0.004946	-0.001674	-0.747314	0.260254	-0.149658	0.445646	-0.454673	-0.341937	-0.691195
07847		9.119685	0.624940	3.495496	-0.001378	-0.000005	-0.000582	-0.748535	0.261475	-0.153320	0.445661	-0.454718	-0.341853	-0.691198
07848		9.125874	0.616720	3.395042	-0.015126	-0.008503	0.000180	-0.756104	0.264404	-0.161865	0.445590	-0.454899	-0.341706	-0.691197
07849		9.107732	0.572261	3.415361	0.005050	-0.018124	-0.001093	-0.757812	0.262695	-0.155273	0.445630	-0.455008	-0.341825	-0.691041
07850		9.137056	0.589909	3.467445	0.000836	-0.014413	-0.000009	-0.741699	0.263916	-0.156494	0.445622	-0.455142	-0.341857	-0.690941
07851		9.123447	0.618575	3.466777	-0.004276	-0.007124	0.000625	-0.745850	0.260986	-0.153564	0.445670	-0.455235	-0.341810	-0.690873
07852		9.137305	0.636751	3.480715	-0.011897	-0.000214	0.001477	-0.754150	0.259766	-0.157959	0.445673	-0.455325	-0.341644	-0.690894
07853		9.123193	0.629658	3.462889	-0.012154	0.004850	0.000099	-0.752686	0.265869	-0.152832	0.445687	-0.455344	-0.341470	-0.690958
07854		9.095666	0.611941	3.458651	-0.006556	0.001428	0.001565	-0.756592	0.260010	-0.144775	0.445727	-0.455403	-0.341332	-0.690962
07855		9.102726	0.598874	3.441758	-0.004841	-0.002189	0.003983	-0.747803	0.268066	-0.164795	0.445699	-0.455526	-0.341183	-0.690972
07856		9.109628	0.623613	3.453457	-0.001846	-0.008095	0.000601	-0.747314	0.268799	-0.158447	0.445807	-0.455577	-0.341195	-0.690863
07857		9.144858	0.627972	3.439141	0.000844	-0.014035	0.002613	-0.746338	0.263916	-0.145508	0.445889	-0.455705	-0.341226	-0.690710
07858		9.146598	0.620540	3.458492	0.003899	-0.014274	-0.003596	-0.753662	0.269287	-0.150146	0.445839	-0.455848	-0.341272	-0.690626
07859		9.167459	0.630793	3.411997	0.001065	-0.010558	-0.001926	-0.758057	0.264404	-0.152832	0.445838	-0.455966	-0.341278	-0.690546
07860		9.112772	0.642868	3.406392	-0.002329	-0.011866	-0.000847	-0.746826	0.262451	-0.154297	0.445807	-0.456099	-0.341266	-0.690483
07861		9.106892	0.636194	3.406221	-0.005422	-0.008160	-0.003185	-0.748291	0.268555	-0.147217	0.445780	-0.456194	-0.341233	-0.690455
07862		9.142886	0.601713	3.404482	-0.007785	-0.006219	-0.005991	-0.749023	0.268799	-0.156738	0.445707	-0.456315	-0.341155	-0.690460
07863		9.143723	0.591579	3.416719	-0.010697	-0.003852	-0.004122	-0.748047	0.266846	-0.153564	0.445698	-0.456393	-0.341066	-0.690459
07864		9.136641	0.622655	3.448070	-0.009986	-0.001299	-0.007217	-0.749023	0.269043	-0.149658	0.445652	-0.456444	-0.340975	-0.690499
07865		9.123062	0.601877	3.423752	-0.004237	-0.002212	-0.007466	-0.757812	0.269043	-0.146729	0.445621	-0.456490	-0.340926	-0.690513
07866		9.130255	0.599737	3.434658	0.001103	-0.000568	-0.007379	-0.755371	0.260254	-0.143066	0.445593	-0.456509	-0.340900	-0.690532
07867		9.123900	0.581369	3.440495	0.002240	0.000088	-0.006203	-0.751709	0.262695	-0.152588	0.445531	-0.456526	-0.340861	-0.690579
07868		9.130530	0.592654	3.447890	0.005883	0.001031	-0.005905	-0.751465	0.269043	-0.154785	0.445566	-0.456474	-0.340882	-0.690580
07869		9.136447	0.614272	3.442630	0.006126	0.005548	-0.003203	-0.755127	0.257324	-0.152344	0.445684	-0.456391	-0.340872	-0.690564
07870		9.128732	0.619154	3.432621	0.004749	0.005636	-0.003126	-0.758545	0.267334	-0.156494	0.445723	-0.456314	-0.340840	-0.690606
07871		9.134528	0.637489	3.418206	0.000707	0.002459	-0.003753	-0.748291	0.262451	-0.152344	0.445778	-0.456279	-0.340806	-0.690610
07872		9.135019	0.615037	3.436237	0.001172	0.005570	-0.006912	-0.754150	0.266113	-0.153320	0.445798	-0.456212	-0.340766	-0.690661
07873		9.127218	0.620574	3.426342	0.002867	0.006178	-0.007781	-0.749756	0.264893	-0.149658	0.445831	-0.456129	-0.340743	-0.690707
07874		9.134125	0.611079	3.462034	-0.002979	0.010153	-0.009308	-0.752930	0.265869	-0.153564	0.445818	-0.456053	-0.340642	-0.690815
07875		9.111295	0.634235	3.469758	-0.015557	0.022433	-0.007547	-0.751709	0.266846	-0.152344	0.445818	-0.455932	-0.340368	-0.691029
07876		9.102966	0.604522	3.442798	-0.003975	0.016795	-0.011532	-0.754639	0.265381	-0.153076	0.445824	-0.455788	-0.340242	-0.691183
07877		9.142873	0.584058	3.422725	-0.037965	0.022164	-0.002714	-0.755127	0.265381	-0.153076	0.445725	-0.455820	-0.339743	-0.691471
07878		9.119101	0.636235	3.389876	-0.017342	0.000433	-0.005666	-0.753662	0.264893	-0.144531	0.445623	-0.455914	-0.339559	-0.691565
07879		9.107377	0.615959	3.465937	-0.011486	-0.014059	-0.012053	-0.753418	0.265625	-0.149658	0.445392	-0.456112	-0.339511	-0.691607
07880		9.138023	0.550208	3.472670	0.007206	-0.010537	-0.011065	-0.761230	0.268311	-0.152832	0.445325	-0.456154	-0.339620	-0.691569
07881		9.143730	0.595632	3.438409	0.029118	-0.003980	-0.012733	-0.748047	0.266357	-0.153809	0.445409	-0.456001	-0.339901	-0.691477
07882		9.101572	0.623856	3.420356	0.027659	-0.005713	-0.015758	-0.752930	0.266602	-0.148682	0.445477	-0.455849	-0.340204	-0.691385
07883		9.101457	0.627439	3.409995	0.029975	0.000989	-0.018210	-0.745850	0.265625	-0.157227	0.445529	-0.455641	-0.340483	-0.691351
07884		9.100711	0.655067	3.434238	0.022609	0.002817	-0.015982	-0.747314	0.268066	-0.145508	0.445622	-0.455427	-0.340709	-0.691321
07885		9.127309	0.668932	3.411387	0.024486	0.002091	-0.012644	-0.750488	0.257080	-0.156494	0.445697	-0.455282	-0.340890	-0.691279
07886		9.134489	0.659577	3.436323	0.023830	0.005393	-0.011061	-0.747559	0.259766	-0.154297	0.445804	-0.455055	-0.341082	-0.691265
07887		9.134227	0.677019	3.483740	0.005956	0.001908	-0.009401	-0.751465	0.263428	-0.156982	0.445813	-0.454980	-0.341121	-0.691290
07888		9.175808	0.649155	3.473515	0.005022	0.009988	-0.011174	-0.758545	0.266846	-0.151123	0.445856	-0.454826	-0.341123	-0.691361
07889		9.141346	0.627027	3.514501	0.024355	0.015120	-0.010480	-0.752441	0.260254	-0.154297	0.446004	-0.454558	-0.341233	-0.691388
07890		9.146197	0.633873	3.507212	0.002633	0.022834	-0.003463	-0.753906	0.263916	-0.156982	0.446124	-0.454352	-0.341087	-0.691519
07891		9.083360	0.593755	3.503821	-0.002847	0.018765	-0.001180	-0.752197	0.267578	-0.154541	0.446237	-0.454216	-0.340910	-0.691622
07892		9.101286	0.633297	3.516699	-0.001226	0.017932	-0.002511	-0.752441	0.265137	-0.158447	0.446347	-0.454089	-0.340746	-0.691715
07893		9.134177	0.623334	3.504029	-0.003764	0.021288	-0.008887	-0.747803	0.267822	-0.163086	0.446409	-0.453902	-0.340593	-0.691873
07894		9.076731	0.617684	3.491367	-0.003786	0.025983	-0.008895	-0.752197	0.254395	-0.159668	0.446534	-0.453657	-0.340429	-0.692034
07895		9.060391	0.613042	3.479099	-0.008332	0.028889	-0.007687	-0.755371	0.260986	-0.162109	0.446568	-0.453421	-0.340190	-0.692284
07896		9.058577	0.608737	3.516953	-0.007643	0.021652	-0.003997	-0.753662	0.261230	-0.158936	0.446640	-0.453259	-0.339981	-0.692446
07897		9.084629	0.612738	3.529991	-0.001522	0.012443	-0.002378	-0.747070	0.258301	-0.146240	0.446707	-0.453165	-0.339854	-0.692527
07898		9.132188	0.608467	3.533920	0.004650	0.008992	-0.002938	-0.750000	0.264160	-0.155762	0.446720	-0.453117	-0.339756	-0.692598
07899		9.109920	0.623125	3.511574	0.006347	0.009890	-0.001829	-0.750244	0.265625	-0.161133	0.446824	-0.453022	-0.339695	-0.692623
07900		9.074136	0.635595	3.531015	0.009251	0.012035	-0.005012	-0.749512	0.259521	-0.160156	0.446960	-0.452857	-0.339685	-0.692648
07901		9.080138	0.620257	3.498161	0.015399	0.013471	-0.004260	-0.748535	0.259766	-0.153809	0.447113	-0.452647	-0.339712	-0.692673
07902		9.099279	0.635124	3.517742	0.016282	0.014976	-0.001174	-0.749023	0.266357	-0.166260	0.447269	-0.452463	-0.339695	-0.692701
07903		9.083851	0.647670	3.558908	0.017072	0.019160	-0.002509	-0.751465	0.256348	-0.161133	0.447529	-0.452185	-0.339715	-0.692705
07904		9.068554	0.641629	3.586155	0.011469	0.022462	-0.004665	-0.740479	0.262939	-0.153564	0.447674	-0.451916	-0.339660	-0.692814
07905		9.053660	0.616850	3.598888	0.008645	0.020995	-0.006297	-0.743652	0.263916	-0.148682	0.447789	-0.451709	-0.339567	-0.692921
07906		9.072882	0.613121	3.604679	0.007220	0.014940	-0.006670	-0.749512	0.260986	-0.161133	0.447831	-0.451588	-0.339472	-0.693018
07907		9.057975	0.609021	3.588697	0.006356	0.009409	-0.005134	-0.751953	0.264160	-0.159424	0.447904	-0.451469	-0.339442	-0.693063
07908		9.063420	0.630392	3.584399	0.001999	0.005810	-0.002994	-0.749512	0.266357	-0.162109	0.447951	-0.451429	-0.339370	-0.693095
07909		9.083301	0.636378	3.574293	0.000143	0.006141	-0.008983	-0.740479	0.257568	-0.162598	0.447964	-0.451361	-0.339325	-0.693153
07910		9.068669	0.640697	3.585353	-0.001406	0.008128	-0.009181	-0.751221	0.263672	-0.166992	0.447965	-0.451266	-0.339267	-0.693242
07911		9.068123	0.623956	3.573066	-0.002485	0.013507	-0.010581	-0.746582	0.260498	-0.163574	0.447994	-0.451118	-0.339186	-0.693359
07912		9.046053	0.624037	3.597324	-0.008415	0.016397	-0.009975	-0.747314	0.262451	-0.165527	0.447984	-0.450992	-0.339023	-0.693527
07913		9.050869	0.637231	3.566918	-0.006866	0.014505	-0.009120	-0.747559	0.262939	-0.161133	0.447998	-0.450873	-0.338884	-0.693664
07914		9.071886	0.603708	3.569488	-0.003564	0.003837	-0.009096	-0.750977	0.265137	-0.158691	0.447959	-0.450850	-0.338813	-0.693739
07915		9.064609	0.611745	3.567596	0.001818	-0.003502	-0.006322	-0.753174	0.261475	-0.161133	0.447929	-0.450888	-0.338801	-0.693739
07916		9.091941	0.633588	3.581032	0.005813	-0.006830	-0.008765	-0.744385	0.257812	-0.147949	0.447882	-0.450907	-0.338867	-0.693724
07917		9.077713	0.659392	3.562100	0.004123	-0.007828	-0.010535	-0.748047	0.268555	-0.164307	0.447734	-0.450990	-0.338883	-0.693758
07918		9.064273	0.661927	3.612036	-0.005404	0.000141	-0.010461	-0.746826	0.263916	-0.164795	0.447696	-0.450996	-0.338834	-0.693803
07919		9.070939	0.653622	3.503133	-0.003771	-0.000881	-0.013102	-0.750732	0.266113	-0.163086	0.447630	-0.450981	-0.338826	-0.693859
07920		9.059124	0.608690	3.639624	-0.032298	0.002602	-0.014589	-0.750244	0.260742	-0.162109	0.447395	-0.451102	-0.338548	-0.694068
07921		9.118145	0.679751	3.506768	-0.035383	-0.008574	-0.012772	-0.749756	0.268066	-0.161621	0.447087	-0.451341	-0.338297	-0.694233
07922		9.058707	0.658834	3.559223	-0.033394	-0.035641	-0.019712	-0.750732	0.263428	-0.169189	0.446642	-0.451785	-0.338248	-0.694255
07923		9.070751	0.604438	3.527032	-0.018193	-0.041803	-0.024455	-0.747070	0.258301	-0.159180	0.446248	-0.452132	-0.338431	-0.694193
07924		9.122179	0.591193	3.474142	0.004697	-0.026824	-0.027356	-0.748047	0.268066	-0.158691	0.445958	-0.452244	-0.338711	-0.694170
07925		9.101180	0.667850	3.486822	0.012472	-0.036746	-0.026399	-0.751221	0.256348	-0.157471	0.445715	-0.452415	-0.339102	-0.694024
07926		9.055658	0.678081	3.518292	0.012626	-0.034813	-0.032089	-0.751465	0.262207	-0.156738	0.445379	-0.452535	-0.339519	-0.693957
07927		9.092796	0.669812	3.475153	0.011839	-0.027976	-0.029003	-0.747803	0.264404	-0.153076	0.445118	-0.452621	-0.339869	-0.693897
07928		9.108079	0.690043	3.464415	0.002303	-0.029818	-0.022088	-0.754395	0.264160	-0.159180	0.444854	-0.452822	-0.340093	-0.693826
07929		9.129927	0.718750	3.461188	0.001064	-0.027043	-0.022421	-0.754883	0.259766	-0.155762	0.444617	-0.452976	-0.340319	-0.693766
07930		9.119364	0.696697	3.462823	0.000433	-0.028440	-0.020837	-0.749023	0.260498	-0.155518	0.444352	-0.453161	-0.340529	-0.693712
07931		9.108619	0.690735	3.521191	-0.008690	-0.023153	-0.021707	-0.751709	0.260498	-0.151855	0.444069	-0.453345	-0.340639	-0.693719
07932		9.143573	0.707139	3.430077	-0.006581	-0.030558	-0.018753	-0.747559	0.258301	-0.149902	0.443769	-0.453609	-0.340776	-0.693671
07933		9.097404	0.726210	3.511574	-0.031158	-0.019558	-0.021482	-0.755615	0.256836	-0.155518	0.443347	-0.453905	-0.340653	-0.693808
07934		9.099291	0.714516	3.459337	-0.037319	-0.033312	-0.023165	-0.754639	0.261230	-0.159180	0.442832	-0.454320	-0.340587	-0.693898
07935		9.089869	0.679277	3.473794	-0.036122	-0.031771	-0.025502	-0.754639	0.256348	-0.154541	0.442353	-0.454689	-0.340551	-0.693979
07936		9.118872	0.706738	3.501321	-0.057330	-0.025306	-0.027784	-0.755127	0.259521	-0.152344	0.441724	-0.455121	-0.340295	-0.694221
07937		9.148058	0.687797	3.473834	-0.064253	-0.008335	-0.029104	-0.744385	0.261475	-0.149902	0.441120	-0.455449	-0.339885	-0.694592
07938		9.113071	0.685659	3.444391	-0.062235	-0.000497	-0.027669	-0.752930	0.257568	-0.150879	0.440591	-0.455710	-0.339435	-0.694976
07939		9.121465	0.642889	3.416591	-0.055842	-0.005248	-0.024058	-0.762451	0.261963	-0.152100	0.440087	-0.455985	-0.339052	-0.695302
07940		9.120476	0.680922	3.445458	-0.050642	-0.012200	-0.022759	-0.752686	0.259277	-0.150879	0.439601	-0.456298	-0.338745	-0.695554
07941		9.128444	0.675917	3.445092	-0.042690	-0.013527	-0.023766	-0.758545	0.256836	-0.153320	0.439152	-0.456571	-0.338522	-0.695766
07942		9.102286	0.660217	3.437684	-0.035175	-0.011656	-0.019788	-0.760498	0.262207	-0.146484	0.438786	-0.456789	-0.338344	-0.695941
07943		9.137697	0.659278	3.446693	-0.027851	-0.007787	-0.015393	-0.754883	0.255859	-0.149658	0.438497	-0.456987	-0.338153	-0.696086
07944		9.144346	0.670143	3.453603	-0.020348	-0.000142	-0.013547	-0.755859	0.260986	-0.149902	0.438307	-0.457061	-0.337994	-0.696234
07945		9.136592	0.672508	3.433970	-0.014034	0.005671	-0.011371	-0.749756	0.260010	-0.137939	0.438216	-0.457064	-0.337844	-0.696363
07946		9.087414	0.677652	3.434132	-0.013337	0.003114	-0.007692	-0.753662	0.261475	-0.144775	0.438094	-0.457149	-0.337649	-0.696478
07947		9.101763	0.668089	3.447507	-0.010763	-0.000715	-0.004629	-0.755859	0.261719	-0.147705	0.438031	-0.457240	-0.337505	-0.696528
07948		9.135970	0.679137	3.454256	-0.008381	-0.002730	-0.002478	-0.753662	0.258789	-0.154297	0.438004	-0.457332	-0.337390	-0.696540
07949		9.144113	0.657166	3.449903	-0.004193	-0.001774	-0.004219	-0.750488	0.261719	-0.142090	0.438018	-0.457352	-0.337346	-0.696539
07950		9.103035	0.663514	3.478051	0.000068	-0.005060	-0.002685	-0.757812	0.255859	-0.137451	0.438010	-0.457438	-0.337301	-0.696509
07951		9.117150	0.662373	3.467371	0.004257	-0.003831	-0.002440	-0.751953	0.259277	-0.150879	0.437975	-0.457506	-0.337269	-0.696502
07952		9.124485	0.654270	3.459342	0.009444	0.001592	0.000543	-0.758057	0.270020	-0.152588	0.438110	-0.457457	-0.337286	-0.696442
07953		9.123709	0.670401	3.465091	0.003569	-0.000090	0.002489	-0.759766	0.266113	-0.141846	0.438252	-0.457471	-0.337244	-0.696363
07954		9.102728	0.681276	3.482260	0.003566	-0.000454	-0.000160	-0.760986	0.252197	-0.145020	0.438301	-0.457516	-0.337185	-0.696332
07955		9.117200	0.663761	3.466972	-0.000504	0.000926	-0.001445	-0.761230	0.256104	-0.152100	0.438288	-0.457536	-0.337112	-0.696362
07956		9.138059	0.655720	3.459545	-0.000694	0.003013	-0.000370	-0.742676	0.255615	-0.147461	0.438339	-0.457520	-0.337041	-0.696375
07957		9.102978	0.655468	3.439923	0.001436	0.001189	-0.000927	-0.756348	0.263672	-0.151367	0.438398	-0.457519	-0.336991	-0.696362
07958		9.110958	0.639101	3.454862	0.004690	-0.000152	-0.001621	-0.757324	0.263428	-0.147705	0.438483	-0.457507	-0.336984	-0.696320
07959		9.125487	0.630250	3.467655	0.011883	0.000381	-0.001468	-0.756836	0.264648	-0.150879	0.438592	-0.457466	-0.337023	-0.696260
07960		9.118053	0.632238	3.447255	0.014449	0.002783	0.002764	-0.753174	0.256592	-0.142822	0.438781	-0.457398	-0.337056	-0.696170
07961		9.111805	0.630838	3.520275	0.010994	0.012166	0.003712	-0.753418	0.261475	-0.143311	0.438940	-0.457292	-0.336982	-0.696175
07962		9.115159	0.659886	3.443250	0.025141	0.007649	0.003449	-0.752197	0.253418	-0.144775	0.439174	-0.457152	-0.337053	-0.696085
07963		9.105046	0.602782	3.553051	-0.007900	0.015855	0.008424	-0.751221	0.261475	-0.150146	0.439279	-0.457127	-0.336775	-0.696169
07964		9.140614	0.653169	3.377290	0.008083	-0.002921	0.011370	-0.753906	0.263428	-0.156982	0.439471	-0.457180	-0.336732	-0.696034
07965		9.073869	0.669729	3.501066	0.013801	-0.023983	0.006499	-0.750732	0.261475	-0.154297	0.439596	-0.457340	-0.336905	-0.695765
07966		9.127285	0.615648	3.468874	0.024949	-0.034223	0.003834	-0.751953	0.260986	-0.143066	0.439708	-0.457523	-0.337241	-0.695413
07967		9.156674	0.626985	3.438606	0.044964	-0.024428	0.005249	-0.754883	0.260986	-0.155273	0.439933	-0.457558	-0.337652	-0.695048
