// Start Time: Unknown
// Update Rate: 40.0Hz
// Filter Profile: human (46.1)
// Firmware Version: 4.6.0
PacketCounter	SampleTimeFine	Acc_X	Acc_Y	Acc_Z	Gyr_X	Gyr_Y	Gyr_Z	Mag_X	Mag_Y	Mag_Z	Quat_q0	Quat_q1	Quat_q2	Quat_q3
07338		4.987789	-1.230082	8.290745	0.003048	-0.003976	0.002034	-0.592041	0.468994	-0.353027	0.413660	-0.268196	-0.055135	-0.868284
07339		4.985359	-1.212770	8.299376	0.002544	-0.005674	0.001008	-0.591797	0.462158	-0.351807	0.413675	-0.268245	-0.055188	-0.868258
07340		4.977250	-1.218622	8.286007	0.001820	-0.005011	0.000574	-0.595703	0.464355	-0.354736	0.413680	-0.268289	-0.055237	-0.868239
07341		4.989250	-1.220785	8.293545	0.000758	-0.006165	0.002239	-0.591309	0.462402	-0.361816	0.413702	-0.268353	-0.055270	-0.868206
07342		4.981270	-1.227212	8.280013	-0.000536	-0.006161	0.001671	-0.589355	0.460938	-0.354736	0.413714	-0.268423	-0.055291	-0.868178
07343		4.991340	-1.216954	8.305250	0.001918	-0.005743	0.001021	-0.593018	0.467529	-0.354004	0.413727	-0.268475	-0.055339	-0.868152
07344		4.981751	-1.218681	8.283293	-0.000208	-0.003895	0.000316	-0.588135	0.466553	-0.368164	0.413727	-0.268515	-0.055357	-0.868139
07345		4.985459	-1.227292	8.299968	0.002543	-0.005674	0.001007	-0.587891	0.473389	-0.347412	0.413742	-0.268559	-0.055414	-0.868114
07346		4.972484	-1.211996	8.287181	0.000461	-0.003968	0.000897	-0.594727	0.470215	-0.342773	0.413751	-0.268593	-0.055438	-0.868098
07347		4.974635	-1.216265	8.295347	0.001710	-0.003830	0.000870	-0.592285	0.473633	-0.362061	0.413763	-0.268615	-0.055477	-0.868083
07348		4.954803	-1.211750	8.300294	0.002488	-0.005084	0.001155	-0.592529	0.477539	-0.347656	0.413782	-0.268637	-0.055531	-0.868064
07349		4.984639	-1.209119	8.285276	0.002478	-0.004636	0.001898	-0.584229	0.468750	-0.359619	0.413809	-0.268652	-0.055576	-0.868043
07350		4.999839	-1.227814	8.283819	0.003692	-0.004804	0.000531	-0.594482	0.463379	-0.351562	0.413827	-0.268652	-0.055645	-0.868031
07351		4.978280	-1.214440	8.293428	0.003539	-0.003482	0.000232	-0.585449	0.456787	-0.355957	0.413830	-0.268647	-0.055709	-0.868026
07352		4.982244	-1.227142	8.296950	-0.001260	-0.005498	0.001240	-0.587646	0.465576	-0.354004	0.413830	-0.268680	-0.055728	-0.868015
07353		4.989429	-1.208386	8.304996	-0.000065	-0.004769	0.001359	-0.594971	0.471680	-0.347412	0.413843	-0.268700	-0.055751	-0.868001
07354		4.982273	-1.215406	8.313385	-0.002475	-0.005329	0.002607	-0.586426	0.464600	-0.363281	0.413855	-0.268749	-0.055745	-0.867981
07355		4.991848	-1.213591	8.290370	-0.001206	-0.006088	0.001091	-0.593506	0.476807	-0.349121	0.413868	-0.268756	-0.055770	-0.867971
07356		4.973748	-1.214246	8.303626	-0.001786	-0.006299	0.001701	-0.586670	0.464355	-0.357422	0.413884	-0.268808	-0.055776	-0.867947
07357		4.986229	-1.221429	8.297716	-0.004285	-0.006574	0.001758	-0.582520	0.462891	-0.353516	0.413887	-0.268845	-0.055766	-0.867934
07358		4.965495	-1.213826	8.293598	-0.002937	-0.007169	0.002176	-0.592285	0.465332	-0.354492	0.413901	-0.268894	-0.055765	-0.867913
07359		4.977530	-1.212922	8.313974	-0.003607	-0.007096	0.001596	-0.590576	0.471680	-0.359131	0.413889	-0.268935	-0.055768	-0.867905
07360		4.969251	-1.216105	8.313523	-0.004394	-0.005393	0.002055	-0.592529	0.469727	-0.360107	0.413916	-0.268939	-0.055745	-0.867893
07361		4.967518	-1.204396	8.308531	-0.003419	-0.008113	0.003233	-0.584229	0.466797	-0.354736	0.413947	-0.268958	-0.055749	-0.867872
07362		4.981985	-1.220573	8.297759	-0.007347	-0.007957	0.000939	-0.585449	0.476807	-0.352051	0.413947	-0.269016	-0.055705	-0.867857
07363		4.986526	-1.234929	8.300676	-0.004821	-0.006928	0.002963	-0.587891	0.471924	-0.349854	0.414023	-0.269070	-0.055656	-0.867807
07364		4.980345	-1.206008	8.283040	-0.003662	-0.006506	0.001743	-0.594727	0.475342	-0.351562	0.414049	-0.269126	-0.055628	-0.867779
07365		4.986065	-1.224030	8.294798	-0.001788	-0.006299	0.001699	-0.589844	0.463135	-0.356934	0.414076	-0.269165	-0.055628	-0.867754
07366		4.976387	-1.222178	8.285840	-0.000584	-0.006020	0.001074	-0.594971	0.464600	-0.356689	0.414052	-0.269147	-0.055670	-0.867768
07367		4.977332	-1.218432	8.298257	-0.001923	-0.005873	-0.000087	-0.594727	0.467041	-0.351562	0.413993	-0.269141	-0.055707	-0.867796
07368		4.986557	-1.212301	8.288474	-0.000647	-0.004981	0.001966	-0.586914	0.473633	-0.356934	0.413965	-0.269162	-0.055730	-0.867801
07369		4.978173	-1.214561	8.288229	0.000674	-0.006331	0.000300	-0.594971	0.469482	-0.352783	0.414042	-0.269144	-0.055757	-0.867768
07370		4.992055	-1.225190	8.291023	0.000674	-0.006331	0.000300	-0.584473	0.473877	-0.352539	0.414017	-0.269168	-0.055807	-0.867770
07371		4.986623	-1.235895	8.307956	0.001969	-0.006335	0.000865	-0.595947	0.463623	-0.354248	0.414117	-0.269180	-0.055827	-0.867717
07372		4.981859	-1.213936	8.286106	0.002432	-0.004496	0.001296	-0.591064	0.470459	-0.357422	0.414048	-0.269162	-0.055909	-0.867750
07373		4.985530	-1.222213	8.302874	0.003636	-0.004216	0.000670	-0.589844	0.467773	-0.359863	0.414095	-0.269101	-0.055975	-0.867742
07374		4.972648	-1.210325	8.277130	0.005555	-0.004152	0.001220	-0.588135	0.468750	-0.350586	0.414149	-0.268998	-0.056075	-0.867742
07375		4.988444	-1.224631	8.310866	0.005936	-0.002476	-0.000284	-0.584229	0.474365	-0.357178	0.414174	-0.268974	-0.056138	-0.867733
07376		4.984666	-1.206356	8.297969	0.004260	-0.004147	0.000655	-0.590088	0.468262	-0.359619	0.414338	-0.268901	-0.056170	-0.867676
07377		4.977452	-1.216181	8.293578	0.004099	-0.002376	0.001101	-0.591064	0.468506	-0.354004	0.414385	-0.268786	-0.056244	-0.867684
07378		4.978230	-1.219565	8.280172	0.003483	-0.002893	0.000372	-0.591309	0.462891	-0.358643	0.414390	-0.268753	-0.056300	-0.867688
07379		4.979967	-1.219197	8.301723	0.003483	-0.002893	0.000372	-0.592041	0.462402	-0.354980	0.414337	-0.268653	-0.056400	-0.867738
07380		4.987186	-1.207450	8.283848	0.005303	-0.002097	0.000475	-0.587891	0.468018	-0.351562	0.414258	-0.268585	-0.056507	-0.867790
07381		4.984701	-1.193795	8.279586	0.002911	-0.003552	0.000239	-0.586426	0.468018	-0.354004	0.414281	-0.268592	-0.056540	-0.867775
07382		4.967849	-1.198194	8.301737	-0.001201	-0.006537	0.000349	-0.592773	0.464355	-0.356689	0.414324	-0.268612	-0.056549	-0.867747
07383		4.981445	-1.209159	8.304653	-0.000220	-0.003447	0.001060	-0.593750	0.465332	-0.357422	0.414257	-0.268569	-0.056607	-0.867789
07384		4.988906	-1.198468	8.286471	-0.000121	-0.004179	0.001506	-0.594238	0.462891	-0.357910	0.414204	-0.268531	-0.056669	-0.867822
07385		4.992422	-1.203305	8.316295	0.000656	-0.005434	0.001790	-0.588623	0.464355	-0.355469	0.414114	-0.268491	-0.056767	-0.867871
07386		4.984314	-1.213573	8.289838	0.000367	-0.003685	-0.000295	-0.595703	0.463867	-0.356201	0.414094	-0.268448	-0.056819	-0.867890
07387		4.982017	-1.196811	8.298368	-0.001164	-0.006230	0.001688	-0.593994	0.471436	-0.353516	0.413975	-0.268465	-0.056893	-0.867937
07388		4.975092	-1.203845	8.306672	-0.001843	-0.005708	0.001852	-0.586182	0.462158	-0.349609	0.413987	-0.268537	-0.056881	-0.867910
07389		4.976082	-1.204389	8.306001	-0.001371	-0.004317	0.001538	-0.591553	0.466064	-0.358398	0.413942	-0.268583	-0.056888	-0.867916
07390		4.979015	-1.217465	8.287522	-0.002506	-0.006083	0.000528	-0.593506	0.467285	-0.352051	0.413937	-0.268545	-0.056935	-0.867927
07391		4.978408	-1.205735	8.304411	-0.003618	-0.006646	0.002345	-0.589111	0.467773	-0.353027	0.413876	-0.268645	-0.056927	-0.867926
07392		4.973167	-1.221496	8.308078	-0.001173	-0.005782	0.002431	-0.588867	0.470215	-0.355469	0.413924	-0.268679	-0.056926	-0.867893
07393		4.980843	-1.211085	8.289711	-0.000700	-0.004390	0.002117	-0.585693	0.464111	-0.349609	0.414041	-0.268657	-0.056917	-0.867845
07394		4.981692	-1.207733	8.302151	-0.003618	-0.006646	0.002345	-0.589600	0.464111	-0.355469	0.414038	-0.268739	-0.056891	-0.867822
07395		4.981863	-1.208350	8.279396	-0.002270	-0.007242	0.002760	-0.594727	0.471680	-0.352783	0.414030	-0.268735	-0.056934	-0.867824
07396		4.987531	-1.226155	8.291228	-0.000693	-0.004839	0.001373	-0.589600	0.473145	-0.346191	0.414036	-0.268806	-0.056927	-0.867800
07397		4.974318	-1.207120	8.291653	0.000609	-0.005292	0.001192	-0.593994	0.469482	-0.354004	0.414104	-0.268969	-0.056862	-0.867721
07398		4.984894	-1.204963	8.290532	0.001234	-0.005224	0.001176	-0.586914	0.467529	-0.356934	0.414101	-0.268993	-0.056905	-0.867712
07399		4.980806	-1.223927	8.303143	0.003633	-0.004218	0.000665	-0.592773	0.468262	-0.348877	0.414221	-0.268881	-0.056972	-0.867685
07400		4.968956	-1.212544	8.299272	0.004244	-0.003252	0.002137	-0.599609	0.464844	-0.357178	0.414192	-0.268956	-0.057008	-0.867674
07401		4.987390	-1.203406	8.289257	0.003154	-0.005161	0.001723	-0.584473	0.463623	-0.361816	0.414049	-0.268931	-0.057159	-0.867740
07402		4.962288	-1.214070	8.320718	0.002324	-0.003316	0.001590	-0.597412	0.472412	-0.359375	0.414209	-0.268690	-0.057257	-0.867732
07403		4.980857	-1.209000	8.297556	0.003541	-0.003934	-0.000525	-0.581787	0.468262	-0.349609	0.414249	-0.268627	-0.057339	-0.867727
07404		4.980332	-1.203834	8.288520	0.003640	-0.004666	-0.000078	-0.582764	0.467529	-0.357910	0.414407	-0.268636	-0.057327	-0.867649
07405		4.974785	-1.218112	8.292600	0.002962	-0.004144	0.000086	-0.597412	0.459717	-0.353760	0.414606	-0.268483	-0.057366	-0.867599
07406		4.972643	-1.204643	8.288112	0.003015	-0.004735	-0.000062	-0.599121	0.458984	-0.350586	0.414319	-0.268500	-0.057525	-0.867720
07407		4.976470	-1.212678	8.304854	0.003593	-0.004525	-0.000674	-0.589600	0.465576	-0.355957	0.413962	-0.268581	-0.057685	-0.867855
07408		4.974680	-1.203463	8.287061	0.000615	-0.005741	0.000450	-0.594727	0.473389	-0.358398	0.414000	-0.268540	-0.057740	-0.867846
07409		4.984885	-1.193499	8.312235	-0.002568	-0.005044	0.001424	-0.595947	0.461670	-0.354004	0.414116	-0.268531	-0.057717	-0.867795
07410		4.978076	-1.204299	8.307482	0.001193	-0.005531	-0.000162	-0.597900	0.469482	-0.352051	0.413925	-0.268554	-0.057833	-0.867871
07411		4.967901	-1.197884	8.311997	-0.000886	-0.003822	-0.000262	-0.584229	0.463135	-0.358398	0.413828	-0.268653	-0.057838	-0.867886
07412		4.986237	-1.185181	8.315006	0.001904	-0.005298	0.001755	-0.578857	0.466797	-0.353516	0.413983	-0.268498	-0.057913	-0.867855
07413		4.979865	-1.203906	8.283882	0.000036	-0.005951	0.001061	-0.588623	0.467529	-0.355469	0.414246	-0.268434	-0.057880	-0.867752
07414		4.991630	-1.202161	8.304554	0.001174	-0.004185	0.002068	-0.590820	0.468994	-0.352783	0.414357	-0.268386	-0.057899	-0.867713
07415		4.963950	-1.208621	8.305549	-0.000023	-0.004912	0.001953	-0.591553	0.463867	-0.348877	0.414422	-0.268429	-0.057890	-0.867669
07416		4.991891	-1.193894	8.307972	0.001233	-0.005224	0.001176	-0.591553	0.469971	-0.359619	0.414315	-0.268529	-0.057925	-0.867687
07417		4.981642	-1.187797	8.312495	-0.001331	-0.004009	0.002879	-0.584473	0.462158	-0.356689	0.414464	-0.268439	-0.057931	-0.867643
07418		4.974596	-1.198783	8.307862	-0.000070	-0.004770	0.001358	-0.592773	0.466797	-0.355225	0.414528	-0.268325	-0.057978	-0.867644
07419		4.985245	-1.200880	8.293570	0.000555	-0.004702	0.001341	-0.590332	0.470703	-0.355469	0.414526	-0.268321	-0.058021	-0.867644
07420		4.966909	-1.201205	8.307239	-0.000029	-0.004463	0.002697	-0.598145	0.469971	-0.356445	0.414675	-0.268310	-0.058006	-0.867577
07421		4.974327	-1.186494	8.302083	-0.000017	-0.005361	0.001210	-0.592773	0.454590	-0.359619	0.414658	-0.268344	-0.058054	-0.867571
07422		4.967146	-1.193245	8.310637	-0.000082	-0.003873	0.002845	-0.590332	0.455078	-0.354004	0.414437	-0.268201	-0.058212	-0.867711
07423		4.977763	-1.195618	8.296317	-0.000549	-0.005713	0.002417	-0.589111	0.460205	-0.355469	0.414220	-0.268177	-0.058322	-0.867814
07424		4.970639	-1.202288	8.304851	0.001127	-0.004043	0.001472	-0.589844	0.462891	-0.351562	0.414170	-0.268107	-0.058404	-0.867854
07425		4.971761	-1.206525	8.291070	-0.000596	-0.005571	0.001822	-0.590332	0.475098	-0.359375	0.414117	-0.268157	-0.058425	-0.867863
07426		4.982281	-1.204996	8.289861	-0.001857	-0.004810	0.003343	-0.586426	0.470459	-0.353027	0.414422	-0.268106	-0.058371	-0.867736
07427		4.970820	-1.194760	8.285619	0.000180	-0.006826	0.002102	-0.592773	0.462646	-0.355469	0.414621	-0.268142	-0.058339	-0.867632
07428		4.980015	-1.184459	8.288861	-0.000544	-0.006162	0.001673	-0.594482	0.468506	-0.353271	0.414533	-0.268143	-0.058406	-0.867670
07429		4.974548	-1.195599	8.305870	0.000028	-0.005503	0.001804	-0.589600	0.468506	-0.360596	0.414531	-0.268210	-0.058421	-0.867649
07430		4.972737	-1.187051	8.287976	0.000028	-0.005503	0.001804	-0.583252	0.469727	-0.355225	0.414697	-0.268101	-0.058459	-0.867601
07431		4.979794	-1.208921	8.308514	0.000075	-0.005645	0.002399	-0.592529	0.468750	-0.362305	0.414956	-0.268057	-0.058427	-0.867492
07432		4.977579	-1.196477	8.303927	-0.001477	-0.003135	0.001838	-0.595215	0.465820	-0.355225	0.415072	-0.267926	-0.058457	-0.867475
07433		4.966177	-1.190044	8.286607	0.001481	-0.007281	0.001918	-0.595459	0.468018	-0.352539	0.415017	-0.267969	-0.058535	-0.867483
07434		4.982897	-1.213737	8.293449	-0.000176	-0.003589	0.001655	-0.587402	0.467773	-0.359863	0.414986	-0.268037	-0.058547	-0.867477
07435		4.962986	-1.205644	8.311728	0.000075	-0.005645	0.002399	-0.595215	0.467285	-0.349609	0.415152	-0.267934	-0.058572	-0.867427
07436		4.973469	-1.203758	8.310583	0.000548	-0.004254	0.002084	-0.584961	0.477295	-0.354492	0.415091	-0.268055	-0.058583	-0.867418
07437		4.984028	-1.205910	8.296297	-0.000072	-0.004771	0.001357	-0.593018	0.460938	-0.354248	0.415446	-0.268057	-0.058491	-0.867254
07438		4.978711	-1.180250	8.287771	0.001745	-0.003527	0.002197	-0.590088	0.463379	-0.359375	0.415309	-0.268039	-0.058573	-0.867319
07439		4.956665	-1.204254	8.323376	-0.000754	-0.003799	0.002267	-0.591309	0.474121	-0.360840	0.415311	-0.267934	-0.058622	-0.867347
07440		4.978244	-1.213005	8.303985	-0.000030	-0.004464	0.002696	-0.588623	0.463623	-0.356201	0.415558	-0.267857	-0.058616	-0.867254
07441		4.976119	-1.200741	8.299322	-0.002477	-0.005326	0.002618	-0.588379	0.471436	-0.352051	0.415549	-0.267831	-0.058625	-0.867265
07442		4.975632	-1.192754	8.303172	0.000031	-0.005952	0.001060	-0.588867	0.466553	-0.352783	0.415690	-0.267896	-0.058596	-0.867179
07443		4.965656	-1.190569	8.294499	0.000500	-0.004112	0.001488	-0.593018	0.468506	-0.358154	0.415719	-0.267911	-0.058601	-0.867161
07444		4.969791	-1.203510	8.297858	0.000802	-0.006759	0.002083	-0.591064	0.458496	-0.356689	0.415779	-0.267895	-0.058655	-0.867133
07445		4.979198	-1.197223	8.287869	-0.000495	-0.006753	0.001524	-0.592285	0.468506	-0.364258	0.415607	-0.267864	-0.058744	-0.867219
07446		4.961054	-1.193608	8.314601	-0.000603	-0.005123	0.002565	-0.593750	0.467773	-0.357666	0.415729	-0.267730	-0.058797	-0.867199
07447		4.973292	-1.204481	8.295619	0.000069	-0.005197	0.003142	-0.598633	0.476074	-0.364014	0.415773	-0.267717	-0.058835	-0.867179
07448		4.974257	-1.204727	8.295004	0.000599	-0.004845	0.001934	-0.589111	0.462646	-0.359375	0.415973	-0.267649	-0.058881	-0.867101
07449		4.976656	-1.205014	8.316163	0.001279	-0.005816	0.001024	-0.585693	0.469971	-0.356445	0.415942	-0.267563	-0.058956	-0.867137
07450		4.974634	-1.192490	8.311482	-0.001857	-0.004809	0.003345	-0.594238	0.467285	-0.358643	0.416123	-0.267537	-0.058909	-0.867061
07451		4.974288	-1.188586	8.302140	0.000129	-0.006685	0.001506	-0.592529	0.466797	-0.360840	0.416134	-0.267529	-0.058971	-0.867054
07452		4.967567	-1.199307	8.297361	-0.000022	-0.005361	0.001208	-0.591797	0.470703	-0.365723	0.416164	-0.267460	-0.059027	-0.867057
07453		4.976398	-1.180712	8.327072	0.000029	-0.005952	0.001059	-0.596436	0.463135	-0.361084	0.416318	-0.267329	-0.059080	-0.867021
07454		4.966829	-1.186552	8.291946	0.001231	-0.005675	0.000428	-0.597412	0.470459	-0.351807	0.416216	-0.267270	-0.059195	-0.867079
07455		4.972620	-1.203805	8.303801	0.000176	-0.006827	0.002101	-0.592041	0.460938	-0.354492	0.416242	-0.267408	-0.059223	-0.867023
07456		4.969099	-1.182519	8.303701	0.000408	-0.004277	-0.000446	-0.584717	0.470215	-0.350342	0.416098	-0.267408	-0.059285	-0.867087
07457		4.973163	-1.195481	8.307095	-0.000600	-0.005571	0.001821	-0.588135	0.465332	-0.355225	0.416236	-0.267480	-0.059225	-0.867003
07458		4.974472	-1.191638	8.319402	0.000330	-0.008599	0.001654	-0.591064	0.474365	-0.358154	0.416255	-0.267506	-0.059259	-0.866984
07459		4.974669	-1.199740	8.270386	-0.000699	-0.004839	0.001375	-0.591309	0.468018	-0.355713	0.416454	-0.267495	-0.059240	-0.866893
07460		4.986522	-1.198231	8.290989	-0.000026	-0.004913	0.001952	-0.589844	0.462158	-0.354004	0.416505	-0.267502	-0.059255	-0.866865
07461		4.977934	-1.196634	8.304071	-0.001897	-0.005565	0.001263	-0.590820	0.457031	-0.354004	0.416414	-0.267526	-0.059273	-0.866900
07462		4.966395	-1.186297	8.299950	0.000021	-0.005055	0.002546	-0.594482	0.470947	-0.346924	0.416225	-0.267524	-0.059337	-0.866987
07463		4.988140	-1.191039	8.293473	-0.001078	-0.006514	0.002881	-0.593262	0.468506	-0.350098	0.416254	-0.267715	-0.059304	-0.866916
07464		4.973229	-1.204356	8.311065	-0.000024	-0.005362	0.001208	-0.592041	0.463623	-0.351807	0.416253	-0.267819	-0.059306	-0.866885
07465		4.972839	-1.200290	8.301767	-0.001946	-0.005423	0.000669	-0.584717	0.465332	-0.359863	0.416165	-0.267883	-0.059319	-0.866906
07466		4.973786	-1.196673	8.314268	-0.001324	-0.004906	0.001394	-0.585693	0.464844	-0.356445	0.416249	-0.267780	-0.059322	-0.866898
07467		4.973504	-1.196822	8.291748	-0.001174	-0.006230	0.001691	-0.591797	0.466797	-0.350830	0.416292	-0.267749	-0.059325	-0.866886
07468		4.983884	-1.186967	8.316872	-0.000751	-0.004248	0.001524	-0.591309	0.466064	-0.356445	0.416275	-0.267818	-0.059317	-0.866874
07469		4.975434	-1.193584	8.303608	-0.001177	-0.005781	0.002434	-0.584229	0.466797	-0.348633	0.416294	-0.267816	-0.059336	-0.866864
07470		4.968450	-1.200521	8.312091	-0.000652	-0.004981	0.001970	-0.586182	0.459717	-0.355225	0.416343	-0.267881	-0.059287	-0.866824
07471		4.977363	-1.190212	8.315492	0.000598	-0.004846	0.001932	-0.586670	0.459229	-0.347168	0.416278	-0.267829	-0.059328	-0.866868
07472		4.978352	-1.198592	8.288582	-0.000850	-0.003515	0.001078	-0.583740	0.472168	-0.358643	0.416128	-0.267890	-0.059317	-0.866922
07473		4.988703	-1.192820	8.300585	-0.000505	-0.005856	0.003010	-0.584473	0.464111	-0.354004	0.416383	-0.267830	-0.059288	-0.866820
07474		4.973743	-1.210048	8.305115	0.001174	-0.004636	0.001318	-0.585938	0.474365	-0.354248	0.416414	-0.267795	-0.059301	-0.866815
07475		4.979649	-1.186802	8.304494	-0.001275	-0.005497	0.001245	-0.591309	0.467041	-0.359375	0.416630	-0.267818	-0.059249	-0.866708
07476		4.991711	-1.189574	8.311804	-0.001277	-0.005049	0.001989	-0.589111	0.471924	-0.351807	0.416675	-0.267771	-0.059274	-0.866699
07477		4.970681	-1.185572	8.295108	-0.001854	-0.005258	0.002602	-0.591309	0.471924	-0.355957	0.416800	-0.267840	-0.059228	-0.866621
07478		4.971611	-1.186131	8.294470	-0.000703	-0.004390	0.002118	-0.589111	0.470459	-0.364990	0.416925	-0.267845	-0.059220	-0.866560
07479		4.975587	-1.195320	8.311010	0.000168	-0.005931	0.003585	-0.589844	0.465088	-0.357910	0.417102	-0.267722	-0.059255	-0.866510
07480		4.975091	-1.191439	8.301744	-0.001280	-0.004600	0.002732	-0.594482	0.466797	-0.354004	0.417104	-0.267681	-0.059270	-0.866521
07481		4.966556	-1.193997	8.301679	-0.000602	-0.005572	0.001820	-0.591797	0.462158	-0.353271	0.417075	-0.267730	-0.059302	-0.866517
07482		4.969128	-1.207170	8.283229	-0.001137	-0.004578	0.005260	-0.586914	0.467285	-0.363281	0.417003	-0.267756	-0.059314	-0.866543
07483		4.976282	-1.180555	8.317612	-0.000029	-0.004914	0.001950	-0.587891	0.464111	-0.360352	0.417110	-0.267630	-0.059346	-0.866528
07484		4.978743	-1.193383	8.299275	0.000592	-0.003950	0.003418	-0.589111	0.467529	-0.352783	0.417140	-0.267531	-0.059381	-0.866542
07485		4.977911	-1.185314	8.303383	-0.000706	-0.003942	0.002862	-0.586182	0.467285	-0.359131	0.417177	-0.267558	-0.059366	-0.866517
07486		4.981553	-1.198511	8.306975	0.001068	-0.002559	0.003102	-0.584717	0.472168	-0.361328	0.417282	-0.267460	-0.059376	-0.866496
07487		4.972429	-1.200961	8.307283	-0.000135	-0.002387	0.004479	-0.579346	0.460449	-0.352051	0.417524	-0.267346	-0.059351	-0.866416
07488		4.960477	-1.186637	8.316603	-0.000557	-0.005266	0.003158	-0.590820	0.468994	-0.358643	0.417482	-0.267334	-0.059326	-0.866442
07489		4.953318	-1.201927	8.298863	-0.001335	-0.003112	0.004369	-0.585449	0.456299	-0.357422	0.417574	-0.267295	-0.059320	-0.866410
07490		4.962150	-1.196115	8.289089	-0.001951	-0.005422	0.000670	-0.590576	0.467041	-0.352295	0.417378	-0.267240	-0.059347	-0.866519
07491		4.964747	-1.200861	8.296974	0.000020	-0.005505	0.001800	-0.592529	0.459229	-0.359619	0.417365	-0.267297	-0.059357	-0.866508
07492		4.986349	-1.201573	8.303655	-0.001856	-0.005258	0.002603	-0.587891	0.463135	-0.354492	0.417215	-0.267254	-0.059405	-0.866590
07493		4.966759	-1.202145	8.295584	-0.002482	-0.004876	0.003366	-0.583008	0.458740	-0.362549	0.417176	-0.267266	-0.059391	-0.866606
07494		4.978783	-1.201328	8.316002	-0.003056	-0.005983	0.002493	-0.590332	0.466797	-0.351562	0.417157	-0.267153	-0.059419	-0.866648
07495		4.969262	-1.200717	8.306872	-0.010305	-0.009293	0.002728	-0.583496	0.462402	-0.358154	0.417103	-0.267313	-0.059325	-0.866631
07496		4.980738	-1.197123	8.317898	-0.010782	-0.010684	0.003043	-0.589600	0.467529	-0.356445	0.417102	-0.267359	-0.059262	-0.866622
07497		4.975321	-1.210690	8.311928	-0.014809	-0.014841	0.002881	-0.587402	0.470215	-0.354980	0.417094	-0.267533	-0.059169	-0.866578
07498		4.977989	-1.222338	8.283450	-0.015110	-0.011297	0.003777	-0.595459	0.468262	-0.352783	0.417169	-0.267682	-0.059032	-0.866505
07499		4.978395	-1.212796	8.299646	-0.009010	-0.008855	0.004025	-0.583252	0.453857	-0.359619	0.417109	-0.267830	-0.058966	-0.866493
07500		4.970623	-1.216989	8.298904	-0.007135	-0.009102	0.003221	-0.590332	0.468506	-0.353271	0.416958	-0.267787	-0.058971	-0.866579
07501		4.951861	-1.214193	8.303456	-0.003960	-0.009358	0.002970	-0.591553	0.460449	-0.351807	0.416973	-0.267880	-0.058953	-0.866544
07502		4.996307	-1.228277	8.299090	-0.002859	-0.008348	0.001890	-0.592285	0.464355	-0.357178	0.416790	-0.267957	-0.058966	-0.866607
07503		4.975631	-1.224441	8.282207	-0.003107	-0.005842	0.001895	-0.584229	0.467041	-0.356201	0.416732	-0.267954	-0.058981	-0.866635
07504		4.964143	-1.209895	8.291377	0.002568	-0.005383	0.002307	-0.593018	0.461182	-0.358887	0.416855	-0.267897	-0.059025	-0.866591
07505		4.987102	-1.218003	8.293654	0.003998	-0.003000	-0.001616	-0.586182	0.470215	-0.354004	0.416728	-0.267799	-0.059131	-0.866675
07506		4.970111	-1.229328	8.290159	0.007847	-0.001989	0.000939	-0.590088	0.468994	-0.356689	0.416868	-0.267725	-0.059199	-0.866626
07507		4.978088	-1.216603	8.294485	0.013701	0.002062	-0.000299	-0.589600	0.461426	-0.355225	0.416962	-0.267559	-0.059336	-0.866622
07508		4.977530	-1.213656	8.295252	0.014176	0.003453	-0.000615	-0.583496	0.468750	-0.354736	0.416901	-0.267377	-0.059484	-0.866697
07509		4.959753	-1.223643	8.292435	0.010872	-0.000921	0.000393	-0.581787	0.460205	-0.356445	0.417061	-0.267260	-0.059581	-0.866650
07510		4.977522	-1.208959	8.295942	0.008947	-0.001427	-0.000884	-0.588623	0.468262	-0.355957	0.417072	-0.267112	-0.059693	-0.866683
07511		4.969933	-1.213671	8.305168	0.007171	-0.002361	-0.000378	-0.584961	0.474609	-0.358643	0.417139	-0.267044	-0.059772	-0.866666
07512		4.962893	-1.178208	8.301651	0.004770	-0.003362	0.000149	-0.585449	0.468750	-0.351074	0.417403	-0.266969	-0.059820	-0.866559
07513		4.969664	-1.199239	8.322490	0.002320	-0.003323	0.001570	-0.585938	0.463867	-0.357422	0.417482	-0.266985	-0.059816	-0.866516
07514		4.967519	-1.198258	8.278440	0.002518	-0.005687	0.000973	-0.586670	0.464600	-0.361816	0.417496	-0.266942	-0.059869	-0.866519
07515		4.970067	-1.198271	8.299651	0.001070	-0.004354	0.000123	-0.589600	0.468750	-0.348633	0.417539	-0.266847	-0.059921	-0.866524
07516		4.977518	-1.187327	8.281267	0.000594	-0.005296	0.001184	-0.593506	0.471191	-0.363525	0.417532	-0.266942	-0.059906	-0.866499
07517		4.961002	-1.195918	8.290517	0.000594	-0.004848	0.001927	-0.589355	0.464111	-0.359619	0.417654	-0.266883	-0.059954	-0.866455
07518		4.973230	-1.194610	8.310893	-0.003057	-0.006879	0.001009	-0.589355	0.466797	-0.353760	0.417624	-0.266877	-0.059965	-0.866470
07519		4.973022	-1.186713	8.314633	-0.001232	-0.006088	0.001096	-0.592529	0.464355	-0.360352	0.417614	-0.266924	-0.059961	-0.866461
07520		4.977219	-1.199724	8.317904	0.001218	-0.005230	0.001162	-0.590576	0.469971	-0.354980	0.417577	-0.266882	-0.060018	-0.866488
07521		4.973639	-1.190849	8.278306	-0.001232	-0.005191	0.002584	-0.585693	0.468994	-0.364502	0.417642	-0.266919	-0.060004	-0.866446
07522		4.979109	-1.200501	8.316660	-0.001430	-0.003724	0.001694	-0.593262	0.465332	-0.364502	0.417808	-0.266812	-0.060020	-0.866398
07523		4.986480	-1.185904	8.311453	-0.000032	-0.005363	0.001204	-0.592529	0.459229	-0.351074	0.417805	-0.266741	-0.060078	-0.866417
07524		4.985966	-1.181710	8.302228	-0.000032	-0.004915	0.001948	-0.588867	0.473145	-0.352783	0.417595	-0.266798	-0.060083	-0.866501
07525		4.969399	-1.194553	8.298300	-0.000032	-0.004915	0.001948	-0.583252	0.467285	-0.352051	0.417719	-0.266850	-0.060063	-0.866426
07526		4.959243	-1.192511	8.289783	-0.000031	-0.004467	0.002691	-0.587402	0.462158	-0.358643	0.417796	-0.266868	-0.060039	-0.866385
07527		4.972758	-1.195396	8.318925	0.000593	-0.004848	0.001926	-0.598145	0.465820	-0.346680	0.417765	-0.266822	-0.060070	-0.866412
07528		4.972162	-1.195325	8.296534	-0.000657	-0.004982	0.001969	-0.586182	0.458740	-0.358887	0.417590	-0.266964	-0.060047	-0.866454
07529		4.974587	-1.204194	8.291319	-0.000706	-0.004391	0.002118	-0.591309	0.463135	-0.356201	0.417523	-0.266903	-0.060070	-0.866504
07530		4.969179	-1.215378	8.308469	0.000116	-0.006239	0.002243	-0.584961	0.464355	-0.363037	0.417457	-0.266918	-0.060096	-0.866529
07531		4.965896	-1.198549	8.295069	-0.001710	-0.007030	0.002157	-0.587402	0.461426	-0.356201	0.417547	-0.266855	-0.060130	-0.866503
07532		4.968755	-1.203451	8.302789	-0.000510	-0.006306	0.002264	-0.592285	0.471680	-0.353516	0.417494	-0.266855	-0.060147	-0.866527
07533		4.960415	-1.206009	8.302667	-0.001858	-0.005706	0.001862	-0.589111	0.469238	-0.355713	0.417533	-0.266926	-0.060117	-0.866489
07534		4.982122	-1.206746	8.309196	0.000066	-0.005649	0.002392	-0.594482	0.466553	-0.360107	0.417599	-0.266944	-0.060120	-0.866451
07535		4.951635	-1.196248	8.319709	0.000066	-0.005649	0.002392	-0.594238	0.468750	-0.362061	0.417592	-0.266932	-0.060155	-0.866456
07536		4.962426	-1.198606	8.305023	-0.000362	-0.007631	0.002559	-0.589355	0.465820	-0.361816	0.417641	-0.266927	-0.060200	-0.866430
07537		4.963879	-1.202976	8.290892	0.000212	-0.007422	0.001943	-0.583496	0.469727	-0.354980	0.417689	-0.266894	-0.060249	-0.866414
07538		4.973235	-1.188717	8.307213	-0.001959	-0.005421	0.000673	-0.581299	0.463867	-0.364014	0.417795	-0.266907	-0.060223	-0.866361
07539		4.963236	-1.182600	8.311838	0.000592	-0.004849	0.001925	-0.586914	0.462646	-0.351807	0.417912	-0.266788	-0.060265	-0.866338
07540		4.967195	-1.195768	8.315218	-0.000656	-0.004534	0.002712	-0.583984	0.462402	-0.354980	0.417850	-0.266816	-0.060244	-0.866361
07541		4.966555	-1.187767	8.319252	-0.000657	-0.004534	0.002712	-0.590576	0.461914	-0.360596	0.417844	-0.266801	-0.060234	-0.866369
07542		4.975459	-1.185803	8.296160	-0.000610	-0.005573	0.001819	-0.582520	0.469971	-0.356445	0.417787	-0.266764	-0.060265	-0.866406
07543		4.970141	-1.196937	8.313289	0.000741	-0.005725	0.002964	-0.588867	0.463623	-0.355713	0.417957	-0.266751	-0.060270	-0.866327
07544		4.971155	-1.197039	8.312668	0.000491	-0.004564	0.000736	-0.586670	0.465088	-0.354980	0.417901	-0.266743	-0.060285	-0.866356
07545		4.978596	-1.186425	8.294188	-0.000509	-0.005858	0.003007	-0.591553	0.468506	-0.354980	0.417914	-0.266759	-0.060280	-0.866345
07546		4.968813	-1.176293	8.311919	0.000114	-0.006240	0.002241	-0.594727	0.465332	-0.361328	0.417924	-0.266800	-0.060286	-0.866327
07547		4.963325	-1.195654	8.302684	-0.000657	-0.004534	0.002712	-0.589355	0.475586	-0.357666	0.417898	-0.266769	-0.060310	-0.866348
07548		4.975388	-1.194359	8.323169	-0.000659	-0.004982	0.001968	-0.586426	0.468018	-0.355225	0.418072	-0.266781	-0.060300	-0.866261
07549		4.955738	-1.198332	8.302115	0.000589	-0.005298	0.001180	-0.589600	0.458984	-0.355469	0.418121	-0.266786	-0.060307	-0.866235
07550		4.975869	-1.194425	8.300079	-0.000611	-0.005573	0.001819	-0.587646	0.461182	-0.354736	0.417978	-0.266790	-0.060316	-0.866302
07551		4.967593	-1.192835	8.313188	-0.001137	-0.006373	0.002285	-0.590088	0.469971	-0.356934	0.417897	-0.266811	-0.060314	-0.866335
07552		4.978209	-1.191043	8.311815	0.000490	-0.004564	0.000735	-0.586182	0.467529	-0.355469	0.417948	-0.266808	-0.060324	-0.866311
07553		4.980914	-1.195587	8.319687	-0.000515	-0.006755	0.001519	-0.590576	0.468018	-0.356934	0.417992	-0.266830	-0.060327	-0.866282
07554		4.961357	-1.203554	8.285351	0.000538	-0.005155	0.000585	-0.580811	0.471436	-0.358154	0.418003	-0.266831	-0.060345	-0.866276
07555		4.962512	-1.195480	8.311133	-0.000085	-0.004773	0.001352	-0.587402	0.471191	-0.354004	0.418194	-0.266793	-0.060344	-0.866195
07556		4.970006	-1.180797	8.305844	-0.000662	-0.005431	0.001224	-0.586670	0.471680	-0.358643	0.418274	-0.266827	-0.060330	-0.866147
07557		4.974125	-1.197989	8.295881	-0.000665	-0.005879	0.000480	-0.585693	0.466064	-0.356934	0.418393	-0.266819	-0.060339	-0.866091
07558		4.964169	-1.191556	8.300563	0.001063	-0.004356	0.000118	-0.590332	0.466797	-0.360596	0.418410	-0.266788	-0.060358	-0.866091
07559		4.974612	-1.189469	8.299326	-0.000136	-0.004631	0.000757	-0.591064	0.464844	-0.347656	0.418424	-0.266750	-0.060381	-0.866095
07560		4.967781	-1.195963	8.307915	-0.000043	-0.006261	-0.000286	-0.588379	0.460693	-0.356445	0.418299	-0.266846	-0.060370	-0.866126
07561		4.958006	-1.189319	8.312526	0.002511	-0.005690	0.000962	-0.593750	0.462402	-0.354980	0.418208	-0.266825	-0.060414	-0.866174
07562		4.990837	-1.191828	8.326943	0.000639	-0.005441	0.001774	-0.587402	0.464600	-0.357178	0.418090	-0.266846	-0.060431	-0.866223
07563		4.974323	-1.208644	8.309811	-0.001341	-0.005803	-0.000091	-0.590088	0.468018	-0.359863	0.418064	-0.266842	-0.060436	-0.866236
07564		4.971067	-1.187613	8.309667	-0.001918	-0.006460	-0.000218	-0.585449	0.468506	-0.359619	0.418084	-0.266841	-0.060447	-0.866226
07565		4.973822	-1.200693	8.290951	-0.002390	-0.006954	0.001587	-0.598877	0.463623	-0.361816	0.418175	-0.266837	-0.060445	-0.866184
07566		4.972203	-1.184518	8.299283	-0.003063	-0.006429	0.001759	-0.589600	0.468994	-0.358887	0.418068	-0.266845	-0.060458	-0.866232
07567		4.967347	-1.200319	8.302845	-0.003398	-0.009593	0.001627	-0.586182	0.466797	-0.348877	0.418114	-0.266896	-0.060458	-0.866194
07568		4.976737	-1.194454	8.292617	-0.000762	-0.004697	0.000779	-0.587402	0.463623	-0.357422	0.418085	-0.266951	-0.060420	-0.866193
07569		4.978040	-1.186638	8.318309	-0.001240	-0.006088	0.001097	-0.583008	0.466553	-0.358154	0.418059	-0.266946	-0.060425	-0.866207
07570		4.971110	-1.197710	8.313643	-0.002586	-0.005039	0.001442	-0.596680	0.460938	-0.362305	0.418130	-0.266921	-0.060406	-0.866182
07571		4.969168	-1.189195	8.295726	0.001407	-0.007148	0.001299	-0.591309	0.466553	-0.348389	0.418016	-0.266896	-0.060474	-0.866240
07572		4.981726	-1.187619	8.315962	-0.001240	-0.006088	0.001097	-0.589355	0.471680	-0.356445	0.417927	-0.266988	-0.060437	-0.866258
07573		4.985754	-1.200847	8.319274	-0.000130	-0.003735	0.002244	-0.590332	0.468994	-0.359375	0.418016	-0.266982	-0.060423	-0.866217
07574		4.961246	-1.183539	8.299114	-0.000810	-0.004106	0.000929	-0.599609	0.469238	-0.354980	0.418061	-0.266956	-0.060427	-0.866203
07575		4.966854	-1.201174	8.311000	-0.001288	-0.005497	0.001246	-0.594727	0.463135	-0.355469	0.417992	-0.267014	-0.060419	-0.866219
07576		4.975937	-1.190999	8.314248	-0.000763	-0.004697	0.000779	-0.596436	0.468994	-0.356689	0.417881	-0.267028	-0.060421	-0.866268
07577		4.968674	-1.205977	8.296536	-0.000604	-0.004677	0.003306	-0.583252	0.468262	-0.353027	0.417874	-0.267050	-0.060412	-0.866266
07578		4.970097	-1.198208	8.322173	0.000207	-0.007424	0.001938	-0.585449	0.462646	-0.354980	0.417932	-0.267085	-0.060405	-0.866227
07579		4.968052	-1.189439	8.304350	0.001065	-0.003908	0.000859	-0.597656	0.466309	-0.366699	0.417903	-0.267054	-0.060414	-0.866250
07580		4.967467	-1.185104	8.295168	0.000112	-0.006242	0.002238	-0.588379	0.458984	-0.354492	0.417918	-0.267001	-0.060474	-0.866255
07581		4.970543	-1.181631	8.329362	-0.000617	-0.006022	0.001073	-0.587402	0.468018	-0.358154	0.417805	-0.267009	-0.060479	-0.866307
07582		4.969786	-1.185683	8.293697	-0.000660	-0.004983	0.001967	-0.588623	0.462891	-0.359863	0.417864	-0.266992	-0.060477	-0.866284
07583		4.974014	-1.194862	8.310158	-0.000613	-0.005574	0.001817	-0.587158	0.468262	-0.355713	0.417855	-0.266959	-0.060495	-0.866297
07584		4.962551	-1.184471	8.306213	-0.001186	-0.005783	0.002435	-0.584473	0.459717	-0.357666	0.417901	-0.266974	-0.060477	-0.866272
07585		4.966371	-1.205783	8.283093	0.001266	-0.004928	0.002491	-0.589111	0.462891	-0.361084	0.417883	-0.266925	-0.060503	-0.866293
07586		4.974037	-1.187258	8.290923	-0.001656	-0.006277	0.004241	-0.585693	0.460205	-0.359131	0.417901	-0.266900	-0.060510	-0.866292
07587		4.967165	-1.198299	8.286229	0.000059	-0.006099	0.001643	-0.589844	0.467041	-0.352051	0.417877	-0.266863	-0.060537	-0.866313
07588		4.979723	-1.196879	8.306448	-0.000467	-0.006899	0.002111	-0.592041	0.464600	-0.358398	0.417844	-0.266923	-0.060518	-0.866312
07589		4.968382	-1.186424	8.302448	-0.001291	-0.005497	0.001247	-0.593506	0.465820	-0.360596	0.417802	-0.266920	-0.060520	-0.866333
07590		4.963357	-1.197619	8.319490	-0.000472	-0.007347	0.001367	-0.593994	0.468750	-0.359131	0.417784	-0.266921	-0.060549	-0.866339
07591		4.972853	-1.191661	8.309178	-0.002249	-0.008279	0.001882	-0.593506	0.469971	-0.361328	0.417784	-0.266962	-0.060550	-0.866327
07592		4.974198	-1.192399	8.308267	-0.001807	-0.005401	0.003203	-0.588135	0.468994	-0.347900	0.417843	-0.266953	-0.060545	-0.866301
07593		4.965535	-1.194870	8.308428	0.001172	-0.003746	0.002789	-0.588623	0.469238	-0.355957	0.417830	-0.267000	-0.060502	-0.866296
07594		4.972726	-1.180394	8.303263	-0.002682	-0.003856	0.001745	-0.592041	0.461670	-0.360596	0.417860	-0.267004	-0.060459	-0.866283
07595		4.957679	-1.198033	8.308010	-0.001135	-0.005926	0.003029	-0.588379	0.464844	-0.354004	0.417823	-0.266981	-0.060474	-0.866307
07596		4.968092	-1.200496	8.293380	-0.000036	-0.004918	0.001943	-0.593262	0.468994	-0.359619	0.417794	-0.266990	-0.060461	-0.866320
07597		4.978973	-1.190603	8.318377	0.000062	-0.005652	0.002386	-0.592285	0.463379	-0.352783	0.417821	-0.266983	-0.060473	-0.866307
07598		4.970561	-1.193019	8.318401	-0.001240	-0.005640	0.001841	-0.584961	0.470947	-0.358643	0.417721	-0.267022	-0.060448	-0.866345
07599		4.980854	-1.199505	8.290542	-0.000667	-0.005432	0.001223	-0.589111	0.470215	-0.349854	0.417825	-0.267006	-0.060446	-0.866300
07600		4.980197	-1.195278	8.281379	0.001219	-0.004338	0.002638	-0.585938	0.468750	-0.357422	0.417828	-0.267046	-0.060413	-0.866289
07601		4.962116	-1.195760	8.295526	-0.002578	-0.004142	0.002934	-0.590332	0.462646	-0.354736	0.417897	-0.267034	-0.060375	-0.866262
07602		4.983712	-1.196740	8.301939	-0.000615	-0.005575	0.001816	-0.588867	0.466064	-0.354492	0.417826	-0.267046	-0.060368	-0.866293
07603		4.962989	-1.180056	8.325256	-0.000089	-0.004775	0.001348	-0.597168	0.461426	-0.360840	0.417803	-0.267051	-0.060357	-0.866303
07604		4.976166	-1.199224	8.301437	-0.000090	-0.004775	0.001348	-0.595947	0.462158	-0.358154	0.417709	-0.267020	-0.060384	-0.866356
07605		4.957840	-1.207605	8.289167	-0.000031	-0.004470	0.002686	-0.595215	0.465820	-0.356201	0.417627	-0.267005	-0.060391	-0.866400
07606		4.979708	-1.200177	8.322063	-0.000032	-0.004470	0.002686	-0.587646	0.467041	-0.357910	0.417572	-0.267011	-0.060380	-0.866425
07607		4.956749	-1.191553	8.297247	-0.001808	-0.005401	0.003203	-0.588867	0.466064	-0.360352	0.417615	-0.267007	-0.060361	-0.866407
07608		4.979695	-1.200797	8.299093	0.000390	-0.003384	0.001030	-0.590820	0.462158	-0.352295	0.417645	-0.266950	-0.060376	-0.866409
07609		4.980829	-1.196816	8.311711	0.001463	-0.006398	0.003374	-0.586182	0.468994	-0.359375	0.417567	-0.266980	-0.060376	-0.866437
07610		4.961338	-1.192696	8.317229	0.000027	-0.004165	0.004024	-0.588623	0.465820	-0.354736	0.417672	-0.266943	-0.060370	-0.866399
07611		4.970096	-1.186598	8.307351	0.000639	-0.004995	0.002511	-0.591309	0.472656	-0.353271	0.417663	-0.266945	-0.060363	-0.866403
07612		4.963169	-1.193379	8.316038	-0.001288	-0.005049	0.001991	-0.594727	0.470703	-0.363281	0.417666	-0.266990	-0.060314	-0.866391
07613		4.964093	-1.197893	8.302108	-0.000518	-0.006309	0.002260	-0.590820	0.470215	-0.356689	0.417716	-0.266975	-0.060334	-0.866370
07614		4.974593	-1.200269	8.287398	0.000060	-0.005652	0.002385	-0.595703	0.463623	-0.367432	0.417741	-0.266987	-0.060324	-0.866355
07615		4.964673	-1.194083	8.292144	-0.000039	-0.004918	0.001942	-0.600586	0.464355	-0.360596	0.417753	-0.266911	-0.060377	-0.866369
07616		4.988276	-1.195154	8.320216	-0.000466	-0.006452	0.002854	-0.596191	0.461670	-0.357910	0.417679	-0.266919	-0.060395	-0.866401
07617		4.957169	-1.200966	8.278268	-0.001342	-0.004906	0.001398	-0.588135	0.464111	-0.359619	0.417578	-0.266916	-0.060391	-0.866451
07618		4.969673	-1.195421	8.311860	0.001159	-0.004644	0.001298	-0.591553	0.467529	-0.357666	0.417592	-0.266870	-0.060418	-0.866456
07619		4.982998	-1.210534	8.301212	-0.000611	-0.005127	0.002560	-0.589600	0.467773	-0.357666	0.417594	-0.266870	-0.060406	-0.866457
07620		4.971072	-1.204169	8.284289	-0.000756	-0.003801	0.002267	-0.592041	0.469482	-0.358398	0.417611	-0.266852	-0.060386	-0.866455
07621		4.963205	-1.194305	8.323994	0.000099	-0.006692	0.001490	-0.586670	0.470215	-0.363281	0.417620	-0.266865	-0.060392	-0.866446
07622		4.963883	-1.202750	8.296895	-0.001388	-0.004315	0.001548	-0.587402	0.466553	-0.361328	0.417721	-0.266814	-0.060393	-0.866413
07623		4.971546	-1.184165	8.304764	0.000060	-0.005653	0.002385	-0.591064	0.466309	-0.353760	0.417779	-0.266779	-0.060411	-0.866395
07624		4.977102	-1.205749	8.303355	-0.000046	-0.005367	0.001197	-0.598389	0.463379	-0.355469	0.417726	-0.266803	-0.060394	-0.866415
07625		4.965812	-1.190877	8.312766	0.000526	-0.005158	0.000578	-0.593506	0.463867	-0.358154	0.417599	-0.266818	-0.060397	-0.866471
07626		4.969889	-1.204036	8.316028	-0.001237	-0.005192	0.002585	-0.582764	0.461914	-0.358643	0.417557	-0.266816	-0.060387	-0.866492
07627		4.989622	-1.204395	8.300682	0.000487	-0.004119	0.001473	-0.584717	0.459473	-0.363770	0.417587	-0.266760	-0.060402	-0.866494
07628		4.968820	-1.191534	8.310875	0.000723	-0.006627	0.001465	-0.589600	0.466309	-0.355469	0.417625	-0.266694	-0.060462	-0.866492
07629		4.960797	-1.189671	8.324065	-0.001304	-0.005945	0.000503	-0.593262	0.460938	-0.359863	0.417585	-0.266715	-0.060442	-0.866506
07630		4.961741	-1.194142	8.310110	-0.001244	-0.005640	0.001841	-0.582764	0.468262	-0.359863	0.417523	-0.266699	-0.060447	-0.866540
07631		4.953146	-1.200494	8.296966	-0.000054	-0.005815	0.000452	-0.586914	0.460205	-0.359619	0.417606	-0.266670	-0.060463	-0.866508
07632		4.962407	-1.190251	8.300103	-0.001297	-0.005497	0.001248	-0.590332	0.466064	-0.363770	0.417581	-0.266639	-0.060470	-0.866529
07633		4.974738	-1.193061	8.307114	-0.001252	-0.006089	0.001097	-0.592773	0.475342	-0.362549	0.417615	-0.266606	-0.060491	-0.866522
07634		4.968139	-1.199704	8.315658	0.000722	-0.006627	0.001464	-0.594971	0.462891	-0.356201	0.417710	-0.266603	-0.060514	-0.866475
07635		4.986601	-1.195633	8.291506	-0.001824	-0.006297	0.001716	-0.585938	0.462891	-0.359863	0.417612	-0.266631	-0.060491	-0.866515
07636		4.978679	-1.193952	8.304625	0.000142	-0.007284	0.001338	-0.586670	0.465820	-0.362793	0.417624	-0.266615	-0.060519	-0.866513
07637		4.961073	-1.193983	8.318681	0.000479	-0.004567	0.000727	-0.585449	0.469727	-0.360596	0.417679	-0.266555	-0.060548	-0.866502
07638		4.972953	-1.200632	8.312647	-0.000665	-0.004984	0.001966	-0.599609	0.472656	-0.351807	0.417771	-0.266527	-0.060548	-0.866467
07639		4.962880	-1.198516	8.304191	0.000051	-0.006101	0.001639	-0.593994	0.464844	-0.355713	0.417703	-0.266603	-0.060513	-0.866478
07640		4.984734	-1.199146	8.310422	0.000059	-0.005653	0.002384	-0.590088	0.458496	-0.353760	0.417645	-0.266620	-0.060501	-0.866502
07641		4.969826	-1.179721	8.289589	-0.000818	-0.004107	0.000929	-0.591309	0.468506	-0.355957	0.417525	-0.266615	-0.060477	-0.866563
07642		4.967618	-1.203774	8.310776	-0.000620	-0.005575	0.001816	-0.583496	0.467529	-0.358154	0.417511	-0.266634	-0.060455	-0.866566
07643		4.967182	-1.195514	8.314815	0.001218	-0.004341	0.002633	-0.591064	0.460693	-0.352295	0.417589	-0.266597	-0.060461	-0.866539
07644		4.966437	-1.191392	8.305679	-0.001291	-0.005049	0.001992	-0.594727	0.460938	-0.355713	0.417478	-0.266621	-0.060422	-0.866588
07645		4.967489	-1.191893	8.304978	-0.001245	-0.005641	0.001842	-0.584229	0.468018	-0.359619	0.417368	-0.266637	-0.060402	-0.866637
07646		4.968524	-1.192266	8.304306	-0.000773	-0.004698	0.000779	-0.592773	0.467529	-0.356934	0.417431	-0.266606	-0.060400	-0.866616
07647		4.978883	-1.190569	8.302955	-0.000077	-0.003880	0.002835	-0.588135	0.463379	-0.354492	0.417418	-0.266599	-0.060376	-0.866627
07648		4.962328	-1.199246	8.312582	0.000585	-0.004854	0.001914	-0.587402	0.463867	-0.359863	0.417379	-0.266596	-0.060365	-0.866647
07649		4.979038	-1.186743	8.293233	-0.001237	-0.005193	0.002586	-0.594238	0.462158	-0.357178	0.417402	-0.266572	-0.060361	-0.866644
07650		4.962902	-1.191634	8.315932	-0.001345	-0.004906	0.001399	-0.588623	0.468262	-0.364258	0.417314	-0.266572	-0.060341	-0.866688
07651		4.965468	-1.200480	8.310529	0.000202	-0.006979	0.002675	-0.592285	0.463135	-0.358643	0.417405	-0.266543	-0.060375	-0.866650
07652		4.957067	-1.202935	8.310605	-0.001283	-0.004601	0.002737	-0.593262	0.463623	-0.356445	0.417369	-0.266529	-0.060356	-0.866673
07653		4.975528	-1.191037	8.313065	-0.001382	-0.003867	0.002294	-0.594971	0.469238	-0.351807	0.417304	-0.266525	-0.060322	-0.866708
07654		4.957054	-1.199483	8.300933	-0.000095	-0.004776	0.001346	-0.590088	0.474854	-0.362549	0.417215	-0.266568	-0.060274	-0.866741
07655		4.967615	-1.197847	8.299445	-0.001193	-0.005784	0.002435	-0.590820	0.456543	-0.356689	0.417311	-0.266561	-0.060264	-0.866698
07656		4.967472	-1.189761	8.303296	0.000147	-0.006836	0.002081	-0.590820	0.463623	-0.352295	0.417221	-0.266559	-0.060278	-0.866741
07657		4.968587	-1.190142	8.302574	-0.000604	-0.004680	0.003304	-0.589844	0.463623	-0.363037	0.417152	-0.266581	-0.060233	-0.866770
07658		4.972916	-1.199560	8.318988	-0.001872	-0.005706	0.001868	-0.587402	0.472168	-0.364746	0.413851	-0.266617	-0.056603	-0.868585
07659		4.972286	-1.195442	8.309778	0.001209	-0.004790	0.001886	-0.593750	0.466797	-0.355469	0.413953	-0.266593	-0.056644	-0.868541
07660		4.961915	-1.193103	8.301550	0.000494	-0.003672	0.002214	-0.588623	0.467773	-0.354004	0.413902	-0.266574	-0.056628	-0.868572
07661		4.964341	-1.197716	8.309615	-0.000141	-0.004185	0.001496	-0.583496	0.465332	-0.356689	0.413817	-0.266566	-0.056601	-0.868616
07662		4.952378	-1.191110	8.292776	-0.000042	-0.004920	0.001939	-0.585693	0.463623	-0.361572	0.413857	-0.266555	-0.056612	-0.868600
07663		4.966444	-1.194321	8.321636	-0.001283	-0.004602	0.002737	-0.593506	0.460938	-0.358154	0.414021	-0.266537	-0.056644	-0.868525
07664		4.966952	-1.198899	8.307885	-0.000757	-0.003802	0.002267	-0.584717	0.470459	-0.357178	0.414106	-0.266514	-0.056659	-0.868491
07665		4.984999	-1.190994	8.297212	-0.000693	-0.003498	0.003605	-0.595459	0.461426	-0.350586	0.414091	-0.266499	-0.056627	-0.868505
07666		4.967044	-1.191391	8.311520	0.000011	-0.005063	0.002532	-0.595703	0.473389	-0.360352	0.414006	-0.266501	-0.056603	-0.868546
07667		4.960104	-1.198171	8.320296	-0.000713	-0.004393	0.002116	-0.593750	0.464600	-0.358154	0.413952	-0.266496	-0.056577	-0.868575
07668		4.968806	-1.192092	8.310366	0.000646	-0.004551	0.003250	-0.587646	0.466553	-0.360596	0.413998	-0.266479	-0.056590	-0.868557
07669		4.973075	-1.201359	8.326843	-0.001239	-0.005193	0.002586	-0.597412	0.465088	-0.358643	0.414081	-0.266474	-0.056601	-0.868519
07670		4.952040	-1.192922	8.323916	-0.000624	-0.005576	0.001815	-0.598145	0.469971	-0.355469	0.414095	-0.266475	-0.056608	-0.868511
07671		4.972890	-1.205811	8.290538	0.000690	-0.005142	0.003099	-0.583008	0.459473	-0.361572	0.413995	-0.266478	-0.056581	-0.868560
07672		4.953793	-1.197340	8.309440	0.001197	-0.005239	0.001140	-0.582764	0.465820	-0.356934	0.414207	-0.266447	-0.056666	-0.868463
07673		4.969508	-1.172101	8.307873	-0.000624	-0.005576	0.001815	-0.589600	0.468506	-0.353027	0.414232	-0.266447	-0.056671	-0.868451
07674		4.966996	-1.200385	8.315865	-0.001328	-0.004010	0.002888	-0.589844	0.470215	-0.357422	0.414131	-0.266447	-0.056617	-0.868502
07675		4.976143	-1.190396	8.319022	-0.000580	-0.006167	0.001664	-0.590332	0.458496	-0.355469	0.414081	-0.266460	-0.056605	-0.868523
07676		4.969275	-1.201113	8.314398	0.000089	-0.006694	0.001486	-0.591553	0.465088	-0.358643	0.414143	-0.266464	-0.056642	-0.868490
07677		4.965488	-1.188301	8.287955	-0.001766	-0.005992	0.003056	-0.584229	0.472412	-0.351318	0.414188	-0.266475	-0.056639	-0.868465
07678		4.968542	-1.189204	8.308987	-0.000724	-0.004842	0.001372	-0.593018	0.460693	-0.354492	0.414013	-0.266485	-0.056580	-0.868549
07679		4.968036	-1.185225	8.299678	-0.001787	-0.006888	0.001567	-0.592285	0.470459	-0.356201	0.414012	-0.266507	-0.056580	-0.868543
07680		4.962550	-1.204605	8.290358	0.000887	-0.006612	0.003982	-0.596191	0.460693	-0.361328	0.413956	-0.266522	-0.056569	-0.868566
07681		4.986151	-1.209936	8.304971	-0.001876	-0.005705	0.001869	-0.586426	0.465332	-0.362305	0.414082	-0.266520	-0.056599	-0.868504
07682		4.956322	-1.195457	8.329269	-0.000516	-0.005863	0.003001	-0.585938	0.461182	-0.359131	0.414220	-0.266514	-0.056635	-0.868438
07683		4.963923	-1.180984	8.323811	-0.000626	-0.005576	0.001814	-0.591309	0.458740	-0.355225	0.414331	-0.266506	-0.056669	-0.868385
07684		4.970462	-1.215375	8.304441	-0.001876	-0.005705	0.001869	-0.583008	0.467285	-0.359863	0.414371	-0.266512	-0.056672	-0.868364
07685		4.964005	-1.185663	8.287276	-0.001120	-0.007415	0.001389	-0.584473	0.463623	-0.354248	0.414422	-0.266531	-0.056693	-0.868333
07686		4.971982	-1.203695	8.320657	-0.000779	-0.004698	0.000778	-0.587158	0.468262	-0.352295	0.414402	-0.266524	-0.056687	-0.868345
07687		4.972731	-1.207971	8.306775	0.000043	-0.006103	0.001635	-0.585938	0.465576	-0.354980	0.414302	-0.266538	-0.056665	-0.868390
07688		4.959712	-1.192956	8.294424	-0.000473	-0.006455	0.002850	-0.581299	0.473389	-0.362549	0.414294	-0.266552	-0.056661	-0.868389
07689		4.963880	-1.206443	8.297544	-0.002601	-0.005035	0.001455	-0.587402	0.464111	-0.349854	0.414331	-0.266553	-0.056647	-0.868372
07690		4.955741	-1.204857	8.310911	-0.000736	-0.005290	0.000627	-0.592773	0.461182	-0.354736	0.414220	-0.266561	-0.056619	-0.868425
07691		4.978983	-1.213992	8.312351	0.000778	-0.006326	0.002794	-0.586426	0.464600	-0.357422	0.414240	-0.266565	-0.056639	-0.868413
07692		4.978525	-1.209890	8.303025	-0.001208	-0.006232	0.001691	-0.593750	0.465576	-0.359863	0.414271	-0.266574	-0.056646	-0.868394
07693		4.965794	-1.190974	8.303896	-0.001252	-0.005641	0.001842	-0.584717	0.464844	-0.353271	0.414314	-0.266576	-0.056655	-0.868373
07694		4.963540	-1.219234	8.311733	-0.000473	-0.006455	0.002849	-0.592041	0.460938	-0.358154	0.414290	-0.266591	-0.056646	-0.868380
07695		4.969870	-1.196408	8.310866	-0.001878	-0.005705	0.001870	-0.589844	0.463867	-0.350586	0.414355	-0.266595	-0.056656	-0.868347
07696		4.953564	-1.205174	8.320459	0.000580	-0.004857	0.001908	-0.592285	0.464111	-0.352783	0.414275	-0.266592	-0.056640	-0.868388
07697		4.981242	-1.199112	8.295386	-0.000430	-0.007047	0.002698	-0.588623	0.458252	-0.358643	0.414226	-0.266616	-0.056631	-0.868404
07698		4.966943	-1.212102	8.313365	0.000600	-0.006344	0.000268	-0.587158	0.468750	-0.356445	0.414330	-0.266608	-0.056691	-0.868353
07699		4.963203	-1.194811	8.300351	0.000493	-0.003674	0.002211	-0.588379	0.468506	-0.352295	0.414313	-0.266586	-0.056682	-0.868368
07700		4.956642	-1.197407	8.322389	-0.000683	-0.005433	0.001220	-0.586182	0.462402	-0.355713	0.414209	-0.266596	-0.056652	-0.868417
07701		4.957317	-1.201788	8.308521	0.000065	-0.005208	0.003123	-0.578857	0.469482	-0.354004	0.414255	-0.266589	-0.056662	-0.868396
07702		4.975335	-1.197808	8.284362	-0.000628	-0.005577	0.001814	-0.586914	0.470703	-0.354980	0.414206	-0.266596	-0.056642	-0.868419
07703		4.967731	-1.192135	8.310866	-0.001155	-0.006376	0.002284	-0.588379	0.469727	-0.362549	0.414138	-0.266616	-0.056615	-0.868447
07704		4.971705	-1.209462	8.300701	0.000139	-0.006839	0.002076	-0.589600	0.467773	-0.358154	0.414206	-0.266622	-0.056646	-0.868411
07705		4.965611	-1.211955	8.322488	0.000709	-0.006631	0.001454	-0.589600	0.469238	-0.358643	0.414211	-0.266628	-0.056667	-0.868405
07706		4.942557	-1.203046	8.297917	-0.001854	-0.004810	0.003359	-0.586914	0.459717	-0.354980	0.414222	-0.266629	-0.056643	-0.868401
07707		4.962980	-1.195583	8.308681	0.000052	-0.005656	0.002378	-0.583008	0.467041	-0.356934	0.414273	-0.266625	-0.056663	-0.868377
07708		4.973213	-1.197873	8.293916	-0.000059	-0.005369	0.001192	-0.585693	0.459961	-0.349365	0.414280	-0.266620	-0.056671	-0.868374
07709		4.979118	-1.215452	8.305589	-0.000586	-0.006168	0.001662	-0.585938	0.469482	-0.354248	0.414228	-0.266634	-0.056661	-0.868396
07710		4.956879	-1.198436	8.307396	-0.001254	-0.005641	0.001842	-0.582520	0.464600	-0.356934	0.414164	-0.266646	-0.056633	-0.868424
07711		4.967505	-1.196814	8.305799	-0.000004	-0.005513	0.001785	-0.595459	0.466553	-0.360840	0.414206	-0.266640	-0.056650	-0.868405
07712		4.959093	-1.199177	8.305967	-0.001199	-0.005785	0.002435	-0.593994	0.457520	-0.356934	0.414253	-0.266644	-0.056657	-0.868381
07713		4.971447	-1.202085	8.312879	-0.000629	-0.005577	0.001813	-0.586914	0.470459	-0.367188	0.414323	-0.266640	-0.056683	-0.868347
07714		4.978309	-1.195599	8.280983	0.000095	-0.006248	0.002226	-0.596680	0.467285	-0.357666	0.414458	-0.266632	-0.056729	-0.868282
07715		4.972392	-1.194241	8.316099	-0.001409	-0.004763	0.000807	-0.584961	0.462646	-0.360596	0.414432	-0.266630	-0.056717	-0.868296
07716		4.961674	-1.196330	8.294639	-0.001285	-0.004602	0.002738	-0.596191	0.474854	-0.358398	0.414535	-0.266616	-0.056730	-0.868250
07717		4.975558	-1.203677	8.310188	0.000009	-0.005066	0.002529	-0.591064	0.462646	-0.350586	0.414487	-0.266616	-0.056713	-0.868274
07718		4.978122	-1.208453	8.318164	-0.000814	-0.003660	0.001674	-0.584473	0.460693	-0.351807	0.414419	-0.266606	-0.056683	-0.868312
07719		4.965087	-1.189425	8.319307	-0.000673	-0.004986	0.001964	-0.597168	0.463135	-0.350830	0.414403	-0.266604	-0.056673	-0.868321
07720		4.956190	-1.195714	8.306351	-0.000061	-0.005370	0.001191	-0.589111	0.467529	-0.354980	0.414317	-0.266610	-0.056659	-0.868361
07721		4.961122	-1.200731	8.335937	-0.000742	-0.005290	0.000627	-0.594727	0.465088	-0.358643	0.414266	-0.266613	-0.056648	-0.868385
07722		4.958783	-1.192223	8.318167	-0.000518	-0.005865	0.002999	-0.583008	0.460449	-0.354248	0.414300	-0.266616	-0.056655	-0.868367
07723		4.963881	-1.217857	8.303437	0.000551	-0.005754	0.000417	-0.594238	0.465088	-0.355957	0.414316	-0.266611	-0.056682	-0.868359
07724		4.968868	-1.186111	8.307329	-0.000742	-0.005290	0.000627	-0.584717	0.464355	-0.361816	0.414287	-0.266612	-0.056680	-0.868373
07725		4.961514	-1.200756	8.289580	0.000067	-0.007144	0.000736	-0.591064	0.463867	-0.354736	0.414374	-0.266616	-0.056727	-0.868327
07726		4.974153	-1.203277	8.296363	-0.000032	-0.006409	0.000294	-0.592041	0.467285	-0.359375	0.414342	-0.266625	-0.056739	-0.868339
07727		4.962924	-1.192517	8.292588	-0.001283	-0.006537	0.000353	-0.594482	0.464355	-0.352539	0.414344	-0.266638	-0.056748	-0.868334
07728		4.977258	-1.199681	8.307888	0.000136	-0.006840	0.002073	-0.592041	0.460449	-0.355469	0.414292	-0.266657	-0.056747	-0.868353
07729		4.966685	-1.201582	8.286364	-0.000715	-0.004395	0.002116	-0.591064	0.459717	-0.357666	0.414314	-0.266645	-0.056747	-0.868345
07730		4.967024	-1.185545	8.316881	-0.001327	-0.004011	0.002890	-0.580322	0.462891	-0.358643	0.414380	-0.266630	-0.056748	-0.868319
07731		4.978976	-1.192536	8.310556	-0.000448	-0.007496	0.001951	-0.591797	0.460938	-0.349365	0.414446	-0.266644	-0.056776	-0.868281
07732		4.960857	-1.200787	8.298334	-0.000701	-0.005882	0.000475	-0.589844	0.465820	-0.356201	0.414363	-0.266657	-0.056764	-0.868317
07733		4.981504	-1.193216	8.308944	-0.001144	-0.005929	0.003028	-0.583252	0.467285	-0.357422	0.414367	-0.266668	-0.056754	-0.868313
07734		4.971867	-1.187181	8.313754	-0.000589	-0.006169	0.001661	-0.593994	0.468018	-0.359619	0.414377	-0.266674	-0.056758	-0.868306
07735		4.973901	-1.200004	8.295138	0.000050	-0.005658	0.002376	-0.590820	0.465576	-0.360352	0.414400	-0.266672	-0.056769	-0.868295
07736		4.967184	-1.206362	8.303950	0.002439	-0.005115	0.001071	-0.583008	0.461426	-0.351318	0.414449	-0.266648	-0.056817	-0.868276
07737		4.956419	-1.187233	8.326884	-0.000941	-0.003820	-0.000257	-0.593018	0.460449	-0.358398	0.414397	-0.266634	-0.056801	-0.868306
07738		4.971234	-1.206911	8.324534	-0.000631	-0.005578	0.001813	-0.593506	0.454834	-0.360107	0.414446	-0.266632	-0.056819	-0.868282
07739		4.967597	-1.189713	8.311453	0.000548	-0.005754	0.000415	-0.583740	0.465820	-0.351074	0.414537	-0.266618	-0.056874	-0.868239
07740		4.971770	-1.202672	8.314620	-0.000063	-0.005370	0.001190	-0.594971	0.467773	-0.350586	0.414470	-0.266621	-0.056860	-0.868271
07741		4.972403	-1.206874	8.300751	-0.000063	-0.005370	0.001190	-0.584717	0.468506	-0.356934	0.414370	-0.266629	-0.056839	-0.868318
07742		4.972140	-1.198738	8.304758	-0.001299	-0.005050	0.001994	-0.590820	0.472168	-0.359131	0.414363	-0.266629	-0.056823	-0.868322
07743		4.968769	-1.177603	8.304971	0.001202	-0.004795	0.001874	-0.589355	0.467773	-0.362061	0.414357	-0.266615	-0.056832	-0.868329
07744		4.965237	-1.196908	8.317554	0.000745	-0.007225	0.001298	-0.594971	0.468262	-0.351807	0.414406	-0.266621	-0.056872	-0.868301
07745		4.955875	-1.207019	8.291440	-0.000302	-0.003309	0.000458	-0.591309	0.470215	-0.356934	0.414312	-0.266606	-0.056843	-0.868352
07746		4.967375	-1.197070	8.316254	0.000062	-0.007145	0.000735	-0.590332	0.469727	-0.360107	0.414271	-0.266624	-0.056852	-0.868365
07747		4.964222	-1.196336	8.272048	0.000562	-0.005307	0.001159	-0.589844	0.469238	-0.357910	0.414281	-0.266615	-0.056868	-0.868363
07748		4.969185	-1.201241	8.301680	-0.000162	-0.004635	0.000748	-0.590332	0.469971	-0.357666	0.414263	-0.266604	-0.056867	-0.868375
07749		4.983358	-1.208324	8.317076	0.000134	-0.006841	0.002072	-0.591309	0.464600	-0.358154	0.414249	-0.266618	-0.056873	-0.868376
07750		4.971901	-1.197699	8.313458	-0.000716	-0.004395	0.002116	-0.596191	0.462891	-0.355469	0.414272	-0.266606	-0.056872	-0.868369
07751		4.960444	-1.187036	8.309849	0.000816	-0.006921	0.002635	-0.585205	0.466064	-0.360840	0.414275	-0.266618	-0.056892	-0.868363
07752		4.972547	-1.193792	8.303424	-0.000591	-0.006170	0.001661	-0.585449	0.464111	-0.351807	0.414324	-0.266620	-0.056909	-0.868338
07753		4.964282	-1.196315	8.303532	-0.002410	-0.006504	0.002345	-0.589844	0.468506	-0.363770	0.414283	-0.266646	-0.056879	-0.868352
07754		4.986375	-1.197178	8.309343	0.000587	-0.006346	0.000262	-0.589600	0.467529	-0.350586	0.414331	-0.266642	-0.056919	-0.868327
07755		4.968676	-1.201239	8.310407	-0.000492	-0.006905	0.002102	-0.586426	0.467773	-0.350586	0.414255	-0.266667	-0.056901	-0.868357
07756		4.969914	-1.201635	8.309609	-0.001315	-0.005498	0.001250	-0.588867	0.460938	-0.357666	0.414171	-0.266680	-0.056870	-0.868395
07757		4.969200	-1.197636	8.300400	-0.000617	-0.005131	0.002557	-0.582520	0.466797	-0.354492	0.414221	-0.266674	-0.056880	-0.868372
07758		4.981521	-1.200446	8.307301	-0.000008	-0.005515	0.001782	-0.592529	0.463379	-0.355957	0.414205	-0.266673	-0.056877	-0.868380
07759		4.971394	-1.198179	8.299008	0.000034	-0.006106	0.001630	-0.578369	0.475586	-0.362061	0.414205	-0.266678	-0.056889	-0.868378
07760		4.973296	-1.194397	8.311321	-0.001150	-0.007864	0.000643	-0.590088	0.459961	-0.352539	0.414210	-0.266702	-0.056898	-0.868368
07761		4.973005	-1.190137	8.301894	0.000700	-0.006634	0.001447	-0.587891	0.469971	-0.361084	0.414197	-0.266711	-0.056917	-0.868370
07762		4.966043	-1.200719	8.297380	0.000091	-0.006250	0.002223	-0.585449	0.468750	-0.354980	0.414229	-0.266713	-0.056932	-0.868353
07763		4.967685	-1.196858	8.309864	-0.000123	-0.005227	0.000596	-0.596436	0.464600	-0.355469	0.414190	-0.266711	-0.056928	-0.868373
07764		4.967498	-1.188610	8.313862	-0.000633	-0.005579	0.001812	-0.594727	0.459961	-0.361572	0.414171	-0.266716	-0.056925	-0.868380
07765		4.970316	-1.193484	8.321690	-0.001300	-0.005051	0.001995	-0.594238	0.464844	-0.359619	0.414245	-0.266708	-0.056940	-0.868347
07766		4.961276	-1.199829	8.308817	0.000633	-0.005004	0.002495	-0.593994	0.463867	-0.358887	0.414283	-0.266695	-0.056958	-0.868331
07767		4.980790	-1.200337	8.293060	-0.001983	-0.004970	0.001433	-0.590576	0.465088	-0.345459	0.414299	-0.266695	-0.056951	-0.868324
07768		4.960373	-1.187647	8.303599	0.000016	-0.006554	0.000885	-0.583252	0.466553	-0.355225	0.414180	-0.266718	-0.056933	-0.868375
07769		4.974293	-1.198870	8.305620	-0.000437	-0.007050	0.002694	-0.592773	0.467285	-0.354004	0.414180	-0.266736	-0.056934	-0.868369
07770		4.983725	-1.188807	8.308577	0.000008	-0.005068	0.002526	-0.588867	0.459473	-0.359619	0.414151	-0.266735	-0.056924	-0.868384
07771		4.967140	-1.201667	8.305048	-0.001745	-0.007033	0.002164	-0.598877	0.468994	-0.351074	0.414214	-0.266752	-0.056939	-0.868348
07772		4.974878	-1.187424	8.299402	-0.001885	-0.005706	0.001875	-0.586426	0.467529	-0.355957	0.414125	-0.266773	-0.056902	-0.868386
07773		4.979797	-1.213440	8.284592	-0.001202	-0.005786	0.002436	-0.584229	0.464111	-0.348633	0.414120	-0.266782	-0.056889	-0.868387
07774		4.967289	-1.194514	8.285550	-0.001080	-0.007561	0.001980	-0.590576	0.470947	-0.353027	0.414060	-0.266815	-0.056875	-0.868406
07775		4.981224	-1.205942	8.287517	-0.001219	-0.006234	0.001691	-0.587891	0.468506	-0.353271	0.413992	-0.266835	-0.056850	-0.868434
07776		4.965050	-1.198162	8.328216	-0.001236	-0.006682	0.000947	-0.581299	0.478271	-0.351562	0.413937	-0.266856	-0.056837	-0.868455
07777		4.973305	-1.196246	8.304844	-0.001441	-0.003724	0.001706	-0.591553	0.469727	-0.359619	0.413833	-0.266853	-0.056780	-0.868509
07778		4.974346	-1.196653	8.304163	-0.000553	-0.006762	0.001508	-0.595215	0.467529	-0.357178	0.413833	-0.266866	-0.056788	-0.868504
07779		4.975610	-1.196707	8.303397	0.001166	-0.005693	0.000379	-0.590576	0.464600	-0.354980	0.413808	-0.266862	-0.056808	-0.868516
07780		4.965897	-1.190217	8.308421	-0.000792	-0.004700	0.000778	-0.593750	0.467773	-0.364258	0.413789	-0.266856	-0.056804	-0.868527
07781		4.977663	-1.196792	8.302154	0.000384	-0.004877	-0.000623	-0.578125	0.462158	-0.353760	0.413822	-0.266836	-0.056836	-0.868516
07782		4.967349	-1.194355	8.294022	-0.000792	-0.004700	0.000778	-0.596191	0.469238	-0.359863	0.413834	-0.266826	-0.056837	-0.868513
07783		4.981466	-1.201528	8.309416	-0.000010	-0.005516	0.001780	-0.592529	0.473389	-0.355957	0.413834	-0.266824	-0.056844	-0.868513
07784		4.979329	-1.188943	8.304999	-0.000757	-0.003805	0.002267	-0.592529	0.464600	-0.361816	0.413787	-0.266814	-0.056813	-0.868541
07785		4.973808	-1.204036	8.309204	-0.000144	-0.005676	-0.000151	-0.592041	0.462646	-0.360596	0.413817	-0.266807	-0.056842	-0.868526
07786		4.984418	-1.202381	8.307522	-0.001243	-0.005195	0.002588	-0.589355	0.463867	-0.355713	0.413873	-0.266803	-0.056847	-0.868501
07787		4.972833	-1.191799	8.304044	-0.000109	-0.004781	0.001339	-0.586914	0.462646	-0.360352	0.413874	-0.266793	-0.056851	-0.868503
07788		4.995322	-1.205039	8.292096	-0.000109	-0.004781	0.001339	-0.590088	0.468750	-0.361084	0.413925	-0.266777	-0.056871	-0.868483
07789		4.956901	-1.204663	8.300154	-0.000717	-0.004396	0.002115	-0.586182	0.460938	-0.357666	0.413952	-0.266763	-0.056868	-0.868474
07790		4.984030	-1.198834	8.274866	-0.000618	-0.005132	0.002556	-0.590332	0.465088	-0.353760	0.413996	-0.266757	-0.056874	-0.868455
07791		4.978442	-1.197459	8.310094	0.000673	-0.005597	0.002340	-0.589844	0.467285	-0.356934	0.413983	-0.266756	-0.056880	-0.868461
07792		4.966650	-1.186678	8.306778	0.000413	-0.002495	0.002507	-0.590820	0.460938	-0.356445	0.413991	-0.266720	-0.056871	-0.868468
07793		4.969247	-1.208042	8.283755	-0.000601	-0.004684	0.003301	-0.594727	0.461182	-0.355225	0.414024	-0.266712	-0.056868	-0.868455
07794		4.971392	-1.200311	8.309479	-0.000029	-0.005964	0.001034	-0.591064	0.467773	-0.351807	0.414016	-0.266716	-0.056882	-0.868457
07795		4.983042	-1.207043	8.303233	-0.000231	-0.003006	0.001795	-0.586426	0.463623	-0.363770	0.413970	-0.266695	-0.056857	-0.868487
07796		4.958558	-1.185355	8.297169	-0.000191	-0.003598	0.001643	-0.600342	0.468750	-0.355469	0.414040	-0.266663	-0.056873	-0.868462
07797		4.973137	-1.205163	8.294785	-0.000659	-0.004540	0.002708	-0.594238	0.465576	-0.361572	0.414013	-0.266661	-0.056855	-0.868477
07798		4.973445	-1.193101	8.312014	-0.000579	-0.005724	0.002404	-0.588867	0.461670	-0.352539	0.414050	-0.266661	-0.056864	-0.868459
07799		4.964412	-1.199515	8.299127	-0.001361	-0.004907	0.001403	-0.589844	0.465088	-0.347900	0.414027	-0.266662	-0.056850	-0.868471
07800		4.976811	-1.202213	8.305959	0.000537	-0.005757	0.000409	-0.592773	0.461670	-0.360596	0.413951	-0.266669	-0.056849	-0.868505
07801		4.976730	-1.193947	8.309926	-0.000520	-0.005868	0.002996	-0.588135	0.469482	-0.355713	0.414004	-0.266670	-0.056862	-0.868479
07802		4.958852	-1.198008	8.311216	0.001220	-0.005838	0.000969	-0.590332	0.472412	-0.353516	0.413980	-0.266667	-0.056877	-0.868490
07803		4.976509	-1.177357	8.317907	-0.000561	-0.005276	0.003149	-0.589355	0.468750	-0.357666	0.413943	-0.266673	-0.056853	-0.868507
07804		4.980625	-1.207197	8.289995	-0.000052	-0.004925	0.001931	-0.586426	0.461426	-0.357422	0.413942	-0.266665	-0.056852	-0.868510
07805		4.970236	-1.188325	8.312943	0.000613	-0.005454	0.001746	-0.590576	0.468262	-0.353271	0.413972	-0.266656	-0.056874	-0.868497
07806		4.959340	-1.189860	8.291647	0.001140	-0.004655	0.001273	-0.583740	0.465088	-0.361328	0.413936	-0.266644	-0.056878	-0.868518
07807		4.972854	-1.200987	8.293858	0.000065	-0.005213	0.003116	-0.588867	0.470947	-0.355957	0.413996	-0.266633	-0.056890	-0.868492
07808		4.971491	-1.184325	8.302541	-0.000716	-0.005883	0.000474	-0.594482	0.471680	-0.362793	0.413956	-0.266641	-0.056885	-0.868509
07809		4.984622	-1.199620	8.291413	-0.000638	-0.005580	0.001811	-0.587158	0.467285	-0.348633	0.413968	-0.266641	-0.056887	-0.868503
07810		4.978794	-1.202254	8.313310	0.000165	-0.007436	0.001915	-0.590332	0.468018	-0.355957	0.413911	-0.266667	-0.056885	-0.868522
07811		4.978858	-1.194027	8.317192	-0.000697	-0.005436	0.001219	-0.589355	0.460938	-0.355225	0.413889	-0.266670	-0.056880	-0.868532
07812		4.968608	-1.191685	8.309034	0.000553	-0.005310	0.001153	-0.591309	0.471436	-0.354492	0.413894	-0.266662	-0.056897	-0.868531
07813		4.969156	-1.195762	8.295151	0.000652	-0.006046	0.001593	-0.591553	0.457520	-0.361572	0.413855	-0.266668	-0.056900	-0.868547
07814		4.980432	-1.190136	8.306579	-0.001889	-0.005706	0.001877	-0.591309	0.463623	-0.356934	0.413913	-0.266670	-0.056909	-0.868518
07815		4.965568	-1.207487	8.311674	-0.000521	-0.005868	0.002996	-0.595459	0.457764	-0.358887	0.413932	-0.266676	-0.056910	-0.868508
07816		4.971483	-1.188671	8.297518	-0.001126	-0.006970	0.002132	-0.593994	0.461670	-0.354492	0.413965	-0.266692	-0.056926	-0.868486
07817		4.984619	-1.204093	8.286342	0.000006	-0.005070	0.002523	-0.589600	0.464111	-0.354980	0.413968	-0.266688	-0.056928	-0.868486
07818		4.972432	-1.181047	8.300790	-0.001245	-0.005195	0.002589	-0.593262	0.462402	-0.358154	0.413968	-0.266691	-0.056915	-0.868486
07819		4.968962	-1.200824	8.313348	-0.000501	-0.006908	0.002099	-0.600586	0.463135	-0.361084	0.413984	-0.266706	-0.056928	-0.868472
07820		4.967773	-1.200769	8.290858	-0.000640	-0.005580	0.001811	-0.593506	0.467041	-0.352051	0.414005	-0.266706	-0.056938	-0.868462
07821		4.957420	-1.182204	8.313810	-0.001285	-0.004604	0.002741	-0.588867	0.468262	-0.359131	0.413975	-0.266708	-0.056912	-0.868477
07822		4.970356	-1.197704	8.302730	-0.000640	-0.005580	0.001811	-0.584961	0.463867	-0.357910	0.413982	-0.266709	-0.056912	-0.868474
07823		4.972154	-1.194148	8.315148	-0.001108	-0.006523	0.002877	-0.581543	0.464111	-0.354004	0.414009	-0.266721	-0.056912	-0.868457
07824		4.972983	-1.198632	8.301024	-0.001168	-0.007866	0.000643	-0.584473	0.465088	-0.358154	0.413990	-0.266750	-0.056919	-0.868457
07825		4.974808	-1.211503	8.282341	-0.000719	-0.004397	0.002115	-0.589355	0.463379	-0.360596	0.414010	-0.266737	-0.056914	-0.868452
07826		4.961540	-1.179755	8.301476	0.000689	-0.006638	0.001439	-0.594727	0.468750	-0.356445	0.414038	-0.266739	-0.056943	-0.868436
07827		4.973358	-1.186486	8.295062	-0.000034	-0.004479	0.002674	-0.590088	0.463379	-0.361816	0.414034	-0.266730	-0.056937	-0.868441
07828		4.955430	-1.190708	8.296427	-0.001247	-0.006682	0.000947	-0.597168	0.463135	-0.354248	0.414055	-0.266741	-0.056949	-0.868426
07829		4.969688	-1.197836	8.311716	0.001098	-0.004065	0.001422	-0.592285	0.468750	-0.348877	0.414042	-0.266721	-0.056959	-0.868438
07830		4.978192	-1.191606	8.301665	-0.000778	-0.004253	0.001523	-0.597412	0.469238	-0.360596	0.413985	-0.266719	-0.056935	-0.868467
07831		4.977208	-1.187570	8.292598	-0.000660	-0.004541	0.002708	-0.587891	0.461670	-0.355225	0.413998	-0.266710	-0.056927	-0.868464
07832		4.978705	-1.184083	8.305195	-0.001285	-0.004604	0.002742	-0.592773	0.462158	-0.356689	0.414010	-0.266706	-0.056914	-0.868461
07833		4.971370	-1.194838	8.300906	0.000610	-0.005455	0.001743	-0.592041	0.470459	-0.360107	0.414018	-0.266700	-0.056930	-0.868458
07834		4.985509	-1.201925	8.316267	0.000532	-0.004272	0.002048	-0.587158	0.466797	-0.353516	0.414027	-0.266681	-0.056934	-0.868459
07835		4.962950	-1.184648	8.318793	-0.000112	-0.003295	0.002979	-0.590332	0.459961	-0.355225	0.414025	-0.266660	-0.056917	-0.868468
07836		4.965305	-1.205955	8.295803	0.000513	-0.003233	0.002945	-0.586670	0.466064	-0.358154	0.414047	-0.266631	-0.056916	-0.868466
07837		4.963534	-1.189119	8.304807	0.001058	-0.003473	0.001574	-0.587402	0.473389	-0.354248	0.414059	-0.266600	-0.056925	-0.868470
07838		4.967466	-1.202242	8.308041	-0.000582	-0.005725	0.002403	-0.593262	0.469971	-0.348145	0.414035	-0.266608	-0.056911	-0.868479
07839		4.985192	-1.198379	8.283488	-0.001288	-0.006090	0.001100	-0.591797	0.470703	-0.355225	0.413964	-0.266629	-0.056890	-0.868508
07840		4.964729	-1.185638	8.294357	-0.000878	-0.003517	0.001083	-0.593994	0.457764	-0.358154	0.413932	-0.266614	-0.056869	-0.868530
07841		4.970594	-1.203498	8.305989	-0.001050	-0.006668	0.003469	-0.594238	0.462402	-0.354736	0.413970	-0.266628	-0.056876	-0.868506
07842		4.952031	-1.211794	8.294172	-0.000115	-0.004782	0.001336	-0.582031	0.462646	-0.359375	0.413959	-0.266621	-0.056879	-0.868514
07843		4.979270	-1.189229	8.299739	-0.000038	-0.005966	0.001032	-0.596436	0.458008	-0.357178	0.413981	-0.266618	-0.056897	-0.868503
07844		4.972748	-1.195784	8.308574	-0.000017	-0.005518	0.001776	-0.582764	0.471680	-0.353271	0.413995	-0.266616	-0.056912	-0.868496
07845		4.961707	-1.197565	8.287321	-0.000035	-0.004479	0.002674	-0.591797	0.463867	-0.357910	0.413982	-0.266607	-0.056897	-0.868506
07846		4.971580	-1.183300	8.303598	0.001195	-0.004802	0.001860	-0.583252	0.462158	-0.348877	0.413995	-0.266591	-0.056915	-0.868504
07847		4.974919	-1.200438	8.293597	-0.000682	-0.004989	0.001963	-0.589600	0.465088	-0.357422	0.413972	-0.266591	-0.056903	-0.868515
07848		4.965760	-1.190024	8.311996	0.001096	-0.004066	0.001420	-0.589111	0.464355	-0.364990	0.413978	-0.266567	-0.056915	-0.868519
07849		4.965876	-1.194342	8.298296	-0.001324	-0.004012	0.002895	-0.593506	0.465088	-0.358643	0.414030	-0.266549	-0.056908	-0.868500
07850		4.963093	-1.185802	8.280711	0.000608	-0.005456	0.001742	-0.579102	0.464355	-0.363037	0.414037	-0.266543	-0.056924	-0.868498
07851		4.968556	-1.191000	8.310185	-0.001209	-0.005788	0.002437	-0.581299	0.464355	-0.357178	0.414081	-0.266542	-0.056925	-0.868477
07852		4.967709	-1.187093	8.301015	-0.000600	-0.004686	0.003300	-0.592529	0.458496	-0.362549	0.414107	-0.266533	-0.056916	-0.868468
07853		4.968602	-1.187756	8.300385	-0.001106	-0.005037	0.004519	-0.592285	0.468262	-0.355469	0.414168	-0.266528	-0.056912	-0.868441
07854		4.960100	-1.190279	8.300760	-0.000584	-0.005725	0.002403	-0.592773	0.463867	-0.352783	0.414160	-0.266535	-0.056906	-0.868442
07855		4.972438	-1.193132	8.307557	-0.000155	-0.004191	0.001489	-0.584717	0.469482	-0.366455	0.414140	-0.266523	-0.056901	-0.868456
07856		4.966310	-1.196025	8.329718	-0.002537	-0.004728	0.002812	-0.582520	0.470703	-0.363037	0.414181	-0.266519	-0.056880	-0.868439
07857		4.971786	-1.193928	8.284572	-0.000524	-0.005870	0.002995	-0.579834	0.462891	-0.352783	0.414215	-0.266519	-0.056880	-0.868423
07858		4.964790	-1.188106	8.311289	-0.000041	-0.005966	0.001031	-0.588135	0.469727	-0.351318	0.414199	-0.266522	-0.056885	-0.868429
07859		4.968482	-1.188784	8.332247	-0.000645	-0.005581	0.001810	-0.594482	0.462891	-0.358398	0.414170	-0.266530	-0.056874	-0.868441
07860		4.962420	-1.207982	8.323210	-0.000705	-0.005437	0.001218	-0.586914	0.466553	-0.358887	0.414168	-0.266530	-0.056878	-0.868442
07861		4.978153	-1.199595	8.290179	-0.000645	-0.005581	0.001810	-0.586426	0.470459	-0.353271	0.414174	-0.266531	-0.056878	-0.868439
07862		4.970431	-1.197876	8.303729	-0.000585	-0.005726	0.002402	-0.586914	0.468994	-0.360840	0.414161	-0.266538	-0.056868	-0.868444
07863		4.968523	-1.185432	8.299202	-0.001210	-0.005788	0.002437	-0.586914	0.462646	-0.357666	0.414176	-0.266543	-0.056862	-0.868435
07864		4.973181	-1.194899	8.315539	-0.000639	-0.004095	0.003452	-0.586914	0.469727	-0.353271	0.414201	-0.266529	-0.056850	-0.868428
07865		4.963837	-1.201345	8.302837	-0.001369	-0.004907	0.001405	-0.593750	0.468994	-0.352783	0.414176	-0.266531	-0.056832	-0.868441
07866		4.960703	-1.180540	8.303036	-0.001776	-0.005995	0.003064	-0.593018	0.461182	-0.351318	0.414162	-0.266550	-0.056810	-0.868443
07867		4.969422	-1.174702	8.292752	0.000002	-0.005072	0.002519	-0.588135	0.460205	-0.358643	0.414153	-0.266549	-0.056809	-0.868448
07868		4.967773	-1.198848	8.313873	-0.001234	-0.006235	0.001692	-0.587646	0.470215	-0.359375	0.414162	-0.266558	-0.056812	-0.868440
07869		4.967663	-1.190805	8.317887	0.000025	-0.004625	0.003264	-0.593750	0.461914	-0.356445	0.414184	-0.266546	-0.056807	-0.868434
07870		4.969812	-1.199661	8.312537	-0.000646	-0.005581	0.001810	-0.597412	0.467285	-0.358643	0.414182	-0.266549	-0.056809	-0.868434
07871		4.959549	-1.197535	8.304410	-0.000526	-0.005871	0.002994	-0.586914	0.465820	-0.357422	0.414193	-0.266556	-0.056808	-0.868427
07872		4.971908	-1.200431	8.311172	-0.000157	-0.004191	0.001488	-0.592773	0.471191	-0.357422	0.414193	-0.266540	-0.056807	-0.868432
07873		4.958259	-1.185253	8.299500	-0.001567	-0.003434	0.000527	-0.589111	0.465576	-0.354004	0.414170	-0.266525	-0.056786	-0.868449
07874		4.971124	-1.184184	8.319568	-0.000722	-0.004398	0.002115	-0.590332	0.464600	-0.358643	0.414162	-0.266517	-0.056774	-0.868456
07875		4.964734	-1.203600	8.310683	-0.001264	-0.004157	0.003487	-0.590088	0.468506	-0.358398	0.414184	-0.266507	-0.056756	-0.868449
07876		4.955443	-1.193526	8.329204	-0.000172	-0.003152	0.002385	-0.592041	0.468750	-0.360107	0.414193	-0.266481	-0.056745	-0.868454
07877		4.961950	-1.183172	8.310637	-0.001287	-0.004604	0.002743	-0.592773	0.467041	-0.355713	0.414206	-0.266476	-0.056730	-0.868450
07878		4.962895	-1.183833	8.309979	-0.001875	-0.005258	0.002625	-0.590088	0.466064	-0.347656	0.414201	-0.266484	-0.056710	-0.868451
07879		4.979440	-1.208221	8.315786	-0.000181	-0.004639	0.000742	-0.591064	0.467529	-0.353760	0.414159	-0.266480	-0.056704	-0.868473
07880		4.967859	-1.197450	8.312498	-0.000685	-0.004990	0.001962	-0.599121	0.468994	-0.357910	0.414146	-0.266480	-0.056694	-0.868480
07881		4.967772	-1.189541	8.316489	-0.001778	-0.005995	0.003065	-0.588379	0.467041	-0.354980	0.414146	-0.266496	-0.056679	-0.868476
07882		4.979379	-1.196671	8.310036	-0.000074	-0.003889	0.002824	-0.588379	0.463623	-0.355225	0.414152	-0.266480	-0.056669	-0.868479
07883		4.977065	-1.184004	8.305799	0.000491	-0.003683	0.002196	-0.585938	0.468262	-0.357910	0.414157	-0.266456	-0.056669	-0.868483
07884		4.958944	-1.188106	8.307417	-0.000588	-0.005727	0.002401	-0.584961	0.467773	-0.350098	0.414165	-0.266459	-0.056667	-0.868479
07885		4.951575	-1.198962	8.303146	-0.000601	-0.004688	0.003299	-0.587891	0.461426	-0.359131	0.414160	-0.266458	-0.056648	-0.868483
07886		4.974072	-1.196076	8.322030	-0.000723	-0.004398	0.002115	-0.584961	0.464111	-0.359375	0.414176	-0.266445	-0.056645	-0.868480
07887		4.961789	-1.189399	8.305534	0.000785	-0.005893	0.003513	-0.589355	0.464355	-0.363037	0.414210	-0.266441	-0.056658	-0.868464
07888		4.964600	-1.194351	8.313388	-0.002012	-0.003930	0.002339	-0.595459	0.467041	-0.354736	0.414231	-0.266428	-0.056639	-0.868459
07889		4.955352	-1.200884	8.300615	-0.001177	-0.006380	0.002284	-0.590088	0.466309	-0.357910	0.414220	-0.266446	-0.056633	-0.868459
07890		4.966847	-1.195436	8.311889	-0.001299	-0.006091	0.001100	-0.591797	0.466797	-0.360352	0.414210	-0.266456	-0.056630	-0.868461
07891		4.957711	-1.201844	8.299067	-0.001251	-0.005197	0.002590	-0.588867	0.473389	-0.357666	0.414222	-0.266456	-0.056621	-0.868456
07892		4.966737	-1.179485	8.319875	-0.001336	-0.005499	0.001253	-0.589844	0.465576	-0.359375	0.414208	-0.266462	-0.056609	-0.868461
07893		4.971206	-1.205354	8.305043	-0.000626	-0.005135	0.002553	-0.588135	0.468506	-0.361816	0.414222	-0.266458	-0.056606	-0.868456
07894		4.959688	-1.195096	8.301670	-0.003754	-0.005443	0.002734	-0.593262	0.461182	-0.359375	0.414232	-0.266472	-0.056570	-0.868449
07895		4.959545	-1.175424	8.323284	-0.006133	-0.008504	0.001522	-0.596680	0.465088	-0.361816	0.414214	-0.266533	-0.056531	-0.868442
07896		4.957242	-1.209353	8.317278	-0.012254	-0.010448	0.002170	-0.595459	0.464355	-0.359131	0.414184	-0.266647	-0.056434	-0.868428
07897		4.965339	-1.201317	8.297392	-0.012795	-0.012733	0.001001	-0.587402	0.461914	-0.347412	0.414132	-0.266789	-0.056345	-0.868414
07898		4.975084	-1.185343	8.303809	-0.012747	-0.011840	0.002491	-0.591064	0.468750	-0.353516	0.414073	-0.266927	-0.056238	-0.868407
07899		4.990799	-1.195615	8.317719	-0.014502	-0.012315	0.003784	-0.588623	0.469727	-0.358398	0.414032	-0.267079	-0.056111	-0.868388
07900		4.972939	-1.210785	8.291463	-0.013669	-0.014766	0.003725	-0.589355	0.461182	-0.356934	0.414006	-0.267248	-0.056010	-0.868355
07901		4.976653	-1.222108	8.284759	-0.008786	-0.011461	0.004791	-0.588135	0.461914	-0.351074	0.414012	-0.267357	-0.055945	-0.868323
07902		4.961013	-1.220404	8.311957	-0.009816	-0.007536	0.003975	-0.586670	0.470947	-0.360107	0.413995	-0.267431	-0.055847	-0.868315
07903		4.968034	-1.211352	8.292848	-0.003719	-0.006038	0.002577	-0.593750	0.460938	-0.353760	0.414002	-0.267451	-0.055813	-0.868307
07904		4.969521	-1.212988	8.291718	-0.008456	-0.009188	0.003440	-0.581055	0.468994	-0.351318	0.413986	-0.267536	-0.055744	-0.868293
07905		4.954689	-1.235440	8.283082	-0.004593	-0.010595	0.002757	-0.582764	0.468018	-0.342529	0.413973	-0.267615	-0.055717	-0.868277
07906		4.966757	-1.230774	8.293910	-0.004335	-0.007137	0.001715	-0.592041	0.466064	-0.356445	0.413929	-0.267660	-0.055674	-0.868286
07907		4.963076	-1.213829	8.280910	0.001913	-0.005485	0.002244	-0.590576	0.466797	-0.353760	0.413944	-0.267648	-0.055701	-0.868281
07908		4.976338	-1.212205	8.300839	0.002414	-0.005133	0.001024	-0.589600	0.470947	-0.354492	0.413941	-0.267630	-0.055733	-0.868286
07909		4.967001	-1.217749	8.288245	0.001691	-0.004457	0.000623	-0.584473	0.461914	-0.354004	0.413932	-0.267609	-0.055753	-0.868296
07910		4.971320	-1.213793	8.322691	0.003470	-0.003535	0.000074	-0.591797	0.468750	-0.361328	0.413931	-0.267565	-0.055793	-0.868307
07911		4.980763	-1.215025	8.308035	0.005471	-0.003642	0.001146	-0.589111	0.466309	-0.356445	0.413956	-0.267510	-0.055855	-0.868308
07912		4.972030	-1.215879	8.308865	0.005445	-0.004088	0.000401	-0.589844	0.466064	-0.360352	0.413964	-0.267463	-0.055918	-0.868315
07913		4.963443	-1.216870	8.309590	0.004353	-0.005094	0.001504	-0.589111	0.466064	-0.357422	0.413987	-0.267430	-0.055973	-0.868310
07914		4.983224	-1.212426	8.306939	0.004209	-0.002727	0.002120	-0.593262	0.467773	-0.349121	0.414012	-0.267375	-0.056011	-0.868313
07915		4.975289	-1.221806	8.303214	0.007275	-0.002275	0.001341	-0.592285	0.468750	-0.353760	0.414018	-0.267306	-0.056076	-0.868327
07916		4.972611	-1.207257	8.299514	0.009742	-0.001438	0.001346	-0.583496	0.461914	-0.341797	0.414043	-0.267211	-0.056167	-0.868339
07917		4.964395	-1.215781	8.296086	0.008956	-0.000616	0.000353	-0.588623	0.471680	-0.359619	0.414036	-0.267117	-0.056242	-0.868366
07918		4.974054	-1.212379	8.295069	0.006515	-0.001007	0.001094	-0.585938	0.468994	-0.357666	0.414060	-0.267030	-0.056296	-0.868378
07919		4.974135	-1.198785	8.312929	0.006121	-0.003135	0.001855	-0.590820	0.471436	-0.357910	0.414088	-0.266969	-0.056355	-0.868380
07920		4.986261	-1.212811	8.302229	0.005951	-0.001214	0.001723	-0.590576	0.463379	-0.355957	0.414111	-0.266890	-0.056402	-0.868390
07921		4.967327	-1.203051	8.322378	0.006059	-0.002989	0.001263	-0.588867	0.471680	-0.354736	0.414128	-0.266829	-0.056464	-0.868397
07922		4.966009	-1.197609	8.313695	0.004807	-0.003112	0.001338	-0.589600	0.469482	-0.363525	0.414136	-0.266778	-0.056507	-0.868406
07923		4.965673	-1.188642	8.318032	0.001813	-0.004747	0.001810	-0.590088	0.458984	-0.354980	0.414156	-0.266754	-0.056531	-0.868402
07924		4.968903	-1.205621	8.307966	0.000722	-0.005752	0.002915	-0.589600	0.473633	-0.355469	0.414169	-0.266752	-0.056545	-0.868395
07925		4.966164	-1.196828	8.290355	0.000597	-0.005461	0.001732	-0.591797	0.460938	-0.356689	0.414166	-0.266749	-0.056552	-0.868397
07926		4.968939	-1.188901	8.316044	0.000633	-0.006053	0.001578	-0.589111	0.468018	-0.354492	0.414166	-0.266749	-0.056572	-0.868396
07927		4.971240	-1.197306	8.310612	0.001884	-0.005931	0.001503	-0.582031	0.468262	-0.355469	0.414165	-0.266744	-0.056599	-0.868396
07928		4.982935	-1.203915	8.304073	0.000686	-0.005160	0.003068	-0.593262	0.469482	-0.356445	0.414183	-0.266735	-0.056603	-0.868390
07929		4.975084	-1.201962	8.317900	0.001178	-0.003770	0.002746	-0.591064	0.466553	-0.356934	0.414196	-0.266710	-0.056608	-0.868391
07930		4.958116	-1.214244	8.314926	0.001320	-0.006137	0.002132	-0.585205	0.468262	-0.357910	0.414203	-0.266709	-0.056631	-0.868386
07931		4.967555	-1.204022	8.317854	-0.000100	-0.004339	0.002076	-0.585938	0.466309	-0.353516	0.414211	-0.266693	-0.056627	-0.868388
07932		4.965441	-1.191303	8.313541	0.000623	-0.005015	0.002477	-0.581787	0.464111	-0.351074	0.414217	-0.266685	-0.056633	-0.868387
07933		4.959064	-1.197719	8.322443	0.000641	-0.007092	0.000680	-0.592285	0.464355	-0.358887	0.414201	-0.266698	-0.056654	-0.868390
07934		4.979305	-1.194091	8.319358	-0.000002	-0.005076	0.002514	-0.592285	0.466797	-0.360352	0.414212	-0.266691	-0.056657	-0.868386
07935		4.964990	-1.182839	8.294509	-0.000065	-0.004931	0.001923	-0.589355	0.464844	-0.354736	0.414218	-0.266681	-0.056661	-0.868386
07936		4.972201	-1.209112	8.301230	-0.001147	-0.006974	0.002130	-0.590576	0.466797	-0.359131	0.414214	-0.266703	-0.056660	-0.868381
07937		4.948219	-1.187601	8.295365	-0.001199	-0.004304	0.004081	-0.581055	0.468506	-0.353027	0.414240	-0.266695	-0.056640	-0.868373
07938		4.962979	-1.207688	8.292442	0.000264	-0.007734	0.003084	-0.588623	0.465820	-0.355469	0.414251	-0.266717	-0.056652	-0.868360
07939		4.964191	-1.195759	8.309407	-0.002399	-0.007096	0.002207	-0.593750	0.468750	-0.362305	0.414245	-0.266746	-0.056638	-0.868355
07940		4.971356	-1.198109	8.272522	-0.001156	-0.005935	0.003029	-0.587891	0.467529	-0.356201	0.414261	-0.266753	-0.056632	-0.868345
07941		4.968394	-1.201479	8.316334	-0.001415	-0.004316	0.001561	-0.593750	0.464111	-0.364258	0.414255	-0.266746	-0.056615	-0.868351
07942		4.968727	-1.205926	8.302372	-0.000425	-0.007650	0.002530	-0.591309	0.469971	-0.355469	0.414270	-0.266765	-0.056630	-0.868337
07943		4.975695	-1.195686	8.283387	-0.002533	-0.005767	0.001922	-0.586670	0.464111	-0.359863	0.414261	-0.266782	-0.056608	-0.868338
07944		4.969251	-1.202695	8.292258	-0.001219	-0.005790	0.002437	-0.590332	0.469238	-0.357910	0.414270	-0.266786	-0.056601	-0.868333
07945		4.968281	-1.186286	8.300925	-0.001184	-0.006382	0.002283	-0.582520	0.467773	-0.350098	0.414272	-0.266800	-0.056597	-0.868328
07946		4.970477	-1.195257	8.295456	-0.001380	-0.004908	0.001407	-0.586182	0.469238	-0.355957	0.414258	-0.266802	-0.056581	-0.868335
07947		4.980180	-1.197855	8.280378	-0.000531	-0.005875	0.002990	-0.592285	0.471436	-0.357178	0.414270	-0.266807	-0.056577	-0.868328
07948		4.966024	-1.198681	8.316788	-0.001748	-0.006588	0.002913	-0.585938	0.464111	-0.365967	0.414276	-0.266828	-0.056564	-0.868319
07949		4.976863	-1.197394	8.314720	-0.001213	-0.006829	0.001538	-0.582520	0.470703	-0.354980	0.414282	-0.266839	-0.056568	-0.868313
07950		4.965640	-1.186739	8.311344	-0.001311	-0.006092	0.001100	-0.588623	0.462402	-0.348145	0.414271	-0.266850	-0.056561	-0.868315
07951		4.970829	-1.208534	8.309628	-0.000755	-0.004847	0.001368	-0.587646	0.465332	-0.359863	0.414253	-0.266850	-0.056555	-0.868324
07952		4.969870	-1.204474	8.300520	-0.000566	-0.005283	0.003143	-0.592773	0.478271	-0.361572	0.414271	-0.266846	-0.056550	-0.868317
07953		4.970055	-1.196492	8.304429	-0.001116	-0.007567	0.001976	-0.593506	0.472900	-0.352295	0.414276	-0.266872	-0.056552	-0.868307
07954		4.971491	-1.196885	8.303513	-0.000588	-0.006769	0.001499	-0.595459	0.459961	-0.354492	0.414265	-0.266891	-0.056557	-0.868306
07955		4.973677	-1.205818	8.298045	-0.001290	-0.004607	0.002744	-0.596436	0.464355	-0.364014	0.414266	-0.266889	-0.056544	-0.868307
07956		4.964018	-1.199680	8.303360	-0.000756	-0.004847	0.001368	-0.579590	0.464844	-0.357422	0.414266	-0.266880	-0.056544	-0.868310
07957		4.975687	-1.206549	8.296733	0.000002	-0.006116	0.001613	-0.591064	0.472412	-0.362061	0.414267	-0.266882	-0.056552	-0.868308
07958		4.974876	-1.202156	8.287581	0.000467	-0.005173	0.000545	-0.590332	0.472900	-0.357666	0.414264	-0.266870	-0.056566	-0.868312
07959		4.977586	-1.181652	8.331221	0.000501	-0.005765	0.000391	-0.591797	0.473389	-0.360107	0.414253	-0.266868	-0.056581	-0.868317
07960		4.971468	-1.213031	8.304371	0.000685	-0.005162	0.003064	-0.586426	0.464355	-0.350342	0.414276	-0.266859	-0.056588	-0.868309
07961		4.970448	-1.196406	8.313131	-0.001313	-0.006092	0.001100	-0.586670	0.468994	-0.349365	0.414256	-0.266873	-0.056583	-0.868314
07962		4.959251	-1.198114	8.291955	-0.000785	-0.005294	0.000623	-0.589355	0.459229	-0.351318	0.414236	-0.266876	-0.056579	-0.868323
07963		4.963167	-1.198666	8.312951	0.001155	-0.005258	0.001097	-0.586914	0.466553	-0.355225	0.414224	-0.266868	-0.056599	-0.868330
07964		4.968851	-1.179519	8.298860	-0.001313	-0.006092	0.001100	-0.588379	0.470703	-0.365967	0.414211	-0.266879	-0.056595	-0.868333
07965		4.968417	-1.212043	8.315275	-0.000194	-0.004641	0.000738	-0.582520	0.465820	-0.364258	0.414211	-0.266862	-0.056599	-0.868338
07966		4.965584	-1.203287	8.297690	-0.000688	-0.006032	0.001061	-0.586670	0.466797	-0.354980	0.414210	-0.266862	-0.056602	-0.868338
07967		4.976085	-1.189173	8.313681	-0.000097	-0.005379	0.001175	-0.591553	0.464844	-0.363281	0.414202	-0.266859	-0.056607	-0.868342
