// Start Time: Unknown
// Update Rate: 40.0Hz
// Filter Profile: human (46.1)
// Firmware Version: 4.6.0
PacketCounter	SampleTimeFine	Acc_X	Acc_Y	Acc_Z	Gyr_X	Gyr_Y	Gyr_Z	Mag_X	Mag_Y	Mag_Z	Quat_q0	Quat_q1	Quat_q2	Quat_q3
07338		9.650364	-0.697890	-1.591681	-0.001596	-0.001892	-0.009718	-0.868896	0.260254	-0.312256	0.636836	-0.189639	-0.738367	-0.115283
07339		9.644780	-0.720560	-1.602088	0.000063	-0.000995	-0.010099	-0.868652	0.256836	-0.311523	0.636813	-0.189547	-0.738399	-0.115361
07340		9.659429	-0.722213	-1.562450	-0.006407	-0.000019	-0.008575	-0.872070	0.259521	-0.313477	0.636792	-0.189482	-0.738412	-0.115501
07341		9.662198	-0.748665	-1.568786	-0.000226	-0.000280	-0.007339	-0.866699	0.258545	-0.322510	0.636782	-0.189402	-0.738431	-0.115565
07342		9.661321	-0.725072	-1.547313	0.008546	-0.002485	-0.007847	-0.866699	0.256104	-0.314941	0.636785	-0.189208	-0.738479	-0.115558
07343		9.645670	-0.699464	-1.541941	0.010523	-0.002088	-0.008083	-0.869141	0.264648	-0.310303	0.636795	-0.189013	-0.738525	-0.115529
07344		9.658992	-0.691519	-1.565849	-0.003779	-0.002880	-0.006306	-0.867188	0.260254	-0.329346	0.636746	-0.189064	-0.738547	-0.115578
07345		9.658767	-0.731262	-1.577917	-0.004857	-0.003266	-0.003145	-0.866211	0.266357	-0.308594	0.636729	-0.189020	-0.738561	-0.115654
07346		9.668989	-0.699172	-1.547605	0.009517	0.000936	-0.006031	-0.870117	0.265381	-0.303467	0.636738	-0.188989	-0.738573	-0.115578
07347		9.659383	-0.685921	-1.590317	0.013760	0.001015	-0.009267	-0.868652	0.269775	-0.321777	0.636756	-0.188897	-0.738595	-0.115487
07348		9.645280	-0.707567	-1.580499	0.007181	-0.004098	-0.010232	-0.869385	0.269287	-0.307373	0.636782	-0.188836	-0.738592	-0.115458
07349		9.656477	-0.696059	-1.572453	0.004327	-0.003169	-0.011123	-0.862061	0.262207	-0.319092	0.636715	-0.188821	-0.738654	-0.115458
07350		9.647697	-0.734651	-1.540234	-0.004067	-0.000527	-0.012267	-0.872559	0.259521	-0.313477	0.636725	-0.188754	-0.738642	-0.115589
07351		9.666725	-0.740726	-1.564968	-0.000621	-0.000424	-0.016214	-0.864258	0.253906	-0.314697	0.636717	-0.188615	-0.738666	-0.115712
07352		9.637001	-0.736720	-1.549615	0.010386	-0.003669	-0.015019	-0.866699	0.259033	-0.314209	0.636710	-0.188356	-0.738735	-0.115729
07353		9.658758	-0.730157	-1.569912	0.019682	-0.004653	-0.019681	-0.871826	0.267334	-0.305664	0.636721	-0.188046	-0.738815	-0.115664
07354		9.657285	-0.719559	-1.585880	0.015729	-0.001865	-0.019630	-0.863770	0.256348	-0.321045	0.636703	-0.187874	-0.738883	-0.115607
07355		9.654373	-0.731914	-1.543074	0.018275	0.000174	-0.018201	-0.869385	0.270020	-0.311279	0.636808	-0.187547	-0.738883	-0.115559
07356		9.659563	-0.718926	-1.570139	0.015858	-0.001613	-0.014510	-0.866211	0.258301	-0.317627	0.636843	-0.187447	-0.738896	-0.115440
07357		9.655933	-0.706625	-1.553503	0.010880	-0.000730	-0.013781	-0.858154	0.256592	-0.311768	0.636909	-0.187258	-0.738892	-0.115411
07358		9.662774	-0.700649	-1.565137	0.000613	0.000412	-0.011354	-0.870117	0.259521	-0.315186	0.636911	-0.187164	-0.738906	-0.115462
07359		9.663007	-0.697983	-1.564887	0.006860	0.001113	-0.011926	-0.868896	0.264404	-0.318359	0.636978	-0.187048	-0.738880	-0.115446
07360		9.664033	-0.719461	-1.562717	0.010759	-0.002615	-0.010181	-0.869873	0.263916	-0.320312	0.637050	-0.186970	-0.738852	-0.115359
07361		9.668000	-0.685789	-1.568355	0.021192	-0.000309	-0.011510	-0.863037	0.260254	-0.318848	0.637179	-0.186788	-0.738812	-0.115194
07362		9.657096	-0.651812	-1.565498	0.021970	0.001915	-0.013029	-0.864258	0.269287	-0.310303	0.637301	-0.186538	-0.738791	-0.115060
07363		9.660980	-0.660578	-1.557878	0.009317	-0.000475	-0.012300	-0.866943	0.265625	-0.311035	0.637307	-0.186515	-0.738804	-0.114978
07364		9.667849	-0.654638	-1.569218	-0.000978	0.002905	-0.012091	-0.873047	0.268066	-0.312256	0.637324	-0.186529	-0.738779	-0.115024
07365		9.670701	-0.682012	-1.551276	-0.002943	-0.001083	-0.011426	-0.866211	0.259277	-0.318604	0.637313	-0.186609	-0.738761	-0.115074
07366		9.679030	-0.684382	-1.523647	0.005760	0.000507	-0.011680	-0.873779	0.259277	-0.314453	0.637381	-0.186489	-0.738725	-0.115116
07367		9.673707	-0.707245	-1.533460	0.015825	-0.001206	-0.010931	-0.874268	0.262695	-0.315186	0.637421	-0.186312	-0.738748	-0.115036
07368		9.658893	-0.705133	-1.525524	0.023265	-0.001198	-0.011348	-0.861084	0.267334	-0.318604	0.637488	-0.186121	-0.738763	-0.114878
07369		9.682328	-0.707065	-1.529534	0.017595	-0.001384	-0.007990	-0.872070	0.265137	-0.317383	0.637590	-0.186059	-0.738713	-0.114740
07370		9.663918	-0.692910	-1.553030	0.013029	-0.003432	-0.005574	-0.862061	0.268066	-0.313721	0.637644	-0.186045	-0.738688	-0.114622
07371		9.679530	-0.676518	-1.523986	0.008424	0.000347	-0.005812	-0.869873	0.257324	-0.315918	0.637692	-0.186092	-0.738648	-0.114531
07372		9.657418	-0.693999	-1.541538	0.007480	-0.001738	-0.005823	-0.865967	0.259766	-0.319580	0.637725	-0.186000	-0.738648	-0.114503
07373		9.659319	-0.740314	-1.537397	0.012062	-0.003276	-0.007816	-0.864502	0.262451	-0.321045	0.637796	-0.185894	-0.738621	-0.114450
07374		9.657383	-0.777271	-1.516412	0.012785	-0.000648	-0.005732	-0.866699	0.264404	-0.313232	0.637918	-0.185844	-0.738541	-0.114366
07375		9.664144	-0.773169	-1.527658	0.022425	0.001690	-0.007789	-0.862061	0.269043	-0.317383	0.637993	-0.185728	-0.738538	-0.114159
07376		9.642769	-0.732510	-1.520379	0.033765	-0.000895	-0.007582	-0.867432	0.260498	-0.321777	0.638130	-0.185614	-0.738498	-0.113832
07377		9.663600	-0.746507	-1.553076	0.035369	-0.003396	-0.006858	-0.867188	0.264648	-0.313721	0.638280	-0.185367	-0.738475	-0.113545
07378		9.668289	-0.737983	-1.556671	0.022843	-0.002582	-0.007920	-0.865479	0.258057	-0.319336	0.638311	-0.185274	-0.738508	-0.113307
07379		9.656069	-0.724269	-1.544226	0.010350	-0.002658	-0.004945	-0.868408	0.257568	-0.317139	0.638380	-0.185206	-0.738477	-0.113227
07380		9.662486	-0.722054	-1.532439	0.016051	-0.002247	-0.005407	-0.864258	0.258789	-0.319580	0.638430	-0.185077	-0.738489	-0.113086
07381		9.657634	-0.730936	-1.505459	0.026510	-0.003511	-0.006338	-0.860840	0.260254	-0.318115	0.638533	-0.184885	-0.738483	-0.112856
07382		9.671666	-0.706486	-1.515862	0.028859	-0.001554	-0.009370	-0.867676	0.255127	-0.322266	0.638648	-0.184676	-0.738474	-0.112610
07383		9.657947	-0.684131	-1.542636	0.015063	-0.002331	-0.010569	-0.871826	0.258057	-0.321045	0.638750	-0.184475	-0.738443	-0.112556
07384		9.678448	-0.699389	-1.528286	0.002532	-0.003991	-0.012292	-0.871582	0.255615	-0.320068	0.638775	-0.184417	-0.738428	-0.112609
07385		9.662840	-0.756288	-1.521405	-0.003340	-0.004271	-0.013359	-0.864990	0.259033	-0.319092	0.638766	-0.184352	-0.738433	-0.112732
07386		9.666866	-0.805651	-1.525865	0.012048	-0.004868	-0.012553	-0.872314	0.260010	-0.316650	0.638802	-0.184244	-0.738439	-0.112664
07387		9.656366	-0.754250	-1.511456	0.025298	-0.004384	-0.011237	-0.873047	0.264648	-0.313232	0.638816	-0.184063	-0.738505	-0.112451
07388		9.653439	-0.724034	-1.506215	0.031646	-0.004968	-0.011418	-0.863525	0.254395	-0.312256	0.638792	-0.183925	-0.738609	-0.112132
07389		9.647457	-0.665518	-1.495514	0.017809	-0.006456	-0.007878	-0.867188	0.261230	-0.320557	0.638740	-0.183737	-0.738728	-0.111947
07390		9.661693	-0.680333	-1.541754	0.000461	-0.006038	-0.005507	-0.870850	0.260986	-0.317139	0.638771	-0.183861	-0.738674	-0.111926
07391		9.673503	-0.694853	-1.508209	-0.004137	-0.005852	-0.005301	-0.865234	0.262939	-0.315674	0.638725	-0.184010	-0.738674	-0.111939
07392		9.672719	-0.710815	-1.522202	0.000350	-0.001154	-0.006378	-0.868652	0.261475	-0.318115	0.638738	-0.184151	-0.738633	-0.111905
07393		9.674440	-0.672870	-1.520118	0.007322	-0.001616	-0.007381	-0.863281	0.259277	-0.311768	0.638782	-0.184194	-0.738594	-0.111846
07394		9.662369	-0.656575	-1.531855	0.007308	-0.004320	-0.010977	-0.867920	0.259033	-0.317139	0.638721	-0.184157	-0.738667	-0.111773
07395		9.669259	-0.692279	-1.555252	-0.005368	-0.004278	-0.009500	-0.871582	0.264893	-0.315186	0.638695	-0.184235	-0.738658	-0.111856
07396		9.673769	-0.683261	-1.535889	-0.015207	-0.002912	-0.009380	-0.867920	0.267334	-0.307373	0.638616	-0.184517	-0.738633	-0.112001
07397		9.657208	-0.717054	-1.531402	-0.016840	-0.003583	-0.006067	-0.870361	0.264160	-0.313721	0.638435	-0.184890	-0.738686	-0.112069
07398		9.675151	-0.788271	-1.509372	-0.010552	-0.005093	-0.004435	-0.862793	0.260254	-0.319580	0.638345	-0.185159	-0.738686	-0.112134
07399		9.644626	-0.802597	-1.531382	0.009793	-0.001833	-0.005957	-0.869141	0.259521	-0.311035	0.638458	-0.185173	-0.738594	-0.112078
07400		9.662234	-0.789450	-1.534923	0.021322	-0.004522	-0.004240	-0.874512	0.260986	-0.319824	0.638411	-0.185068	-0.738697	-0.111839
07401		9.650741	-0.757506	-1.533608	0.018950	-0.004248	-0.003446	-0.863281	0.258301	-0.323486	0.638472	-0.185039	-0.738675	-0.111686
07402		9.666324	-0.740412	-1.528940	0.025306	-0.003471	-0.001834	-0.872559	0.267578	-0.323730	0.638664	-0.184934	-0.738566	-0.111476
07403		9.654055	-0.726544	-1.540677	0.010099	-0.004145	0.000035	-0.860596	0.263916	-0.313721	0.638774	-0.185173	-0.738428	-0.111368
07404		9.658433	-0.720129	-1.521046	0.005707	-0.003400	-0.002953	-0.860107	0.262207	-0.315674	0.638780	-0.185316	-0.738407	-0.111236
07405		9.664920	-0.716416	-1.533580	0.006730	-0.003965	-0.004325	-0.871582	0.256104	-0.318848	0.638813	-0.185403	-0.738372	-0.111133
07406		9.662557	-0.769453	-1.549591	0.011866	-0.002730	-0.005792	-0.872070	0.256104	-0.313232	0.638852	-0.185277	-0.738379	-0.111073
07407		9.662291	-0.771198	-1.502653	0.008300	-0.005582	-0.007629	-0.867920	0.259277	-0.320068	0.638766	-0.185152	-0.738495	-0.111006
07408		9.659990	-0.722397	-1.509065	-0.003085	-0.006188	-0.003750	-0.871338	0.269531	-0.322021	0.638783	-0.185260	-0.738447	-0.111043
07409		9.645979	-0.744661	-1.500346	-0.010866	-0.007074	-0.005242	-0.873047	0.258789	-0.314453	0.638789	-0.185650	-0.738330	-0.111141
07410		9.660346	-0.801702	-1.534150	-0.008480	-0.009818	-0.006720	-0.873535	0.266357	-0.313477	0.638647	-0.185730	-0.738421	-0.111216
07411		9.658197	-0.794884	-1.528249	-0.003897	-0.008883	-0.008056	-0.862549	0.260010	-0.321533	0.638516	-0.185930	-0.738483	-0.111224
07412		9.666437	-0.796313	-1.526294	0.006092	-0.006786	-0.007102	-0.854736	0.265137	-0.314209	0.638604	-0.185952	-0.738403	-0.111208
07413		9.648339	-0.766346	-1.513949	0.011648	-0.005993	-0.006199	-0.862549	0.261230	-0.316650	0.638648	-0.186044	-0.738369	-0.111032
07414		9.650230	-0.768367	-1.547585	0.008238	-0.007862	-0.007624	-0.866699	0.265869	-0.312012	0.638658	-0.186055	-0.738370	-0.110950
07415		9.645407	-0.776007	-1.521958	0.001090	-0.007280	-0.008140	-0.867188	0.262939	-0.311523	0.638569	-0.186202	-0.738418	-0.110894
07416		9.676944	-0.780950	-1.524231	0.004854	-0.009492	-0.006129	-0.867432	0.266602	-0.320312	0.638464	-0.186268	-0.738508	-0.110793
07417		9.645795	-0.755864	-1.512405	0.010856	-0.004626	-0.005114	-0.859375	0.257812	-0.317871	0.638551	-0.186402	-0.738412	-0.110704
07418		9.664506	-0.764398	-1.538051	0.016549	-0.006908	-0.009201	-0.869629	0.261475	-0.317627	0.638625	-0.186253	-0.738403	-0.110581
07419		9.650321	-0.743778	-1.541980	0.014237	-0.004350	-0.008416	-0.865479	0.266357	-0.315674	0.638662	-0.186195	-0.738401	-0.110485
07420		9.651090	-0.723020	-1.553771	0.006455	-0.005244	-0.009899	-0.871094	0.266602	-0.316162	0.638664	-0.186300	-0.738381	-0.110426
07421		9.646442	-0.730131	-1.527435	0.003510	-0.004160	-0.010083	-0.867676	0.249756	-0.321289	0.638648	-0.186419	-0.738367	-0.110416
07422		9.669034	-0.750056	-1.521615	0.002313	-0.003466	-0.010243	-0.867188	0.253174	-0.316650	0.638718	-0.186189	-0.738348	-0.110520
07423		9.631295	-0.784332	-1.544883	0.005206	-0.005479	-0.008246	-0.864258	0.257812	-0.315674	0.638716	-0.186025	-0.738391	-0.110519
07424		9.652679	-0.780928	-1.541755	0.014141	-0.004403	-0.010654	-0.866699	0.257568	-0.311279	0.638746	-0.185875	-0.738418	-0.110422
07425		9.649622	-0.749064	-1.560782	0.011464	-0.004746	-0.008876	-0.867432	0.276123	-0.319092	0.638693	-0.185751	-0.738512	-0.110311
07426		9.672376	-0.712170	-1.507641	0.005113	-0.004182	-0.008677	-0.862305	0.263184	-0.315674	0.638746	-0.186101	-0.738388	-0.110243
07427		9.656051	-0.744181	-1.550518	0.004513	-0.004057	-0.004927	-0.868408	0.258301	-0.318604	0.638776	-0.186200	-0.738348	-0.110167
07428		9.651366	-0.750920	-1.548232	0.000802	-0.006549	-0.005369	-0.869873	0.266602	-0.316406	0.638779	-0.186217	-0.738339	-0.110179
07429		9.657031	-0.765224	-1.550591	-0.004071	-0.004950	-0.007108	-0.864258	0.267822	-0.323242	0.638750	-0.186424	-0.738307	-0.110211
07430		9.646637	-0.755195	-1.547447	-0.003921	-0.005320	-0.008496	-0.857910	0.264893	-0.320801	0.638837	-0.186665	-0.738160	-0.110284
07431		9.671836	-0.761446	-1.561160	0.003634	-0.005218	-0.006742	-0.867676	0.265625	-0.322266	0.638940	-0.186796	-0.738043	-0.110250
07432		9.658857	-0.765791	-1.538303	0.011901	-0.002026	-0.010573	-0.870605	0.261963	-0.318359	0.639054	-0.186823	-0.737943	-0.110214
07433		9.642108	-0.757631	-1.546349	0.014474	-0.003538	-0.008724	-0.868896	0.264648	-0.315186	0.639091	-0.186755	-0.737941	-0.110125
07434		9.651239	-0.740246	-1.554152	0.011469	-0.004742	-0.008889	-0.862793	0.263428	-0.320068	0.639078	-0.186755	-0.737969	-0.110018
07435		9.655739	-0.732244	-1.534809	-0.002865	-0.004290	-0.005150	-0.869873	0.263184	-0.313232	0.639132	-0.186905	-0.737881	-0.110043
07436		9.661468	-0.746750	-1.536788	-0.002314	-0.003987	-0.005286	-0.860107	0.271973	-0.318359	0.639067	-0.187003	-0.737914	-0.110032
07437		9.655506	-0.788412	-1.560069	0.003545	-0.002563	-0.005374	-0.869629	0.261963	-0.314941	0.639146	-0.187254	-0.737793	-0.109951
07438		9.663456	-0.748955	-1.545991	0.005955	0.000564	-0.007323	-0.869629	0.262451	-0.320068	0.639162	-0.187235	-0.737790	-0.109912
07439		9.649373	-0.728221	-1.548863	0.007151	-0.001485	-0.008966	-0.865967	0.269775	-0.319580	0.639223	-0.187226	-0.737740	-0.109912
07440		9.646137	-0.757771	-1.543285	0.004944	-0.004057	-0.010224	-0.865234	0.263184	-0.314941	0.639265	-0.187365	-0.737671	-0.109888
07441		9.637779	-0.752058	-1.547960	-0.001585	-0.003375	-0.011553	-0.861084	0.268555	-0.316162	0.639240	-0.187396	-0.737680	-0.109925
07442		9.667702	-0.750792	-1.540755	-0.003183	-0.002001	-0.011164	-0.865967	0.265137	-0.313477	0.639261	-0.187553	-0.737617	-0.109955
07443		9.649637	-0.778075	-1.551173	-0.003335	-0.002988	-0.011577	-0.868164	0.265137	-0.317383	0.639215	-0.187624	-0.737633	-0.109995
07444		9.654276	-0.768925	-1.531572	0.002871	-0.003170	-0.010397	-0.869141	0.260498	-0.317383	0.639221	-0.187671	-0.737614	-0.110009
07445		9.666039	-0.796912	-1.557733	0.008405	-0.001244	-0.010634	-0.868896	0.266113	-0.325439	0.639251	-0.187580	-0.737613	-0.109998
07446		9.646111	-0.761113	-1.536075	0.010631	-0.002499	-0.011857	-0.870850	0.263916	-0.317627	0.639370	-0.187601	-0.737502	-0.110013
07447		9.652039	-0.774700	-1.537521	0.008278	-0.003344	-0.009925	-0.875732	0.272217	-0.326172	0.639373	-0.187584	-0.737508	-0.109981
07448		9.667640	-0.755278	-1.533208	0.003850	-0.003305	-0.008159	-0.863281	0.261230	-0.318359	0.639448	-0.187798	-0.737382	-0.110024
07449		9.670909	-0.782489	-1.539392	0.003076	-0.001694	-0.004137	-0.860596	0.271484	-0.321045	0.639502	-0.187831	-0.737332	-0.109991
07450		9.650193	-0.765557	-1.530815	0.006079	-0.001843	-0.005780	-0.871582	0.263428	-0.320801	0.639605	-0.188012	-0.737208	-0.109912
07451		9.652835	-0.751636	-1.526348	0.004879	-0.001153	-0.005937	-0.867676	0.264893	-0.322021	0.639652	-0.188052	-0.737157	-0.109916
07452		9.654853	-0.755114	-1.534806	0.004078	-0.001146	-0.006643	-0.867432	0.267822	-0.325928	0.639726	-0.188121	-0.737073	-0.109924
07453		9.662732	-0.774013	-1.544311	0.003827	-0.002194	-0.009286	-0.871338	0.264160	-0.322754	0.639830	-0.188235	-0.736948	-0.109971
07454		9.656940	-0.755957	-1.544125	0.002100	-0.004280	-0.009984	-0.874268	0.267090	-0.314209	0.639851	-0.188281	-0.736908	-0.110037
07455		9.660881	-0.764600	-1.537751	-0.006634	-0.003468	-0.008961	-0.863281	0.261719	-0.316162	0.639758	-0.188400	-0.736950	-0.110092
07456		9.657763	-0.793591	-1.532500	-0.008560	-0.002959	-0.010519	-0.860596	0.266846	-0.313965	0.639731	-0.188449	-0.736946	-0.110191
07457		9.646828	-0.802034	-1.518160	-0.001378	-0.004621	-0.008902	-0.862793	0.265625	-0.317871	0.639701	-0.188528	-0.736957	-0.110156
07458		9.661743	-0.799730	-1.527297	0.001626	-0.004768	-0.010547	-0.867676	0.273926	-0.322266	0.639706	-0.188567	-0.736943	-0.110155
07459		9.649451	-0.784718	-1.515494	0.003053	-0.003297	-0.008872	-0.865479	0.268311	-0.320312	0.639759	-0.188755	-0.736850	-0.110145
07460		9.647491	-0.776400	-1.532075	-0.002803	-0.004735	-0.008778	-0.864746	0.258789	-0.315186	0.639769	-0.188893	-0.736799	-0.110189
07461		9.657249	-0.799700	-1.550719	-0.005180	-0.004471	-0.007966	-0.866943	0.257080	-0.311768	0.639724	-0.188883	-0.736833	-0.110246
07462		9.661201	-0.808514	-1.544396	-0.000600	-0.003516	-0.009326	-0.870361	0.266113	-0.312500	0.639651	-0.188783	-0.736919	-0.110264
07463		9.641077	-0.772637	-1.523474	0.006383	-0.005296	-0.012177	-0.869385	0.269531	-0.311768	0.639574	-0.188749	-0.737002	-0.110217
07464		9.655395	-0.787747	-1.545524	0.006709	-0.004433	-0.010229	-0.865723	0.264160	-0.313721	0.639508	-0.188782	-0.737062	-0.110134
07465		9.645625	-0.760098	-1.529055	0.001479	-0.004397	-0.009163	-0.861084	0.263916	-0.317383	0.639467	-0.188793	-0.737098	-0.110117
07466		9.649519	-0.767241	-1.546847	-0.002173	-0.005978	-0.011418	-0.860107	0.267578	-0.319092	0.639457	-0.188826	-0.737091	-0.110160
07467		9.665901	-0.789400	-1.529655	0.000654	-0.004639	-0.012800	-0.868896	0.263916	-0.312012	0.639488	-0.188885	-0.737046	-0.110187
07468		9.660060	-0.770634	-1.529831	0.009315	-0.005251	-0.013137	-0.864746	0.262695	-0.314697	0.639422	-0.188788	-0.737136	-0.110130
07469		9.669103	-0.751799	-1.538030	0.002157	-0.004712	-0.013626	-0.856445	0.268066	-0.308838	0.639390	-0.188738	-0.737173	-0.110154
07470		9.655707	-0.772026	-1.528712	-0.005298	-0.006149	-0.014939	-0.863770	0.257812	-0.315430	0.639303	-0.188813	-0.737226	-0.110181
07471		9.653144	-0.779782	-1.558880	-0.003695	-0.006158	-0.013531	-0.860840	0.259766	-0.307861	0.639256	-0.188740	-0.737271	-0.110272
07472		9.674738	-0.775390	-1.532166	0.001055	-0.003531	-0.019238	-0.860352	0.272705	-0.318848	0.639175	-0.188594	-0.737372	-0.110318
07473		9.657017	-0.802799	-1.518994	0.007144	-0.005789	-0.017354	-0.859131	0.262939	-0.316162	0.639208	-0.188651	-0.737330	-0.110312
07474		9.642163	-0.795977	-1.559681	0.011695	-0.003715	-0.019850	-0.857178	0.272217	-0.316406	0.639242	-0.188486	-0.737345	-0.110295
07475		9.670808	-0.770749	-1.531526	0.001263	-0.004771	-0.016580	-0.865479	0.266602	-0.318115	0.639258	-0.188591	-0.737300	-0.110320
07476		9.651971	-0.754204	-1.555994	-0.002788	-0.005679	-0.018286	-0.861328	0.269531	-0.311523	0.639236	-0.188621	-0.737295	-0.110438
07477		9.651771	-0.769764	-1.522504	-0.000436	-0.004827	-0.020233	-0.866455	0.272217	-0.318604	0.639177	-0.188650	-0.737328	-0.110503
07478		9.659361	-0.803016	-1.545927	0.008707	-0.006289	-0.021827	-0.865723	0.268555	-0.324219	0.639175	-0.188647	-0.737326	-0.110538
07479		9.653533	-0.780957	-1.569853	0.006594	-0.002945	-0.021316	-0.865479	0.265137	-0.318604	0.639255	-0.188619	-0.737249	-0.110632
07480		9.647430	-0.780755	-1.535223	0.003984	-0.006887	-0.019073	-0.868652	0.262695	-0.314209	0.639240	-0.188574	-0.737264	-0.110697
07481		9.658057	-0.785674	-1.517476	0.001309	-0.007246	-0.017276	-0.868164	0.260254	-0.313721	0.639163	-0.188519	-0.737335	-0.110759
07482		9.654062	-0.771082	-1.526410	-0.004705	-0.005615	-0.012163	-0.861572	0.269775	-0.322510	0.639094	-0.188522	-0.737382	-0.110842
07483		9.659035	-0.742266	-1.518461	0.006239	-0.006519	-0.015570	-0.863281	0.262207	-0.320068	0.639149	-0.188576	-0.737318	-0.110858
07484		9.656512	-0.750288	-1.548297	0.013844	-0.005432	-0.015663	-0.864746	0.264648	-0.312988	0.639199	-0.188447	-0.737314	-0.110816
07485		9.667303	-0.734673	-1.588536	0.011688	-0.004375	-0.015131	-0.862061	0.262939	-0.320801	0.639183	-0.188359	-0.737360	-0.110750
07486		9.662423	-0.680067	-1.562397	0.013610	-0.003089	-0.019469	-0.859863	0.268799	-0.322021	0.639259	-0.188211	-0.737333	-0.110743
07487		9.652641	-0.649908	-1.545848	0.016085	-0.006253	-0.024610	-0.859863	0.259521	-0.309814	0.639324	-0.188092	-0.737309	-0.110733
07488		9.669373	-0.667805	-1.552182	0.008785	-0.003338	-0.026652	-0.870117	0.264648	-0.315674	0.639281	-0.187847	-0.737404	-0.110768
07489		9.643581	-0.690139	-1.542386	0.002105	-0.003699	-0.028382	-0.862305	0.250488	-0.314697	0.639232	-0.187732	-0.737451	-0.110926
07490		9.660466	-0.707341	-1.548410	0.001946	-0.001964	-0.025182	-0.867432	0.260498	-0.311523	0.639222	-0.187445	-0.737512	-0.111065
07491		9.652176	-0.697088	-1.576628	0.002607	-0.002953	-0.024894	-0.871094	0.255371	-0.319824	0.639160	-0.187303	-0.737586	-0.111175
07492		9.660984	-0.693823	-1.573688	-0.006048	-0.003752	-0.026353	-0.867920	0.258301	-0.311279	0.639128	-0.187160	-0.737611	-0.111427
07493		9.667396	-0.702813	-1.575619	-0.017016	-0.003127	-0.025879	-0.863770	0.254883	-0.321777	0.639014	-0.187147	-0.737667	-0.111730
07494		9.665386	-0.730259	-1.522555	-0.010430	-0.002821	-0.026404	-0.866211	0.262939	-0.311523	0.639028	-0.187043	-0.737639	-0.112011
07495		9.678487	-0.717668	-1.546846	0.011174	-0.002202	-0.025705	-0.860596	0.258545	-0.317383	0.639001	-0.186883	-0.737698	-0.112045
07496		9.655843	-0.691758	-1.530068	0.012012	-0.003311	-0.023873	-0.869873	0.261719	-0.319580	0.639039	-0.186683	-0.737712	-0.112066
07497		9.662169	-0.700796	-1.555095	0.007654	-0.000102	-0.023934	-0.864990	0.264893	-0.315186	0.639083	-0.186560	-0.737691	-0.112161
07498		9.654828	-0.637476	-1.567722	-0.002321	0.000641	-0.018258	-0.872559	0.263916	-0.311523	0.639097	-0.186616	-0.737648	-0.112271
07499		9.660996	-0.668060	-1.557962	-0.011587	-0.002078	-0.012969	-0.861572	0.246094	-0.319336	0.639012	-0.186777	-0.737658	-0.112425
07500		9.673391	-0.716149	-1.525739	-0.007118	-0.003186	-0.013634	-0.865234	0.262939	-0.310547	0.639031	-0.186657	-0.737650	-0.112566
07501		9.671711	-0.709257	-1.494183	0.011752	-0.002047	-0.015202	-0.871094	0.257080	-0.314453	0.639016	-0.186605	-0.737685	-0.112508
07502		9.661340	-0.678625	-1.524984	0.033443	-0.004974	-0.014060	-0.869141	0.257324	-0.315430	0.639039	-0.186311	-0.737776	-0.112266
07503		9.672290	-0.646627	-1.551729	0.031014	-0.002257	-0.012564	-0.861816	0.258301	-0.315918	0.639098	-0.186057	-0.737823	-0.112039
07504		9.659629	-0.651398	-1.528497	0.016339	-0.004869	-0.007722	-0.867188	0.255127	-0.320068	0.639134	-0.185991	-0.737832	-0.111887
07505		9.665580	-0.664524	-1.554174	0.002979	-0.004028	-0.006405	-0.864014	0.259521	-0.315674	0.639164	-0.185996	-0.737807	-0.111875
07506		9.646294	-0.671514	-1.543564	0.002390	-0.005259	-0.004433	-0.869385	0.259766	-0.319336	0.639158	-0.186088	-0.737796	-0.111828
07507		9.669623	-0.692930	-1.514047	0.001926	-0.003726	-0.007959	-0.866211	0.254150	-0.317139	0.639172	-0.186146	-0.737767	-0.111839
07508		9.662904	-0.712194	-1.516096	0.010010	-0.005494	-0.006355	-0.862305	0.263916	-0.315918	0.639182	-0.186081	-0.737788	-0.111750
07509		9.658452	-0.719226	-1.513684	0.017511	-0.006463	-0.005746	-0.860596	0.251953	-0.315186	0.639207	-0.186099	-0.737791	-0.111565
07510		9.653922	-0.706410	-1.546255	0.012276	-0.006472	-0.004652	-0.865967	0.259033	-0.316650	0.639218	-0.186005	-0.737827	-0.111423
07511		9.660249	-0.703861	-1.535742	-0.003355	-0.006688	-0.002062	-0.862061	0.267334	-0.320068	0.639189	-0.186154	-0.737815	-0.111415
07512		9.652994	-0.761837	-1.517037	-0.010144	-0.011208	-0.000090	-0.865234	0.262939	-0.312744	0.639148	-0.186493	-0.737761	-0.111438
07513		9.635066	-0.792424	-1.529104	0.000488	-0.009941	0.001073	-0.862793	0.258057	-0.315674	0.639075	-0.186688	-0.737788	-0.111349
07514		9.662769	-0.769887	-1.526091	0.011377	-0.006952	0.000115	-0.862549	0.261230	-0.320557	0.639087	-0.186715	-0.737797	-0.111180
07515		9.650064	-0.738743	-1.526264	0.014555	-0.010843	-0.001804	-0.865723	0.265869	-0.306885	0.639109	-0.186745	-0.737798	-0.110998
07516		9.649620	-0.718636	-1.563367	0.013640	-0.009552	-0.002945	-0.868652	0.264404	-0.321289	0.639018	-0.186827	-0.737885	-0.110806
07517		9.657688	-0.740408	-1.550676	0.006823	-0.009312	-0.000309	-0.866455	0.260254	-0.322266	0.639025	-0.186965	-0.737859	-0.110703
07518		9.657433	-0.721543	-1.564020	0.000723	-0.010505	-0.001026	-0.864746	0.263428	-0.315430	0.639020	-0.187090	-0.737838	-0.110660
07519		9.655077	-0.716345	-1.558231	-0.001289	-0.009834	-0.001883	-0.870117	0.261475	-0.319092	0.638967	-0.187260	-0.737847	-0.110619
07520		9.662812	-0.754991	-1.558718	0.006485	-0.010445	-0.005220	-0.867432	0.265625	-0.316650	0.638934	-0.187307	-0.737873	-0.110555
07521		9.652066	-0.746053	-1.556243	0.015300	-0.007963	-0.008163	-0.863525	0.266113	-0.321289	0.638932	-0.187305	-0.737895	-0.110424
07522		9.652336	-0.708170	-1.556210	0.016922	-0.009319	-0.008570	-0.872070	0.261475	-0.321289	0.638968	-0.187301	-0.737886	-0.110285
07523		9.645557	-0.708536	-1.570316	0.014556	-0.010443	-0.009554	-0.864502	0.256348	-0.310059	0.638959	-0.187242	-0.737922	-0.110193
07524		9.639036	-0.709934	-1.560624	0.003967	-0.009169	-0.007771	-0.866211	0.269775	-0.310547	0.638877	-0.187215	-0.738008	-0.110140
07525		9.651519	-0.722347	-1.551848	-0.001599	-0.010712	-0.003839	-0.862061	0.260254	-0.312256	0.638774	-0.187441	-0.738045	-0.110102
07526		9.651088	-0.740526	-1.543326	-0.001906	-0.009958	-0.001038	-0.864990	0.262695	-0.313965	0.638709	-0.187573	-0.738076	-0.110050
07527		9.655050	-0.732587	-1.549106	-0.001860	-0.007411	0.001889	-0.872559	0.261963	-0.302490	0.638676	-0.187757	-0.738066	-0.109991
07528		9.657014	-0.720401	-1.546520	-0.008559	-0.008468	0.004972	-0.864258	0.256836	-0.319580	0.638514	-0.187997	-0.738152	-0.109949
07529		9.643395	-0.744155	-1.561503	-0.006190	-0.007344	0.005950	-0.865479	0.261475	-0.313965	0.638525	-0.188171	-0.738103	-0.109915
07530		9.664352	-0.743549	-1.559595	0.005305	-0.008541	0.007109	-0.863281	0.259521	-0.321289	0.638509	-0.188318	-0.738104	-0.109750
07531		9.642239	-0.746050	-1.589172	0.011609	-0.008172	0.002763	-0.863525	0.257324	-0.317383	0.638566	-0.188347	-0.738073	-0.109577
07532		9.661445	-0.702359	-1.600954	0.002053	-0.007455	0.003159	-0.867432	0.269775	-0.309814	0.638576	-0.188424	-0.738059	-0.109481
07533		9.650945	-0.696021	-1.574321	-0.002218	-0.007179	-0.001206	-0.866455	0.266846	-0.312256	0.638507	-0.188644	-0.738067	-0.109449
07534		9.663071	-0.726828	-1.577967	0.002484	-0.008847	-0.003994	-0.869141	0.264648	-0.318115	0.638451	-0.188764	-0.738093	-0.109398
07535		9.656244	-0.746414	-1.580549	0.009280	-0.005695	-0.007803	-0.869873	0.267090	-0.319336	0.638471	-0.188758	-0.738086	-0.109341
07536		9.637077	-0.734284	-1.581181	0.006545	-0.007244	-0.007093	-0.864746	0.260986	-0.317627	0.638477	-0.188812	-0.738072	-0.109303
07537		9.653569	-0.756519	-1.588443	0.003442	-0.009219	-0.004693	-0.859375	0.266846	-0.309326	0.638463	-0.188845	-0.738082	-0.109258
07538		9.655732	-0.742792	-1.585374	0.005382	-0.004021	-0.004315	-0.859375	0.262939	-0.319336	0.638459	-0.188930	-0.738076	-0.109176
07539		9.651296	-0.749887	-1.582970	-0.000346	-0.006817	-0.003735	-0.864014	0.263916	-0.307617	0.638488	-0.189022	-0.738030	-0.109157
07540		9.648778	-0.742990	-1.600362	-0.000560	-0.007619	-0.003448	-0.861084	0.259033	-0.310791	0.638412	-0.189125	-0.738075	-0.109121
07541		9.650864	-0.748260	-1.586369	-0.000830	-0.005947	-0.002479	-0.866455	0.265869	-0.317871	0.638384	-0.189179	-0.738091	-0.109086
07542		9.654625	-0.757531	-1.603953	0.002771	-0.003211	-0.001376	-0.858887	0.270020	-0.312988	0.638427	-0.189285	-0.738033	-0.109037
07543		9.631148	-0.754740	-1.600320	0.006623	-0.004433	-0.001222	-0.866455	0.266113	-0.311035	0.638455	-0.189418	-0.737991	-0.108928
07544		9.648050	-0.779171	-1.582920	0.005134	-0.005741	-0.002196	-0.863770	0.264160	-0.308350	0.638429	-0.189501	-0.738004	-0.108848
07545		9.632659	-0.778493	-1.599932	0.000108	-0.005605	0.003420	-0.862549	0.270996	-0.312256	0.638390	-0.189652	-0.738012	-0.108761
07546		9.656084	-0.783043	-1.581874	-0.000695	-0.005611	0.002717	-0.872803	0.265381	-0.315674	0.638380	-0.189882	-0.737971	-0.108694
07547		9.649920	-0.769389	-1.558648	0.001911	-0.007076	0.004556	-0.865479	0.276611	-0.312988	0.638359	-0.190029	-0.737964	-0.108605
07548		9.636397	-0.755744	-1.595114	0.006330	-0.005703	0.004546	-0.862061	0.269531	-0.311035	0.638365	-0.190274	-0.737916	-0.108467
07549		9.635656	-0.774813	-1.609299	0.006996	-0.006688	0.004834	-0.866211	0.259521	-0.312744	0.638359	-0.190432	-0.737904	-0.108308
07550		9.646222	-0.766357	-1.602335	-0.000193	-0.004849	0.006222	-0.863281	0.263672	-0.309814	0.638355	-0.190531	-0.737896	-0.108212
07551		9.657233	-0.739906	-1.582543	-0.008312	-0.005375	0.004681	-0.864258	0.271973	-0.314453	0.638313	-0.190730	-0.737883	-0.108197
07552		9.659279	-0.746489	-1.568314	-0.010253	-0.004895	0.003130	-0.860840	0.270996	-0.307861	0.638299	-0.191021	-0.737816	-0.108226
07553		9.645771	-0.769412	-1.582574	-0.003108	-0.005629	0.000607	-0.866211	0.270752	-0.309326	0.638256	-0.191223	-0.737806	-0.108194
07554		9.651725	-0.785004	-1.584981	-0.009618	-0.006143	0.000470	-0.856934	0.274902	-0.316406	0.638189	-0.191463	-0.737795	-0.108234
07555		9.638635	-0.808292	-1.575562	-0.006249	-0.005841	-0.002904	-0.862793	0.276367	-0.309326	0.638202	-0.191696	-0.737719	-0.108267
07556		9.649004	-0.815057	-1.581355	0.004026	-0.004338	-0.004884	-0.862305	0.271484	-0.313965	0.638187	-0.191836	-0.737701	-0.108228
07557		9.639518	-0.827577	-1.622985	0.012502	-0.007041	-0.006832	-0.860352	0.271484	-0.307861	0.638198	-0.191834	-0.737708	-0.108120
07558		9.648797	-0.793484	-1.595186	0.006507	-0.007509	-0.010059	-0.865479	0.270264	-0.316650	0.638150	-0.191852	-0.737750	-0.108082
07559		9.642468	-0.794427	-1.585008	0.004534	-0.007946	-0.009776	-0.868408	0.269775	-0.302490	0.638139	-0.191868	-0.737756	-0.108077
07560		9.639612	-0.822608	-1.604104	0.016507	-0.007985	-0.012877	-0.864990	0.268066	-0.308350	0.638052	-0.191755	-0.737876	-0.107973
07561		9.652342	-0.815531	-1.605778	0.013399	-0.008591	-0.008657	-0.866943	0.267822	-0.308350	0.638006	-0.191690	-0.737949	-0.107863
07562		9.632664	-0.821618	-1.619460	0.010901	-0.007706	-0.003463	-0.863525	0.269531	-0.313477	0.637965	-0.191688	-0.738003	-0.107740
07563		9.635224	-0.790598	-1.603546	0.013710	-0.006344	-0.004885	-0.861328	0.271240	-0.316162	0.637984	-0.191669	-0.738011	-0.107607
07564		9.635062	-0.789923	-1.604852	0.015547	-0.006898	-0.005588	-0.859619	0.269043	-0.313477	0.638025	-0.191649	-0.738002	-0.107462
07565		9.643009	-0.790965	-1.626493	0.001008	-0.006505	-0.003180	-0.873779	0.268555	-0.314209	0.638023	-0.191744	-0.737984	-0.107426
07566		9.636568	-0.812469	-1.605238	-0.013301	-0.007330	0.001911	-0.863770	0.273438	-0.312744	0.637955	-0.191980	-0.737970	-0.107501
07567		9.642856	-0.848509	-1.573349	-0.016621	-0.008737	0.006423	-0.858154	0.273193	-0.303711	0.637890	-0.192348	-0.737923	-0.107556
07568		9.657624	-0.850490	-1.559863	-0.015872	-0.006254	0.007805	-0.861816	0.271973	-0.314209	0.637808	-0.192722	-0.737892	-0.107586
07569		9.616884	-0.862278	-1.657274	-0.008726	-0.006985	0.005267	-0.856689	0.272949	-0.312256	0.637793	-0.192984	-0.737838	-0.107577
07570		9.656484	-0.869545	-1.576289	-0.000237	-0.006745	-0.001495	-0.872803	0.267822	-0.314697	0.637792	-0.193127	-0.737807	-0.107536
07571		9.642940	-0.872954	-1.601933	0.004388	-0.008224	-0.003601	-0.866943	0.272461	-0.303955	0.637761	-0.193138	-0.737838	-0.107484
07572		9.625596	-0.866443	-1.610929	0.018803	-0.007323	-0.006448	-0.865479	0.277588	-0.310303	0.637717	-0.193072	-0.737918	-0.107319
07573		9.636380	-0.855746	-1.603926	0.024511	-0.006812	-0.007031	-0.865723	0.277832	-0.311035	0.637734	-0.193010	-0.737949	-0.107113
07574		9.631568	-0.861180	-1.625290	0.024444	-0.007343	-0.012936	-0.875732	0.271240	-0.310791	0.637742	-0.192897	-0.737995	-0.106954
07575		9.634267	-0.809851	-1.620300	0.015540	-0.006249	-0.010395	-0.869385	0.271973	-0.308105	0.637716	-0.192795	-0.738057	-0.106866
07576		9.628075	-0.829829	-1.598617	0.008741	-0.007383	-0.009525	-0.870605	0.275391	-0.308105	0.637664	-0.192774	-0.738114	-0.106822
07577		9.662322	-0.839401	-1.585231	0.005829	-0.005163	-0.008552	-0.858398	0.275146	-0.306885	0.637624	-0.192820	-0.738138	-0.106810
07578		9.651250	-0.810165	-1.616653	0.016959	-0.004748	-0.008734	-0.858398	0.269043	-0.310547	0.637637	-0.192783	-0.738155	-0.106679
07579		9.623510	-0.776249	-1.631505	0.015757	-0.005447	-0.010695	-0.870850	0.271240	-0.322998	0.637661	-0.192667	-0.738182	-0.106562
07580		9.637821	-0.791575	-1.653672	-0.002704	-0.005025	-0.009510	-0.864746	0.267334	-0.307129	0.637691	-0.192713	-0.738134	-0.106630
07581		9.638433	-0.808522	-1.619908	-0.017328	-0.003805	-0.011158	-0.863525	0.274170	-0.311279	0.637613	-0.192834	-0.738140	-0.106835
07582		9.640602	-0.847805	-1.607086	-0.012861	-0.003530	-0.010054	-0.862305	0.267090	-0.313232	0.637578	-0.193002	-0.738102	-0.106999
07583		9.636392	-0.853310	-1.604467	0.000883	-0.004565	-0.008406	-0.862305	0.270264	-0.308594	0.637586	-0.192994	-0.738097	-0.107006
07584		9.622631	-0.873275	-1.642143	0.002496	-0.004548	-0.007006	-0.858398	0.272949	-0.312500	0.637570	-0.193027	-0.738104	-0.106994
07585		9.638114	-0.835956	-1.626178	0.005411	-0.006765	-0.007984	-0.862305	0.271484	-0.313965	0.637573	-0.193058	-0.738099	-0.106952
07586		9.627433	-0.807717	-1.634000	0.003117	-0.004427	-0.007855	-0.860840	0.269531	-0.312500	0.637592	-0.193083	-0.738079	-0.106938
07587		9.635082	-0.825254	-1.668041	-0.010182	-0.003811	-0.007107	-0.864014	0.274414	-0.308838	0.637580	-0.193201	-0.738044	-0.107038
07588		9.642310	-0.821391	-1.633487	-0.016294	-0.004376	-0.012569	-0.865723	0.271973	-0.313232	0.637510	-0.193372	-0.738027	-0.107254
07589		9.644894	-0.823431	-1.618976	-0.006752	-0.003049	-0.015995	-0.864258	0.272217	-0.316406	0.637495	-0.193398	-0.738011	-0.107406
07590		9.638894	-0.877817	-1.598113	0.001063	-0.001092	-0.016463	-0.867432	0.275635	-0.312012	0.637539	-0.193354	-0.737973	-0.107489
07591		9.636537	-0.904566	-1.615543	0.011720	-0.001159	-0.017209	-0.867432	0.278809	-0.314697	0.637573	-0.193260	-0.737968	-0.107494
07592		9.635283	-0.878760	-1.594571	0.016162	-0.001792	-0.014268	-0.864990	0.278320	-0.303711	0.637630	-0.193190	-0.737945	-0.107436
07593		9.637149	-0.843677	-1.624769	0.015798	0.001444	-0.010776	-0.858887	0.273682	-0.309326	0.637662	-0.193164	-0.737934	-0.107368
07594		9.628789	-0.838628	-1.628200	0.006163	-0.001342	-0.011420	-0.865234	0.269043	-0.310059	0.637690	-0.193160	-0.737911	-0.107364
07595		9.630042	-0.837733	-1.580849	0.003216	-0.003057	-0.015198	-0.861816	0.271729	-0.310791	0.637680	-0.193094	-0.737930	-0.107417
07596		9.638889	-0.836881	-1.577603	0.012139	-0.001843	-0.017784	-0.870850	0.274414	-0.313965	0.637711	-0.192962	-0.737939	-0.107408
07597		9.640230	-0.854963	-1.622546	0.018839	-0.001414	-0.016130	-0.869141	0.269531	-0.306641	0.637761	-0.192812	-0.737945	-0.107343
07598		9.645258	-0.844703	-1.602406	0.023140	-0.002391	-0.018401	-0.860107	0.276367	-0.312988	0.637771	-0.192571	-0.738012	-0.107253
07599		9.645647	-0.804640	-1.601106	0.022464	-0.003697	-0.018676	-0.863770	0.274658	-0.304199	0.637822	-0.192406	-0.738025	-0.107155
07600		9.639786	-0.803569	-1.589604	0.014365	-0.003354	-0.022027	-0.861084	0.275635	-0.311279	0.637794	-0.192270	-0.738081	-0.107176
07601		9.637787	-0.812029	-1.594777	0.007601	-0.004239	-0.018184	-0.866211	0.269043	-0.309570	0.637793	-0.192230	-0.738087	-0.107216
07602		9.648547	-0.815415	-1.600217	0.005991	-0.004264	-0.019588	-0.866455	0.271973	-0.311279	0.637765	-0.192121	-0.738130	-0.107281
07603		9.636243	-0.835209	-1.589646	0.013784	-0.003200	-0.018234	-0.873047	0.264893	-0.317139	0.637777	-0.191991	-0.738155	-0.107270
07604		9.642896	-0.810580	-1.589440	0.018741	-0.003778	-0.018402	-0.874512	0.264648	-0.311035	0.637814	-0.191739	-0.738199	-0.107204
07605		9.635931	-0.771517	-1.624163	0.020380	-0.002841	-0.018849	-0.867920	0.270264	-0.311279	0.637824	-0.191477	-0.738267	-0.107140
07606		9.647243	-0.776023	-1.605607	0.007087	-0.005937	-0.019874	-0.863770	0.273682	-0.307617	0.637788	-0.191382	-0.738314	-0.107199
07607		9.638812	-0.768867	-1.610294	0.002320	-0.003183	-0.018183	-0.864990	0.270020	-0.313965	0.637757	-0.191382	-0.738326	-0.107301
07608		9.632926	-0.804204	-1.600685	-0.001287	-0.004569	-0.017445	-0.869385	0.263672	-0.306641	0.637739	-0.191372	-0.738328	-0.107412
07609		9.649786	-0.804618	-1.618167	-0.000685	-0.003071	-0.016478	-0.863037	0.274170	-0.311035	0.637688	-0.191310	-0.738373	-0.107521
07610		9.630786	-0.790296	-1.618098	0.008424	-0.004229	-0.017513	-0.863770	0.269775	-0.311523	0.637684	-0.191273	-0.738380	-0.107554
07611		9.659325	-0.800759	-1.592283	0.007989	-0.004457	-0.015112	-0.869385	0.274658	-0.306641	0.637682	-0.191216	-0.738395	-0.107563
07612		9.633625	-0.789070	-1.604007	0.009026	-0.002730	-0.016550	-0.868896	0.272705	-0.317627	0.637658	-0.191191	-0.738416	-0.107608
07613		9.647185	-0.781117	-1.580694	0.009028	-0.002731	-0.016553	-0.865479	0.271729	-0.312500	0.637694	-0.191132	-0.738397	-0.107630
07614		9.634443	-0.746359	-1.579997	0.008747	-0.005629	-0.015536	-0.871094	0.261963	-0.320801	0.637684	-0.191089	-0.738416	-0.107640
07615		9.656708	-0.743458	-1.633516	0.005685	-0.004420	-0.014966	-0.876221	0.268799	-0.313477	0.637711	-0.190963	-0.738423	-0.107654
07616		9.638772	-0.785646	-1.599551	-0.003612	-0.000880	-0.015506	-0.872803	0.265137	-0.313721	0.637697	-0.190979	-0.738410	-0.107801
07617		9.647425	-0.802831	-1.608766	-0.001967	-0.000570	-0.011142	-0.864746	0.267090	-0.315918	0.637704	-0.190988	-0.738388	-0.107886
07618		9.667682	-0.793635	-1.572954	0.006727	0.001254	-0.011645	-0.867188	0.267578	-0.312988	0.637778	-0.190940	-0.738338	-0.107884
07619		9.652270	-0.771965	-1.599287	0.003381	0.001850	-0.010075	-0.866211	0.271240	-0.312988	0.637829	-0.190941	-0.738289	-0.107913
07620		9.637423	-0.751089	-1.601861	0.000213	0.000683	-0.011738	-0.868164	0.270020	-0.313477	0.637860	-0.190990	-0.738239	-0.107987
07621		9.646407	-0.787517	-1.600038	0.000559	-0.004380	-0.011548	-0.864258	0.271973	-0.316650	0.637844	-0.191031	-0.738233	-0.108045
07622		9.639605	-0.804657	-1.625653	0.000637	-0.004572	-0.012255	-0.863281	0.275391	-0.318604	0.637850	-0.191080	-0.738207	-0.108100
07623		9.635768	-0.791936	-1.610102	-0.001339	-0.002738	-0.011978	-0.866699	0.269287	-0.309326	0.637881	-0.191175	-0.738145	-0.108176
07624		9.657874	-0.787264	-1.583349	0.001933	-0.003141	-0.012847	-0.871094	0.266846	-0.312744	0.637860	-0.191189	-0.738151	-0.108237
07625		9.634456	-0.800229	-1.591952	0.011206	-0.003002	-0.010512	-0.866211	0.266357	-0.309570	0.637873	-0.191122	-0.738163	-0.108193
07626		9.655909	-0.795431	-1.589076	0.013806	-0.004713	-0.011646	-0.861816	0.264648	-0.312012	0.637870	-0.191028	-0.738200	-0.108126
07627		9.649024	-0.758731	-1.600429	0.011235	-0.004382	-0.012341	-0.860840	0.265869	-0.318115	0.637883	-0.190932	-0.738221	-0.108073
07628		9.638711	-0.785021	-1.598411	0.002543	-0.006218	-0.011834	-0.869629	0.268555	-0.308350	0.637893	-0.190917	-0.738215	-0.108083
07629		9.649308	-0.790249	-1.604197	-0.003221	-0.004020	-0.007571	-0.869385	0.265381	-0.313477	0.637847	-0.191020	-0.738217	-0.108156
07630		9.660573	-0.796857	-1.585517	0.005133	-0.001693	-0.008226	-0.860352	0.271729	-0.315186	0.637869	-0.191008	-0.738203	-0.108145
07631		9.645508	-0.776670	-1.588781	0.014065	-0.002719	-0.010832	-0.862061	0.260742	-0.313477	0.637926	-0.190963	-0.738177	-0.108065
07632		9.662546	-0.743504	-1.580695	0.012230	-0.004466	-0.010094	-0.865723	0.270996	-0.318115	0.637950	-0.190843	-0.738200	-0.107975
07633		9.653785	-0.756564	-1.597769	-0.001849	-0.002784	-0.008869	-0.867188	0.276855	-0.317383	0.637974	-0.190930	-0.738149	-0.108028
07634		9.651132	-0.765992	-1.626825	-0.010656	-0.002428	-0.010643	-0.868652	0.264404	-0.308594	0.637971	-0.191122	-0.738078	-0.108193
07635		9.641444	-0.810403	-1.613249	-0.009539	-0.003179	-0.012769	-0.863037	0.265381	-0.316650	0.637913	-0.191187	-0.738087	-0.108358
07636		9.648238	-0.804741	-1.602389	-0.002732	-0.004271	-0.013662	-0.865234	0.265869	-0.315186	0.637913	-0.191189	-0.738075	-0.108442
07637		9.644796	-0.828132	-1.588155	0.002221	-0.002535	-0.013863	-0.864014	0.271973	-0.314941	0.637928	-0.191154	-0.738063	-0.108492
07638		9.651665	-0.822838	-1.576700	0.006349	-0.001725	-0.012915	-0.876709	0.274658	-0.307617	0.637964	-0.191148	-0.738032	-0.108509
07639		9.647134	-0.827084	-1.597263	0.013031	-0.003809	-0.014224	-0.866455	0.268799	-0.311035	0.637932	-0.191110	-0.738069	-0.108511
07640		9.638733	-0.803447	-1.589091	0.004827	-0.004245	-0.015004	-0.871094	0.260986	-0.307617	0.637913	-0.191079	-0.738086	-0.108559
07641		9.649374	-0.825712	-1.607130	0.003090	-0.003618	-0.012024	-0.869385	0.271484	-0.309814	0.637874	-0.191024	-0.738128	-0.108599
07642		9.636832	-0.810643	-1.595276	0.004577	-0.004574	-0.011037	-0.857666	0.268555	-0.312988	0.637845	-0.191059	-0.738139	-0.108630
07643		9.648189	-0.816340	-1.576824	0.010181	-0.004092	-0.013924	-0.867920	0.263672	-0.311035	0.637870	-0.190995	-0.738139	-0.108600
07644		9.660462	-0.789370	-1.589122	0.018760	-0.005520	-0.014836	-0.870850	0.261719	-0.310059	0.637870	-0.190813	-0.738199	-0.108506
07645		9.661973	-0.772621	-1.609575	0.016188	-0.005197	-0.015530	-0.859863	0.266602	-0.313721	0.637856	-0.190630	-0.738268	-0.108445
07646		9.642665	-0.776925	-1.622398	0.006555	-0.005786	-0.016149	-0.867188	0.272461	-0.312256	0.637852	-0.190562	-0.738286	-0.108461
07647		9.637292	-0.795143	-1.600289	0.004710	-0.005249	-0.015432	-0.865234	0.264404	-0.307617	0.637829	-0.190568	-0.738297	-0.108520
07648		9.639925	-0.815409	-1.598430	0.005237	-0.005838	-0.013732	-0.864014	0.263184	-0.312744	0.637785	-0.190524	-0.738342	-0.108546
07649		9.638052	-0.790024	-1.578737	0.010015	-0.004611	-0.010674	-0.868408	0.265625	-0.310059	0.637795	-0.190450	-0.738360	-0.108491
07650		9.653631	-0.736923	-1.606336	0.017528	-0.005759	-0.013145	-0.864014	0.266846	-0.320557	0.637788	-0.190320	-0.738413	-0.108403
07651		9.638304	-0.733885	-1.622940	0.011836	-0.005435	-0.014373	-0.868896	0.264160	-0.314453	0.637827	-0.190219	-0.738413	-0.108348
07652		9.643047	-0.741164	-1.616363	0.003350	-0.003307	-0.016018	-0.869873	0.263184	-0.312744	0.637825	-0.190156	-0.738423	-0.108408
07653		9.656009	-0.713755	-1.604580	-0.002405	-0.001888	-0.018391	-0.873779	0.268311	-0.306885	0.637808	-0.190110	-0.738428	-0.108547
07654		9.650144	-0.730250	-1.605963	-0.006748	-0.004419	-0.017186	-0.868164	0.272461	-0.316895	0.637725	-0.190168	-0.738456	-0.108745
07655		9.647518	-0.789095	-1.593140	-0.006624	-0.003422	-0.016777	-0.865479	0.258545	-0.315430	0.637710	-0.190247	-0.738423	-0.108916
07656		9.658382	-0.792539	-1.598510	0.001585	-0.002962	-0.016015	-0.867432	0.265137	-0.307617	0.637719	-0.190152	-0.738432	-0.108972
07657		9.650562	-0.804886	-1.591464	0.002051	-0.002453	-0.015460	-0.863281	0.263672	-0.320801	0.637693	-0.190129	-0.738447	-0.109059
07658		9.640056	-0.811865	-1.600067	0.007204	-0.003086	-0.014088	-0.862793	0.268311	-0.316162	0.637747	-0.190042	-0.738426	-0.109042
07659		9.635529	-0.779920	-1.595922	0.005769	-0.005807	-0.016883	-0.872314	0.266357	-0.308838	0.637746	-0.189994	-0.738434	-0.109076
07660		9.646364	-0.765473	-1.588992	0.006872	-0.004271	-0.019045	-0.867676	0.269043	-0.310303	0.637707	-0.189911	-0.738478	-0.109151
07661		9.661241	-0.778551	-1.610760	0.009650	-0.003783	-0.018657	-0.859131	0.263916	-0.314453	0.637695	-0.189832	-0.738502	-0.109194
07662		9.632103	-0.775427	-1.594740	0.018598	-0.004767	-0.021301	-0.863281	0.265137	-0.315430	0.637727	-0.189612	-0.738539	-0.109137
07663		9.648992	-0.757412	-1.599577	0.017795	-0.004792	-0.022009	-0.867188	0.260010	-0.313965	0.637753	-0.189402	-0.738576	-0.109101
07664		9.640487	-0.732350	-1.591620	0.005611	-0.004814	-0.020319	-0.862793	0.271484	-0.311279	0.637737	-0.189267	-0.738616	-0.109163
07665		9.642147	-0.782984	-1.582574	-0.004420	-0.004472	-0.017374	-0.872559	0.256348	-0.304932	0.637701	-0.189342	-0.738604	-0.109322
07666		9.651753	-0.818620	-1.580977	0.004043	-0.002610	-0.010955	-0.873779	0.274170	-0.315186	0.637663	-0.189290	-0.738645	-0.109351
07667		9.642379	-0.795465	-1.596600	0.018516	-0.004404	-0.009108	-0.873779	0.266602	-0.312500	0.637692	-0.189270	-0.738641	-0.109247
07668		9.659436	-0.712292	-1.607214	0.020911	-0.004617	-0.009990	-0.865234	0.262695	-0.316406	0.637710	-0.189166	-0.738672	-0.109115
07669		9.659415	-0.692311	-1.595470	0.015995	-0.004580	-0.013491	-0.875000	0.266602	-0.309326	0.637745	-0.189034	-0.738689	-0.109025
07670		9.645364	-0.693324	-1.644092	0.000924	-0.005204	-0.014446	-0.877441	0.267334	-0.311279	0.637687	-0.189057	-0.738718	-0.109123
07671		9.647720	-0.727201	-1.598704	-0.006571	-0.004860	-0.018629	-0.857910	0.257080	-0.315430	0.637614	-0.189102	-0.738740	-0.109325
07672		9.661403	-0.753655	-1.601052	0.003810	-0.003101	-0.018493	-0.859863	0.263428	-0.312256	0.637637	-0.188979	-0.738746	-0.109369
07673		9.653684	-0.747547	-1.581293	0.014773	-0.002409	-0.020343	-0.865234	0.265625	-0.308350	0.637671	-0.188810	-0.738761	-0.109357
07674		9.653994	-0.761601	-1.594202	0.020461	-0.003606	-0.017273	-0.865234	0.267334	-0.314697	0.637684	-0.188651	-0.738800	-0.109288
07675		9.647782	-0.710255	-1.625117	0.008972	-0.003722	-0.017135	-0.865723	0.255127	-0.309814	0.637697	-0.188590	-0.738800	-0.109315
07676		9.636187	-0.748615	-1.626811	-0.000985	-0.003589	-0.014882	-0.866455	0.258789	-0.311768	0.637669	-0.188538	-0.738826	-0.109395
07677		9.635859	-0.759582	-1.584189	0.000629	-0.003533	-0.013481	-0.860596	0.270508	-0.303711	0.637654	-0.188514	-0.738836	-0.109456
07678		9.669280	-0.747095	-1.605385	0.006657	-0.001124	-0.014017	-0.869629	0.257324	-0.312744	0.637650	-0.188548	-0.738823	-0.109516
07679		9.662522	-0.710976	-1.592623	0.007599	-0.003283	-0.011013	-0.872314	0.265381	-0.312012	0.637656	-0.188476	-0.738840	-0.109490
07680		9.655844	-0.692719	-1.592459	0.007970	-0.001971	-0.014596	-0.874756	0.260742	-0.319092	0.637662	-0.188434	-0.738840	-0.109522
07681		9.658111	-0.712286	-1.613776	0.002486	-0.004065	-0.014216	-0.864990	0.262695	-0.312744	0.637663	-0.188391	-0.738843	-0.109570
07682		9.655923	-0.736273	-1.575338	-0.008310	-0.001683	-0.012686	-0.863037	0.262451	-0.312500	0.637652	-0.188477	-0.738808	-0.109720
07683		9.652176	-0.741042	-1.571940	0.000949	-0.001734	-0.013376	-0.868896	0.253906	-0.312012	0.637664	-0.188482	-0.738787	-0.109787
07684		9.648498	-0.764175	-1.581233	0.006059	-0.004431	-0.011271	-0.860840	0.262207	-0.312744	0.637654	-0.188398	-0.738820	-0.109767
07685		9.663086	-0.743228	-1.577880	0.012776	-0.002984	-0.011522	-0.862793	0.260254	-0.309082	0.637689	-0.188327	-0.738817	-0.109703
07686		9.642082	-0.711542	-1.612885	0.011589	-0.003723	-0.013493	-0.866211	0.263672	-0.308838	0.637693	-0.188239	-0.738841	-0.109671
07687		9.653796	-0.734683	-1.606841	0.003563	-0.004328	-0.012669	-0.862549	0.263672	-0.312744	0.637666	-0.188252	-0.738854	-0.109720
07688		9.665702	-0.776048	-1.612969	0.014865	-0.001511	-0.011435	-0.860352	0.273193	-0.317871	0.637717	-0.188177	-0.738840	-0.109648
07689		9.652911	-0.743438	-1.588082	0.015256	-0.003385	-0.013128	-0.863281	0.259521	-0.305420	0.637774	-0.188156	-0.738803	-0.109597
07690		9.654620	-0.691980	-1.559126	0.005538	-0.000377	-0.011899	-0.870361	0.256836	-0.309326	0.637779	-0.188129	-0.738802	-0.109622
07691		9.646952	-0.705285	-1.551801	0.001794	-0.004003	-0.012655	-0.864990	0.264404	-0.309814	0.637745	-0.188098	-0.738832	-0.109671
07692		9.653258	-0.735232	-1.589790	0.001438	-0.004416	-0.010935	-0.872314	0.262695	-0.317139	0.637721	-0.188152	-0.738831	-0.109726
07693		9.636970	-0.764009	-1.599131	-0.002835	-0.003984	-0.012309	-0.866699	0.262207	-0.311035	0.637707	-0.188195	-0.738818	-0.109819
07694		9.650564	-0.774173	-1.589073	0.001244	-0.005219	-0.010639	-0.866211	0.259033	-0.315430	0.637678	-0.188232	-0.738827	-0.109863
07695		9.656324	-0.750810	-1.589684	0.009653	-0.003896	-0.010205	-0.872314	0.261719	-0.305420	0.637701	-0.188169	-0.738831	-0.109808
07696		9.657303	-0.717024	-1.597369	0.012982	-0.002173	-0.011846	-0.869629	0.261230	-0.308105	0.637693	-0.188101	-0.738861	-0.109777
07697		9.648533	-0.694300	-1.588735	0.015494	-0.001378	-0.012324	-0.866943	0.255615	-0.313965	0.637713	-0.188001	-0.738878	-0.109718
07698		9.646752	-0.704502	-1.593851	0.003772	-0.007015	-0.014076	-0.867676	0.267090	-0.313721	0.637680	-0.187930	-0.738921	-0.109734
07699		9.645141	-0.732253	-1.611786	-0.002637	-0.003190	-0.012613	-0.866699	0.264648	-0.306152	0.637667	-0.188015	-0.738894	-0.109847
07700		9.658625	-0.724255	-1.588930	0.003689	-0.003336	-0.012276	-0.862305	0.260986	-0.308350	0.637639	-0.188047	-0.738902	-0.109907
07701		9.665426	-0.718889	-1.577761	0.010372	-0.003069	-0.013663	-0.854980	0.266113	-0.308838	0.637643	-0.187981	-0.738917	-0.109895
07702		9.652931	-0.721788	-1.578101	0.012414	-0.003684	-0.012830	-0.867920	0.266113	-0.308838	0.637661	-0.187954	-0.738911	-0.109869
07703		9.649392	-0.745357	-1.587071	0.008816	-0.001639	-0.010953	-0.866455	0.261475	-0.318848	0.637671	-0.187964	-0.738899	-0.109876
07704		9.656217	-0.708193	-1.606833	0.003612	-0.003144	-0.011569	-0.864502	0.263916	-0.310547	0.637698	-0.187956	-0.738875	-0.109896
07705		9.639590	-0.701450	-1.591019	-0.003692	-0.003538	-0.009315	-0.865723	0.263916	-0.312988	0.637676	-0.188063	-0.738853	-0.109987
07706		9.664038	-0.719265	-1.585105	-0.001528	-0.002257	-0.009937	-0.865723	0.256348	-0.308594	0.637678	-0.188140	-0.738820	-0.110063
07707		9.645648	-0.725621	-1.573248	0.001329	-0.001942	-0.010271	-0.860107	0.266113	-0.313721	0.637672	-0.188134	-0.738823	-0.110094
07708		9.657336	-0.730981	-1.554417	0.000951	-0.002654	-0.011541	-0.863770	0.255615	-0.306396	0.637686	-0.188197	-0.738784	-0.110162
07709		9.644009	-0.733819	-1.578696	0.010392	-0.003658	-0.008815	-0.865967	0.266846	-0.311279	0.637682	-0.188132	-0.738815	-0.110094
07710		9.656819	-0.744790	-1.592120	0.005161	-0.003473	-0.004598	-0.862793	0.258301	-0.310303	0.637688	-0.188234	-0.738786	-0.110078
07711		9.641946	-0.726205	-1.571876	0.001781	-0.002321	-0.007848	-0.871094	0.265625	-0.317871	0.637694	-0.188261	-0.738773	-0.110087
07712		9.651684	-0.713463	-1.588571	0.005324	-0.003865	-0.006024	-0.871582	0.254639	-0.312744	0.637714	-0.188322	-0.738743	-0.110065
07713		9.644954	-0.714305	-1.601344	0.009016	-0.005209	-0.010491	-0.862305	0.268555	-0.321533	0.637703	-0.188229	-0.738785	-0.110008
07714		9.652774	-0.727894	-1.578766	0.008983	-0.002028	-0.012395	-0.871826	0.266846	-0.309570	0.637768	-0.188223	-0.738730	-0.110006
07715		9.661596	-0.728079	-1.575661	0.008080	-0.003654	-0.008645	-0.860840	0.257812	-0.314453	0.637757	-0.188261	-0.738731	-0.110001
07716		9.647927	-0.713477	-1.587764	0.011521	-0.005302	-0.009105	-0.870605	0.269043	-0.313232	0.637776	-0.188193	-0.738745	-0.109913
07717		9.661551	-0.724649	-1.577521	0.006030	-0.003938	-0.007611	-0.866211	0.258789	-0.305908	0.637775	-0.188270	-0.738725	-0.109919
07718		9.646047	-0.723390	-1.593967	-0.000927	-0.004823	-0.005200	-0.862061	0.258545	-0.307861	0.637732	-0.188354	-0.738738	-0.109937
07719		9.648765	-0.727949	-1.579598	-0.001209	-0.006324	-0.002316	-0.873535	0.263184	-0.304688	0.637693	-0.188466	-0.738745	-0.109925
07720		9.647876	-0.759167	-1.573670	0.003373	-0.004935	-0.000840	-0.865723	0.263916	-0.305664	0.637649	-0.188587	-0.738758	-0.109891
07721		9.659212	-0.735230	-1.586261	0.011272	-0.002709	0.000856	-0.871338	0.264648	-0.311035	0.637663	-0.188666	-0.738743	-0.109772
07722		9.660021	-0.722339	-1.606484	0.017572	-0.004038	0.000056	-0.859131	0.259521	-0.309570	0.637690	-0.188681	-0.738742	-0.109594
07723		9.650888	-0.702191	-1.598396	0.007586	-0.003368	-0.002505	-0.869873	0.265137	-0.306396	0.637711	-0.188718	-0.738728	-0.109505
07724		9.660834	-0.740604	-1.596784	0.003855	-0.007010	-0.003246	-0.860840	0.264893	-0.316162	0.637658	-0.188826	-0.738750	-0.109482
07725		9.644282	-0.753649	-1.593772	0.006402	-0.004119	-0.004476	-0.868652	0.261475	-0.311768	0.637689	-0.188887	-0.738715	-0.109430
07726		9.657881	-0.765527	-1.583487	0.010658	-0.004839	-0.006110	-0.870850	0.264404	-0.315674	0.637692	-0.188870	-0.738729	-0.109345
07727		9.655775	-0.759529	-1.576224	0.013517	-0.004520	-0.006452	-0.872070	0.262451	-0.311768	0.637716	-0.188844	-0.738730	-0.109244
07728		9.639375	-0.771741	-1.572743	0.016167	-0.004420	-0.011361	-0.869629	0.259521	-0.310303	0.637723	-0.188740	-0.738764	-0.109156
07729		9.656843	-0.775328	-1.566284	0.017098	-0.004858	-0.003512	-0.868164	0.261230	-0.312500	0.637737	-0.188682	-0.738792	-0.108985
07730		9.646844	-0.754439	-1.582249	0.022543	-0.004826	-0.003184	-0.855957	0.259033	-0.315186	0.637775	-0.188595	-0.738813	-0.108764
07731		9.655168	-0.739115	-1.567146	0.013726	-0.005191	-0.000022	-0.868408	0.260010	-0.306641	0.637823	-0.188595	-0.738800	-0.108579
07732		9.656739	-0.726628	-1.563970	0.008120	-0.004828	0.001073	-0.865479	0.266357	-0.312012	0.637809	-0.188661	-0.738812	-0.108464
07733		9.643096	-0.732230	-1.588633	0.003646	-0.005220	0.000017	-0.861084	0.263428	-0.312256	0.637804	-0.188799	-0.738788	-0.108413
07734		9.655443	-0.726556	-1.590323	-0.001990	-0.006056	-0.000009	-0.869141	0.267090	-0.314453	0.637786	-0.188958	-0.738765	-0.108397
07735		9.657297	-0.731292	-1.599679	0.000986	-0.003846	-0.001815	-0.867188	0.265137	-0.315430	0.637790	-0.189093	-0.738729	-0.108387
07736		9.665110	-0.746521	-1.576865	0.007441	-0.001194	-0.004836	-0.861816	0.262451	-0.308105	0.637836	-0.189126	-0.738688	-0.108335
07737		9.654579	-0.756109	-1.585170	0.002123	-0.003713	-0.005841	-0.871582	0.260986	-0.314697	0.637824	-0.189189	-0.738682	-0.108334
07738		9.638414	-0.786706	-1.594027	-0.002675	-0.003313	-0.004043	-0.869629	0.256348	-0.314453	0.637819	-0.189274	-0.738663	-0.108348
07739		9.653170	-0.816984	-1.572274	0.000149	-0.005083	-0.003639	-0.860840	0.266846	-0.309326	0.637807	-0.189305	-0.738672	-0.108306
07740		9.646989	-0.787677	-1.592194	0.012259	-0.002171	-0.001768	-0.873047	0.269287	-0.308350	0.637845	-0.189355	-0.738642	-0.108199
07741		9.649815	-0.793184	-1.576968	0.013736	-0.004299	-0.001906	-0.863281	0.270996	-0.311768	0.637845	-0.189406	-0.738645	-0.108090
07742		9.631904	-0.770501	-1.572672	0.010529	-0.004136	-0.001706	-0.869629	0.270264	-0.316406	0.637866	-0.189498	-0.738615	-0.108007
07743		9.654236	-0.771798	-1.602253	0.012227	-0.004260	-0.001023	-0.866699	0.266357	-0.319824	0.637899	-0.189563	-0.738587	-0.107892
07744		9.654072	-0.772218	-1.603043	0.011525	-0.004184	0.000561	-0.868652	0.266357	-0.308105	0.637950	-0.189611	-0.738551	-0.107745
07745		9.650092	-0.780678	-1.599909	0.015866	-0.005105	-0.001798	-0.874268	0.273438	-0.313965	0.637953	-0.189620	-0.738568	-0.107596
07746		9.640053	-0.773898	-1.572288	0.007782	-0.003455	-0.000953	-0.864014	0.269531	-0.313965	0.637966	-0.189742	-0.738534	-0.107542
07747		9.640002	-0.773722	-1.572687	0.003451	-0.000759	-0.002343	-0.865479	0.270264	-0.313721	0.638007	-0.189856	-0.738472	-0.107524
07748		9.641999	-0.778309	-1.581232	0.004387	-0.003208	-0.002321	-0.866455	0.271484	-0.313965	0.638024	-0.189970	-0.738432	-0.107494
07749		9.636569	-0.816937	-1.594610	0.007456	-0.005573	-0.004058	-0.865967	0.268555	-0.316162	0.638023	-0.190054	-0.738417	-0.107449
07750		9.643204	-0.813692	-1.583752	0.008218	-0.003249	-0.003399	-0.867920	0.265869	-0.311279	0.638056	-0.190107	-0.738386	-0.107380
07751		9.644930	-0.800101	-1.580164	0.006979	-0.002605	-0.003529	-0.861816	0.270020	-0.315918	0.638071	-0.190150	-0.738371	-0.107320
07752		9.649370	-0.773810	-1.548323	0.004422	-0.001120	-0.003074	-0.862061	0.268066	-0.307129	0.638119	-0.190247	-0.738308	-0.107293
07753		9.640525	-0.771192	-1.552585	0.006594	-0.005098	-0.001048	-0.866455	0.271484	-0.321045	0.638106	-0.190344	-0.738304	-0.107225
07754		9.637622	-0.783627	-1.582100	-0.007543	-0.007096	-0.000726	-0.867432	0.269531	-0.306641	0.638085	-0.190565	-0.738258	-0.107275
07755		9.654582	-0.837060	-1.581467	-0.002390	-0.007092	-0.004264	-0.862305	0.270752	-0.306396	0.638019	-0.190710	-0.738271	-0.107316
07756		9.645117	-0.865619	-1.578557	0.007818	-0.001365	-0.001711	-0.863037	0.264404	-0.310547	0.638040	-0.190803	-0.738237	-0.107261
07757		9.650325	-0.812529	-1.610036	0.014666	-0.002371	-0.002694	-0.856934	0.272705	-0.312256	0.638082	-0.190774	-0.738231	-0.107111
07758		9.635642	-0.813073	-1.602167	0.009617	-0.005176	-0.002829	-0.868164	0.264893	-0.312256	0.638098	-0.190858	-0.738205	-0.107037
07759		9.656249	-0.840746	-1.592481	0.007029	-0.004893	-0.003495	-0.853516	0.279541	-0.318359	0.638096	-0.190882	-0.738213	-0.106958
07760		9.636638	-0.830245	-1.592312	0.008303	-0.002563	-0.005995	-0.866699	0.263428	-0.306885	0.638155	-0.190991	-0.738134	-0.106949
07761		9.650163	-0.823860	-1.569130	0.019014	-0.002406	-0.006941	-0.866943	0.274414	-0.319336	0.638182	-0.190878	-0.738163	-0.106791
07762		9.632987	-0.836285	-1.588505	0.020478	-0.000158	-0.007874	-0.860840	0.272705	-0.309814	0.638274	-0.190815	-0.738117	-0.106667
07763		9.648883	-0.852834	-1.585293	0.014108	-0.002123	-0.007419	-0.873047	0.270996	-0.314697	0.638308	-0.190813	-0.738099	-0.106599
07764		9.643691	-0.823104	-1.581007	0.015430	-0.002966	-0.008007	-0.870361	0.266846	-0.316406	0.638336	-0.190767	-0.738099	-0.106508
07765		9.634152	-0.833028	-1.565091	0.017241	-0.002085	-0.006921	-0.867920	0.264404	-0.317871	0.638389	-0.190682	-0.738096	-0.106371
07766		9.641972	-0.834345	-1.585832	0.017749	-0.004734	-0.004454	-0.867676	0.268311	-0.315674	0.638429	-0.190602	-0.738108	-0.106190
07767		9.636663	-0.805518	-1.581739	0.005234	-0.001083	-0.002386	-0.863281	0.268066	-0.302490	0.638468	-0.190669	-0.738064	-0.106139
07768		9.650966	-0.786174	-1.578359	-0.003078	-0.001444	-0.002337	-0.859375	0.269531	-0.313477	0.638443	-0.190819	-0.738041	-0.106179
07769		9.664744	-0.798207	-1.567343	-0.001538	-0.000281	-0.002107	-0.865967	0.271729	-0.311279	0.638478	-0.190957	-0.737973	-0.106196
07770		9.646409	-0.805768	-1.555230	0.004341	-0.003851	-0.008326	-0.861816	0.265381	-0.316406	0.638467	-0.191008	-0.737966	-0.106213
07771		9.640758	-0.811483	-1.599816	-0.008746	-0.002609	-0.005338	-0.873047	0.271973	-0.310303	0.638465	-0.191137	-0.737923	-0.106291
07772		9.637898	-0.818317	-1.572832	-0.018380	-0.003013	-0.002829	-0.860107	0.271973	-0.312744	0.638403	-0.191414	-0.737878	-0.106480
07773		9.647647	-0.887318	-1.562930	-0.007367	-0.001044	-0.003682	-0.857422	0.270996	-0.309814	0.638410	-0.191598	-0.737811	-0.106570
07774		9.638431	-0.915375	-1.559125	0.010039	-0.000595	-0.006080	-0.863770	0.272461	-0.309082	0.638454	-0.191616	-0.737776	-0.106518
07775		9.652601	-0.877004	-1.543071	0.019917	-0.000791	-0.010735	-0.861816	0.275879	-0.311523	0.638502	-0.191520	-0.737774	-0.106421
07776		9.656268	-0.849207	-1.534665	0.034007	-0.002068	-0.011464	-0.854980	0.280273	-0.306885	0.638581	-0.191332	-0.737784	-0.106209
07777		9.643728	-0.839825	-1.577745	0.043812	-0.002947	-0.013546	-0.864746	0.274170	-0.316895	0.638665	-0.191096	-0.737810	-0.105952
07778		9.636056	-0.835722	-1.557612	0.022707	-0.004089	-0.014481	-0.869385	0.271973	-0.312500	0.638707	-0.190957	-0.737824	-0.105853
07779		9.645756	-0.822019	-1.574362	0.018607	-0.003772	-0.014254	-0.865234	0.267334	-0.313232	0.638721	-0.190836	-0.737853	-0.105785
07780		9.660669	-0.832257	-1.539582	0.024604	-0.003405	-0.014122	-0.869873	0.270264	-0.320557	0.638762	-0.190635	-0.737890	-0.105639
07781		9.658158	-0.842530	-1.567884	0.025661	-0.003969	-0.015576	-0.853027	0.270020	-0.311523	0.638815	-0.190428	-0.737917	-0.105501
07782		9.645152	-0.809068	-1.543671	0.024397	-0.004536	-0.016831	-0.867432	0.272705	-0.316650	0.638851	-0.190244	-0.737950	-0.105394
07783		9.647614	-0.829483	-1.564759	0.011541	-0.005669	-0.012201	-0.867432	0.279785	-0.315186	0.638848	-0.190212	-0.737962	-0.105375
07784		9.645881	-0.840399	-1.570095	0.000655	-0.006319	-0.007910	-0.870361	0.270996	-0.316650	0.638813	-0.190366	-0.737941	-0.105459
07785		9.630191	-0.839071	-1.587361	-0.004124	-0.009416	-0.007156	-0.863281	0.265137	-0.319336	0.638742	-0.190495	-0.737959	-0.105527
07786		9.651551	-0.852144	-1.598902	0.015489	-0.012911	-0.007571	-0.862061	0.269531	-0.311523	0.638705	-0.190425	-0.738031	-0.105376
07787		9.682814	-0.817851	-1.578234	0.022135	-0.008579	-0.012848	-0.861572	0.266113	-0.318115	0.638692	-0.190288	-0.738096	-0.105246
07788		9.643540	-0.796167	-1.578045	0.019004	-0.007751	-0.015229	-0.862305	0.271973	-0.316406	0.638699	-0.190124	-0.738148	-0.105142
07789		9.647622	-0.803101	-1.595775	0.017467	-0.008043	-0.017340	-0.862793	0.260986	-0.315918	0.638689	-0.190001	-0.738193	-0.105101
07790		9.652396	-0.840971	-1.581913	0.010391	-0.008188	-0.019024	-0.866943	0.263672	-0.311523	0.638658	-0.189836	-0.738265	-0.105085
07791		9.625792	-0.811707	-1.582123	0.001849	-0.005003	-0.019447	-0.863525	0.269287	-0.315674	0.638616	-0.189754	-0.738309	-0.105180
07792		9.650277	-0.808863	-1.564709	-0.009062	-0.006870	-0.016258	-0.865967	0.263428	-0.313721	0.638552	-0.189835	-0.738317	-0.105369
07793		9.642064	-0.865495	-1.529888	0.007979	-0.002407	-0.017804	-0.868896	0.265625	-0.312500	0.638560	-0.189715	-0.738337	-0.105397
07794		9.625540	-0.943689	-1.565901	0.019170	-0.003441	-0.014493	-0.864746	0.268799	-0.312012	0.638580	-0.189554	-0.738373	-0.105306
07795		9.644648	-0.914617	-1.542602	0.023623	-0.000400	-0.010519	-0.858643	0.269287	-0.324463	0.638648	-0.189421	-0.738368	-0.105167
07796		9.654401	-0.820923	-1.562544	0.018498	-0.003025	-0.009900	-0.873291	0.270020	-0.316162	0.638728	-0.189335	-0.738338	-0.105049
07797		9.648919	-0.741081	-1.554110	0.011652	0.000040	-0.009644	-0.867920	0.266113	-0.321777	0.638774	-0.189305	-0.738311	-0.105016
07798		9.655189	-0.753671	-1.578783	-0.002118	-0.004247	-0.013917	-0.864990	0.264160	-0.311768	0.638767	-0.189321	-0.738300	-0.105108
07799		9.637031	-0.758744	-1.567347	-0.017332	-0.004871	-0.013927	-0.864990	0.269531	-0.309570	0.638690	-0.189456	-0.738298	-0.105343
07800		9.634354	-0.844513	-1.537092	-0.010682	-0.004905	-0.009801	-0.866211	0.267578	-0.317871	0.638627	-0.189618	-0.738287	-0.105514
07801		9.643991	-0.881116	-1.558549	-0.002289	-0.001756	-0.004639	-0.863281	0.271973	-0.313477	0.638646	-0.189732	-0.738236	-0.105550
07802		9.646466	-0.822153	-1.583000	0.001176	-0.003388	-0.005128	-0.865479	0.273438	-0.309814	0.638646	-0.189854	-0.738200	-0.105581
07803		9.640851	-0.792369	-1.579891	-0.008515	-0.006240	-0.004807	-0.859619	0.274170	-0.313721	0.638582	-0.190071	-0.738182	-0.105704
07804		9.639506	-0.821978	-1.597472	-0.021008	-0.004048	-0.004520	-0.864502	0.264404	-0.310303	0.638530	-0.190392	-0.738110	-0.105942
07805		9.637558	-0.864363	-1.595418	-0.013829	-0.007921	-0.007650	-0.864746	0.272461	-0.312500	0.638440	-0.190554	-0.738126	-0.106083
07806		9.656790	-0.853117	-1.585749	0.003989	-0.003718	-0.011519	-0.860840	0.270020	-0.318115	0.638432	-0.190590	-0.738116	-0.106137
07807		9.647717	-0.830069	-1.577777	0.008656	-0.001613	-0.012696	-0.863525	0.277832	-0.314697	0.638476	-0.190555	-0.738086	-0.106142
07808		9.633852	-0.815120	-1.589881	0.000135	-0.005777	-0.009651	-0.871094	0.275146	-0.320068	0.638450	-0.190681	-0.738062	-0.106236
07809		9.651422	-0.821988	-1.639845	-0.004762	-0.004315	-0.008976	-0.864746	0.268311	-0.307861	0.638435	-0.190820	-0.738023	-0.106353
07810		9.643561	-0.848539	-1.612793	-0.008710	-0.003546	-0.012048	-0.867676	0.270996	-0.309326	0.638384	-0.190921	-0.738018	-0.106511
07811		9.629622	-0.859259	-1.561541	-0.007216	-0.004790	-0.014076	-0.865479	0.263428	-0.310303	0.638323	-0.191010	-0.738023	-0.106680
07812		9.646840	-0.878199	-1.590998	0.004544	-0.000430	-0.014342	-0.867676	0.275391	-0.313232	0.638337	-0.190941	-0.738024	-0.106713
07813		9.634670	-0.881150	-1.590221	0.015564	0.000720	-0.013372	-0.864746	0.259521	-0.319824	0.638395	-0.190878	-0.737993	-0.106697
07814		9.648608	-0.841543	-1.574194	0.024056	-0.000151	-0.013015	-0.870605	0.266846	-0.315674	0.638490	-0.190632	-0.738001	-0.106510
07815		9.649571	-0.762970	-1.609806	0.023917	-0.003576	-0.015677	-0.872070	0.258301	-0.314941	0.638529	-0.190422	-0.738040	-0.106381
07816		9.633562	-0.774154	-1.605763	0.006406	-0.003912	-0.012459	-0.868408	0.265625	-0.313965	0.638523	-0.190321	-0.738077	-0.106348
07817		9.641920	-0.786473	-1.583282	-0.008806	-0.004572	-0.012457	-0.860840	0.267090	-0.313232	0.638475	-0.190401	-0.738076	-0.106492
07818		9.650785	-0.817015	-1.572678	-0.008665	-0.001147	-0.009803	-0.866455	0.265381	-0.315918	0.638470	-0.190516	-0.738031	-0.106628
07819		9.640484	-0.825564	-1.580825	0.001429	-0.003123	-0.009178	-0.876221	0.267090	-0.318848	0.638474	-0.190539	-0.738019	-0.106650
07820		9.644239	-0.815334	-1.585398	0.001360	-0.000836	-0.009226	-0.868896	0.267090	-0.311279	0.638495	-0.190561	-0.737990	-0.106682
07821		9.627769	-0.808965	-1.569094	-0.004549	-0.002317	-0.008168	-0.861084	0.273682	-0.316650	0.638475	-0.190655	-0.737970	-0.106768
07822		9.664111	-0.851663	-1.579541	-0.008576	-0.002228	-0.008635	-0.858154	0.269531	-0.314209	0.638472	-0.190823	-0.737908	-0.106917
07823		9.649234	-0.831857	-1.559380	0.000095	-0.001411	-0.010476	-0.858643	0.265137	-0.313232	0.638492	-0.190876	-0.737868	-0.106985
07824		9.662378	-0.809964	-1.580198	0.004993	-0.001990	-0.013047	-0.857910	0.270996	-0.315674	0.638510	-0.190837	-0.737859	-0.107007
07825		9.646956	-0.839169	-1.588066	0.006324	-0.002826	-0.013643	-0.865479	0.264648	-0.315430	0.638531	-0.190823	-0.737839	-0.107044
07826		9.648248	-0.835764	-1.564667	0.009787	-0.002699	-0.017919	-0.870850	0.272217	-0.314697	0.638546	-0.190692	-0.737858	-0.107055
07827		9.641730	-0.834913	-1.576850	0.012740	-0.003435	-0.017126	-0.865723	0.265869	-0.321533	0.638553	-0.190598	-0.737874	-0.107070
07828		9.647156	-0.841710	-1.569604	0.010706	-0.002518	-0.014933	-0.870361	0.266602	-0.314209	0.638594	-0.190492	-0.737870	-0.107046
07829		9.654661	-0.853690	-1.570368	0.009898	-0.002569	-0.015632	-0.865967	0.269043	-0.309570	0.638603	-0.190398	-0.737885	-0.107053
07830		9.647058	-0.848535	-1.550807	0.008108	-0.005219	-0.012934	-0.872559	0.272461	-0.313965	0.638578	-0.190372	-0.737912	-0.107068
07831		9.643457	-0.822408	-1.555599	0.010972	-0.004876	-0.013314	-0.863525	0.263672	-0.312500	0.638567	-0.190334	-0.737930	-0.107070
07832		9.644020	-0.806359	-1.576375	0.015890	-0.004239	-0.014768	-0.870117	0.265137	-0.315430	0.638580	-0.190190	-0.737967	-0.106999
07833		9.640450	-0.780132	-1.580853	0.011696	-0.003750	-0.013798	-0.864502	0.275635	-0.317871	0.638589	-0.190091	-0.737989	-0.106964
07834		9.670669	-0.775301	-1.575101	-0.001278	-0.004225	-0.013270	-0.861328	0.268799	-0.313965	0.638577	-0.190177	-0.737959	-0.107090
07835		9.633079	-0.802588	-1.554415	-0.006395	-0.003051	-0.017184	-0.865479	0.261963	-0.313477	0.638551	-0.190225	-0.737943	-0.107271
07836		9.645877	-0.823428	-1.547980	-0.008551	-0.003481	-0.018413	-0.859375	0.267578	-0.315918	0.638508	-0.190230	-0.737953	-0.107449
07837		9.638580	-0.884452	-1.568563	0.013795	-0.004328	-0.021641	-0.864014	0.276855	-0.311523	0.638521	-0.190068	-0.737981	-0.107467
07838		9.641839	-0.853587	-1.561728	0.028980	-0.008122	-0.023162	-0.871582	0.268066	-0.308838	0.638513	-0.189844	-0.738055	-0.107402
07839		9.648648	-0.814625	-1.559078	0.021219	-0.004949	-0.022871	-0.865967	0.273193	-0.313477	0.638500	-0.189620	-0.738127	-0.107377
07840		9.645969	-0.755637	-1.547973	0.017124	-0.006410	-0.018829	-0.867432	0.256836	-0.315430	0.638490	-0.189506	-0.738166	-0.107374
07841		9.635733	-0.762605	-1.556872	0.006558	-0.007088	-0.019224	-0.870850	0.262451	-0.315430	0.638453	-0.189359	-0.738234	-0.107389
07842		9.650489	-0.789202	-1.559291	-0.001822	-0.007862	-0.013474	-0.858643	0.265137	-0.317627	0.638392	-0.189371	-0.738272	-0.107463
07843		9.655425	-0.808911	-1.533340	-0.002185	-0.006516	-0.015516	-0.870117	0.260010	-0.315430	0.638362	-0.189390	-0.738278	-0.107568
07844		9.658285	-0.784109	-1.582802	0.007489	-0.005682	-0.015109	-0.857422	0.269775	-0.309082	0.638343	-0.189294	-0.738320	-0.107562
07845		9.645138	-0.736793	-1.579108	0.010791	-0.003061	-0.018736	-0.866943	0.264404	-0.317139	0.638347	-0.189218	-0.738328	-0.107618
07846		9.656284	-0.739454	-1.584448	0.002539	-0.004936	-0.020467	-0.857422	0.263672	-0.308350	0.638325	-0.189144	-0.738351	-0.107722
07847		9.630222	-0.759383	-1.588456	-0.010899	-0.005111	-0.022367	-0.864746	0.265625	-0.317139	0.638252	-0.189172	-0.738370	-0.107977
07848		9.647060	-0.801836	-1.578713	-0.017441	-0.005004	-0.024198	-0.868652	0.265381	-0.319824	0.638180	-0.189235	-0.738368	-0.108302
07849		9.645596	-0.821832	-1.564137	-0.006966	-0.005315	-0.024228	-0.869629	0.265625	-0.316895	0.638133	-0.189208	-0.738382	-0.108526
07850		9.646210	-0.847549	-1.557621	0.004412	-0.006643	-0.022384	-0.855225	0.263916	-0.321289	0.638094	-0.189115	-0.738424	-0.108633
07851		9.648796	-0.834249	-1.587229	0.011299	-0.007564	-0.023447	-0.861572	0.265381	-0.316406	0.638092	-0.188953	-0.738462	-0.108667
07852		9.653020	-0.803254	-1.556505	0.014559	-0.002834	-0.019178	-0.867676	0.258057	-0.317871	0.638125	-0.188810	-0.738471	-0.108664
07853		9.644606	-0.784209	-1.580904	0.014206	-0.006522	-0.017789	-0.868164	0.267822	-0.314209	0.638123	-0.188636	-0.738525	-0.108611
07854		9.671555	-0.723951	-1.563661	0.019409	-0.007003	-0.016500	-0.869141	0.258545	-0.307617	0.638117	-0.188504	-0.738573	-0.108550
07855		9.658065	-0.726812	-1.588194	0.008945	-0.005495	-0.015342	-0.861328	0.266602	-0.324707	0.638083	-0.188410	-0.738626	-0.108550
07856		9.643666	-0.724299	-1.580656	-0.006089	-0.004257	-0.014464	-0.862061	0.269287	-0.319824	0.638085	-0.188482	-0.738585	-0.108693
07857		9.654093	-0.708891	-1.574145	-0.001908	-0.002990	-0.019257	-0.859375	0.263184	-0.312744	0.638087	-0.188498	-0.738555	-0.108859
07858		9.660393	-0.732173	-1.579383	0.009347	-0.005995	-0.023890	-0.864746	0.269775	-0.307861	0.638064	-0.188355	-0.738600	-0.108935
07859		9.639898	-0.761857	-1.575598	0.004320	-0.005932	-0.026632	-0.872070	0.262939	-0.316895	0.638005	-0.188274	-0.738644	-0.109119
07860		9.639921	-0.768995	-1.557110	-0.001836	-0.006843	-0.023381	-0.862793	0.260742	-0.317383	0.637946	-0.188217	-0.738684	-0.109290
07861		9.667444	-0.788208	-1.559932	0.001960	-0.005936	-0.017737	-0.862305	0.262695	-0.312988	0.637925	-0.188173	-0.738702	-0.109372
07862		9.658101	-0.750966	-1.572850	0.005822	-0.005579	-0.015844	-0.863037	0.267090	-0.316650	0.637907	-0.188133	-0.738721	-0.109419
07863		9.658316	-0.734347	-1.594267	0.007797	-0.007150	-0.015441	-0.864502	0.264160	-0.315918	0.637889	-0.188108	-0.738737	-0.109456
07864		9.656934	-0.744159	-1.599875	-0.000339	-0.007709	-0.013719	-0.863770	0.264893	-0.309814	0.637845	-0.188147	-0.738752	-0.109542
07865		9.650572	-0.725756	-1.577261	-0.004360	-0.005230	-0.011909	-0.871582	0.263672	-0.309082	0.637802	-0.188241	-0.738747	-0.109667
07866		9.656048	-0.732255	-1.570844	0.000088	-0.005440	-0.016976	-0.868408	0.258301	-0.308838	0.637749	-0.188242	-0.738775	-0.109788
07867		9.643906	-0.721143	-1.591788	0.001701	-0.007750	-0.017849	-0.865723	0.257812	-0.316406	0.637681	-0.188192	-0.738834	-0.109871
07868		9.654290	-0.768631	-1.593577	0.003403	-0.004541	-0.016821	-0.868896	0.265381	-0.313477	0.637673	-0.188127	-0.738849	-0.109926
07869		9.650286	-0.741690	-1.598574	0.003418	-0.005408	-0.014920	-0.870117	0.255615	-0.312500	0.637647	-0.188131	-0.738859	-0.110002
07870		9.646926	-0.746353	-1.595472	0.000821	-0.003964	-0.014435	-0.872559	0.262939	-0.318604	0.637626	-0.188095	-0.738878	-0.110060
07871		9.659276	-0.749368	-1.577150	-0.000539	-0.004701	-0.018001	-0.866699	0.261719	-0.313232	0.637604	-0.188080	-0.738882	-0.110183
07872		9.651349	-0.761454	-1.593683	0.005461	-0.004233	-0.017922	-0.872803	0.265381	-0.314697	0.637592	-0.188017	-0.738898	-0.110251
07873		9.658254	-0.754379	-1.583127	0.007354	-0.005595	-0.016797	-0.864746	0.263672	-0.312500	0.637571	-0.187972	-0.738920	-0.110305
07874		9.646047	-0.756838	-1.583546	0.005652	-0.004297	-0.016338	-0.867188	0.261230	-0.312988	0.637562	-0.187938	-0.738927	-0.110370
07875		9.661013	-0.733815	-1.557375	0.013271	-0.004918	-0.016000	-0.865723	0.267578	-0.311279	0.637564	-0.187832	-0.738955	-0.110349
07876		9.645608	-0.705629	-1.613350	0.018015	-0.003828	-0.016044	-0.867188	0.263428	-0.317383	0.637584	-0.187729	-0.738969	-0.110318
07877		9.647046	-0.689151	-1.610044	0.008521	-0.002716	-0.015609	-0.871094	0.260742	-0.312988	0.637607	-0.187673	-0.738958	-0.110349
07878		9.664946	-0.702320	-1.583556	-0.003303	-0.002864	-0.016079	-0.868652	0.260742	-0.309082	0.637584	-0.187693	-0.738952	-0.110488
07879		9.633290	-0.745163	-1.610506	-0.002681	-0.003956	-0.018110	-0.867432	0.258301	-0.312988	0.637542	-0.187696	-0.738965	-0.110638
07880		9.661428	-0.746477	-1.576739	0.006630	-0.002570	-0.017879	-0.877197	0.265137	-0.312500	0.637548	-0.187607	-0.738975	-0.110689
07881		9.656165	-0.732333	-1.584986	0.009046	-0.002733	-0.018833	-0.865479	0.261719	-0.315186	0.637543	-0.187530	-0.738989	-0.110757
07882		9.635557	-0.701340	-1.572622	0.017839	-0.003753	-0.017661	-0.867188	0.260254	-0.309570	0.637572	-0.187379	-0.739009	-0.110714
07883		9.641240	-0.694716	-1.585555	0.006651	-0.003438	-0.015982	-0.862305	0.260986	-0.314697	0.637562	-0.187327	-0.739023	-0.110762
07884		9.653302	-0.729382	-1.582636	-0.003469	-0.002464	-0.014643	-0.861816	0.263916	-0.304443	0.637559	-0.187372	-0.738994	-0.110895
07885		9.659025	-0.722746	-1.595365	0.002704	-0.001177	-0.014887	-0.866455	0.255127	-0.317871	0.637555	-0.187389	-0.738978	-0.110998
07886		9.654985	-0.709176	-1.579321	0.012551	-0.000665	-0.015967	-0.861572	0.256592	-0.316650	0.637609	-0.187251	-0.738971	-0.110969
07887		9.653159	-0.687171	-1.591078	0.014403	0.000571	-0.020570	-0.866699	0.255615	-0.315674	0.637673	-0.187068	-0.738961	-0.110971
07888		9.660020	-0.684814	-1.634640	0.018235	0.002678	-0.022504	-0.872314	0.261230	-0.312500	0.637755	-0.186827	-0.738954	-0.110956
07889		9.642082	-0.638860	-1.593411	0.006400	0.000932	-0.027147	-0.867920	0.257568	-0.317139	0.637770	-0.186677	-0.738955	-0.111113
07890		9.643452	-0.650661	-1.605289	-0.019743	0.000076	-0.024479	-0.869629	0.260254	-0.316650	0.637738	-0.186740	-0.738913	-0.111469
07891		9.655680	-0.739939	-1.577776	-0.029397	-0.000510	-0.021814	-0.867676	0.262451	-0.315918	0.637678	-0.186921	-0.738853	-0.111905
07892		9.660187	-0.815043	-1.550319	-0.012429	-0.002633	-0.018573	-0.869385	0.260986	-0.317139	0.637643	-0.187015	-0.738821	-0.112163
07893		9.675068	-0.764704	-1.564001	0.004863	-0.002279	-0.017868	-0.864990	0.260254	-0.321289	0.637655	-0.186967	-0.738810	-0.112248
07894		9.645447	-0.731868	-1.554989	0.019195	-0.002450	-0.019090	-0.870117	0.248779	-0.318359	0.637712	-0.186789	-0.738812	-0.112204
07895		9.657895	-0.708631	-1.575992	0.025204	-0.003168	-0.020162	-0.872070	0.254395	-0.318359	0.637762	-0.186486	-0.738866	-0.112068
07896		9.655865	-0.686278	-1.588619	0.016974	-0.005144	-0.021875	-0.876465	0.257324	-0.315918	0.637769	-0.186271	-0.738918	-0.112041
07897		9.658299	-0.686666	-1.597077	0.011736	-0.000204	-0.021671	-0.863037	0.255127	-0.304199	0.637799	-0.186112	-0.738926	-0.112089
07898		9.674521	-0.662014	-1.546287	0.008535	-0.002197	-0.020641	-0.865479	0.258057	-0.314209	0.637787	-0.185994	-0.738955	-0.112154
07899		9.654625	-0.680235	-1.561393	0.012662	-0.002424	-0.020932	-0.866455	0.256592	-0.319824	0.637806	-0.185852	-0.738969	-0.112189
07900		9.656053	-0.662364	-1.557857	0.016150	-0.001914	-0.022240	-0.867432	0.253906	-0.317139	0.637850	-0.185658	-0.738979	-0.112193
07901		9.648385	-0.674128	-1.573916	0.024888	-0.006339	-0.023762	-0.867432	0.252197	-0.310547	0.637863	-0.185374	-0.739052	-0.112112
07902		9.662983	-0.668569	-1.583379	0.021018	-0.002726	-0.019204	-0.868164	0.256348	-0.321777	0.637889	-0.185155	-0.739096	-0.112038
07903		9.658844	-0.700112	-1.562976	0.020772	-0.001386	-0.010924	-0.874512	0.246826	-0.317139	0.637967	-0.185031	-0.739079	-0.111913
07904		9.655605	-0.630919	-1.547792	0.021084	-0.003368	-0.006224	-0.861328	0.254395	-0.308105	0.638014	-0.184896	-0.739102	-0.111709
07905		9.674308	-0.594156	-1.577612	0.023133	-0.003411	-0.010386	-0.860107	0.255371	-0.305664	0.638050	-0.184764	-0.739127	-0.111558
07906		9.661934	-0.553999	-1.582544	0.008024	-0.007860	-0.011323	-0.870605	0.251953	-0.317139	0.638003	-0.184759	-0.739170	-0.111551
07907		9.659538	-0.609893	-1.607067	0.001630	-0.004243	-0.008119	-0.869385	0.254150	-0.313721	0.637998	-0.184796	-0.739163	-0.111562
07908		9.662117	-0.651571	-1.556028	-0.013516	-0.005398	-0.008696	-0.869385	0.258789	-0.317627	0.637940	-0.184967	-0.739146	-0.111727
07909		9.650970	-0.673598	-1.568191	-0.004053	-0.002292	-0.010733	-0.861572	0.248291	-0.312500	0.637939	-0.185061	-0.739106	-0.111843
07910		9.661204	-0.672639	-1.541635	0.015177	-0.005663	-0.011214	-0.870850	0.256104	-0.322021	0.637946	-0.184948	-0.739143	-0.111739
07911		9.667670	-0.654800	-1.551559	0.014059	-0.007836	-0.006304	-0.867432	0.254639	-0.316162	0.637953	-0.184927	-0.739160	-0.111625
07912		9.649405	-0.669056	-1.595878	0.001046	-0.006084	-0.003384	-0.870117	0.254395	-0.318604	0.637938	-0.185032	-0.739149	-0.111611
07913		9.649332	-0.681878	-1.577337	-0.012553	-0.006172	0.004278	-0.867920	0.256104	-0.315186	0.637904	-0.185311	-0.739101	-0.111658
07914		9.666682	-0.672944	-1.592228	-0.003391	-0.007967	0.002520	-0.870605	0.257568	-0.309570	0.637867	-0.185513	-0.739086	-0.111637
07915		9.674433	-0.669662	-1.558458	0.012003	-0.006573	-0.001013	-0.872559	0.257812	-0.311523	0.637856	-0.185568	-0.739100	-0.111515
07916		9.666148	-0.673453	-1.595252	0.014957	-0.006392	-0.002153	-0.860840	0.252686	-0.301270	0.637855	-0.185586	-0.739118	-0.111373
07917		9.639308	-0.681357	-1.586979	0.004106	-0.005386	0.000859	-0.864990	0.262451	-0.315186	0.637828	-0.185700	-0.739123	-0.111297
07918		9.660340	-0.721889	-1.581002	-0.000624	-0.006148	0.003976	-0.862793	0.260742	-0.318848	0.637820	-0.185924	-0.739079	-0.111266
07919		9.649962	-0.797817	-1.620156	0.024884	-0.002019	0.002456	-0.870117	0.259521	-0.314209	0.637918	-0.185912	-0.739036	-0.111011
07920		9.652061	-0.741887	-1.597188	0.029134	-0.002940	0.006396	-0.867188	0.255127	-0.315674	0.638003	-0.185894	-0.739017	-0.110678
07921		9.654192	-0.578083	-1.547815	0.009354	-0.000266	0.004022	-0.866699	0.264404	-0.313965	0.638070	-0.185983	-0.738958	-0.110534
07922		9.682982	-0.620983	-1.561192	-0.009275	-0.003156	0.003653	-0.868896	0.259766	-0.322266	0.638062	-0.186274	-0.738883	-0.110597
07923		9.650196	-0.669115	-1.611759	-0.014027	-0.004646	0.000665	-0.866943	0.253662	-0.310791	0.638044	-0.186542	-0.738815	-0.110699
07924		9.642506	-0.710831	-1.588275	-0.027663	-0.004597	0.000311	-0.865967	0.264893	-0.311279	0.637967	-0.186886	-0.738763	-0.110910
07925		9.643563	-0.740979	-1.581607	-0.029901	-0.004862	-0.000188	-0.867676	0.253174	-0.313965	0.637884	-0.187306	-0.738687	-0.111188
07926		9.635705	-0.769717	-1.578202	-0.014307	-0.003165	0.000918	-0.867432	0.260742	-0.311768	0.637861	-0.187536	-0.738637	-0.111266
07927		9.654263	-0.778469	-1.604135	-0.014118	-0.003220	0.002515	-0.861328	0.261230	-0.310303	0.637834	-0.187821	-0.738573	-0.111359
07928		9.651122	-0.767987	-1.565009	0.002901	-0.002909	-0.000768	-0.869141	0.264160	-0.313721	0.637849	-0.187945	-0.738534	-0.111324
07929		9.668780	-0.727418	-1.562867	0.021552	-0.002097	0.000395	-0.870361	0.260010	-0.318115	0.637917	-0.187938	-0.738509	-0.111116
07930		9.657327	-0.739638	-1.594225	0.017503	-0.002447	-0.003092	-0.863525	0.261719	-0.311279	0.637976	-0.187904	-0.738490	-0.110953
07931		9.630404	-0.766079	-1.620437	0.020725	-0.001310	-0.002227	-0.867432	0.261475	-0.309326	0.638045	-0.187868	-0.738468	-0.110767
07932		9.667414	-0.696897	-1.571568	0.028093	-0.002833	-0.003938	-0.860840	0.261719	-0.307373	0.638105	-0.187757	-0.738481	-0.110523
07933		9.662955	-0.641965	-1.560177	0.019454	-0.001066	-0.005403	-0.867188	0.256592	-0.317627	0.638160	-0.187706	-0.738468	-0.110378
07934		9.665186	-0.646388	-1.568073	-0.007656	0.001419	-0.002218	-0.871338	0.261475	-0.320557	0.638198	-0.187857	-0.738388	-0.110436
07935		9.647213	-0.705380	-1.606156	-0.021086	0.000558	0.000955	-0.867920	0.262939	-0.315918	0.638204	-0.188169	-0.738278	-0.110607
07936		9.632621	-0.769353	-1.629020	-0.029565	-0.001675	0.003380	-0.865967	0.263916	-0.313477	0.638164	-0.188584	-0.738172	-0.110840
07937		9.664084	-0.702606	-1.568654	-0.037369	-0.000695	0.004522	-0.860107	0.266602	-0.310303	0.638112	-0.189075	-0.738046	-0.111140
07938		9.651807	-0.708607	-1.568406	-0.044389	0.002431	0.005573	-0.866211	0.262451	-0.314209	0.638072	-0.189643	-0.737878	-0.111515
07939		9.645040	-0.787687	-1.591479	-0.033515	0.000564	0.004462	-0.870361	0.267822	-0.318115	0.638043	-0.190084	-0.737751	-0.111771
07940		9.646041	-0.805834	-1.603635	-0.019005	0.001236	0.002872	-0.865479	0.266113	-0.313965	0.638058	-0.190414	-0.737630	-0.111924
07941		9.664137	-0.745707	-1.565299	-0.029789	0.002535	0.000175	-0.869873	0.266113	-0.319580	0.638050	-0.190797	-0.737496	-0.112194
07942		9.672075	-0.759291	-1.565520	-0.021017	0.002071	-0.003647	-0.867432	0.271484	-0.314209	0.638063	-0.191066	-0.737383	-0.112406
07943		9.641138	-0.818428	-1.570988	0.003895	0.001562	-0.005724	-0.861816	0.265137	-0.316162	0.638116	-0.191150	-0.737312	-0.112428
07944		9.647913	-0.800695	-1.578942	0.006568	0.002009	-0.007730	-0.868408	0.268799	-0.316162	0.638188	-0.191160	-0.737249	-0.112415
07945		9.647295	-0.793558	-1.546575	0.003440	0.000665	-0.009335	-0.858643	0.265869	-0.303955	0.638230	-0.191198	-0.737197	-0.112454
07946		9.647267	-0.778996	-1.566302	0.006500	0.001355	-0.005088	-0.861816	0.268311	-0.309326	0.638272	-0.191246	-0.737152	-0.112430
07947		9.655063	-0.779991	-1.586052	0.010428	0.002412	-0.005843	-0.864990	0.270996	-0.314941	0.638341	-0.191262	-0.737095	-0.112383
07948		9.660124	-0.751631	-1.530182	0.011158	-0.000105	-0.009752	-0.863281	0.265625	-0.318848	0.638394	-0.191249	-0.737057	-0.112361
07949		9.666670	-0.720173	-1.558491	0.020375	-0.000024	-0.013019	-0.860596	0.269287	-0.311279	0.638475	-0.191101	-0.737040	-0.112258
07950		9.653626	-0.737417	-1.560967	0.023941	0.001504	-0.013926	-0.868652	0.260742	-0.305420	0.638562	-0.190942	-0.737022	-0.112153
07951		9.664171	-0.736590	-1.532910	0.012484	0.001155	-0.011156	-0.864258	0.264404	-0.319092	0.638599	-0.190853	-0.737021	-0.112099
07952		9.658761	-0.755689	-1.555829	0.007363	0.001355	-0.013160	-0.869385	0.276855	-0.320312	0.638660	-0.190802	-0.736979	-0.112117
07953		9.653567	-0.756548	-1.543037	0.016179	0.000760	-0.008954	-0.870850	0.268555	-0.310059	0.638740	-0.190784	-0.736922	-0.112067
07954		9.665967	-0.748622	-1.543314	0.017978	0.000485	-0.009019	-0.872559	0.260498	-0.316162	0.638794	-0.190713	-0.736907	-0.111973
07955		9.663493	-0.716201	-1.575073	0.013230	0.000574	-0.007821	-0.873535	0.262451	-0.322754	0.638853	-0.190641	-0.736889	-0.111878
07956		9.651691	-0.733904	-1.553957	0.008839	-0.000170	-0.009535	-0.853516	0.259521	-0.315674	0.638907	-0.190597	-0.736860	-0.111839
07957		9.641844	-0.743362	-1.561139	0.008030	-0.000242	-0.010234	-0.865234	0.269043	-0.319336	0.638960	-0.190552	-0.736831	-0.111810
07958		9.672147	-0.738072	-1.554626	0.007023	0.000960	-0.011397	-0.867676	0.269775	-0.314941	0.639016	-0.190546	-0.736779	-0.111835
07959		9.658008	-0.736969	-1.545454	0.011151	0.000747	-0.011698	-0.866211	0.271484	-0.318359	0.639066	-0.190510	-0.736746	-0.111830
07960		9.658436	-0.747717	-1.525267	0.010929	-0.001926	-0.009869	-0.865967	0.263428	-0.310059	0.639103	-0.190505	-0.736718	-0.111811
07961		9.656424	-0.772264	-1.533006	0.004914	-0.001233	-0.008780	-0.865234	0.267822	-0.310303	0.639114	-0.190518	-0.736705	-0.111813
07962		9.655520	-0.783743	-1.536669	0.011528	0.000641	-0.008501	-0.865967	0.259277	-0.311523	0.639159	-0.190503	-0.736675	-0.111775
07963		9.648984	-0.785407	-1.547724	0.029913	0.000171	-0.012422	-0.861084	0.264893	-0.318359	0.639241	-0.190258	-0.736700	-0.111562
07964		9.668171	-0.773699	-1.536375	0.034504	-0.000719	-0.013320	-0.867676	0.268799	-0.325684	0.639344	-0.189999	-0.736712	-0.111332
07965		9.651592	-0.755181	-1.538963	0.037085	0.001157	-0.013485	-0.858643	0.265869	-0.319336	0.639481	-0.189730	-0.736699	-0.111095
07966		9.653716	-0.713791	-1.550744	0.037806	0.001069	-0.015135	-0.863281	0.265381	-0.315674	0.639609	-0.189435	-0.736699	-0.110860
07967		9.651958	-0.737845	-1.557301	0.026497	0.001140	-0.015720	-0.864746	0.264893	-0.324463	0.639696	-0.189224	-0.736696	-0.110735
