// Start Time: Unknown
// Update Rate: 40.0Hz
// Filter Profile: human (46.1)
// Firmware Version: 4.6.0
PacketCounter	SampleTimeFine	Acc_X	Acc_Y	Acc_Z	Gyr_X	Gyr_Y	Gyr_Z	Mag_X	Mag_Y	Mag_Z	Quat_q0	Quat_q1	Quat_q2	Quat_q3
07338		9.525111	0.666982	-2.279785	-0.006671	0.000649	-0.000430	-0.905518	0.089111	-0.368408	0.610014	-0.083082	-0.780526	-0.108441
07339		9.522792	0.640688	-2.261321	0.003531	0.002165	-0.002672	-0.902588	0.089600	-0.363281	0.610036	-0.083027	-0.780517	-0.108429
07340		9.524151	0.644085	-2.251596	0.007617	0.002039	-0.006478	-0.907715	0.086914	-0.366211	0.610048	-0.082930	-0.780522	-0.108398
07341		9.509508	0.659527	-2.263452	0.004240	0.001924	-0.005002	-0.902588	0.087646	-0.375488	0.610067	-0.082829	-0.780517	-0.108401
07342		9.528078	0.627774	-2.246019	0.002688	0.002853	-0.006860	-0.901123	0.083984	-0.369141	0.610095	-0.082703	-0.780503	-0.108439
07343		9.522940	0.645139	-2.259431	0.004041	0.002554	-0.006739	-0.905518	0.093994	-0.367920	0.610127	-0.082550	-0.780491	-0.108464
07344		9.519915	0.632050	-2.234010	0.006087	0.000952	-0.010349	-0.901367	0.089600	-0.381592	0.610126	-0.082479	-0.780500	-0.108459
07345		9.522196	0.660626	-2.251918	0.012631	0.002107	-0.009468	-0.900635	0.094971	-0.363281	0.610163	-0.082275	-0.780500	-0.108405
07346		9.513282	0.675150	-2.233883	0.002611	-0.001106	-0.006892	-0.904541	0.093994	-0.356201	0.610138	-0.082294	-0.780519	-0.108396
07347		9.535368	0.646353	-2.249001	0.003851	0.001460	-0.004926	-0.906494	0.098633	-0.375732	0.610143	-0.082324	-0.780517	-0.108361
07348		9.513855	0.638975	-2.263554	0.010921	0.004068	-0.006712	-0.906250	0.100586	-0.362305	0.610258	-0.082291	-0.780442	-0.108277
07349		9.518948	0.671862	-2.262216	0.011365	0.004641	-0.005999	-0.896484	0.095215	-0.373291	0.610290	-0.082296	-0.780432	-0.108164
07350		9.507958	0.658792	-2.225153	0.006779	0.004084	-0.003693	-0.907715	0.087891	-0.367676	0.610371	-0.082265	-0.780377	-0.108123
07351		9.516268	0.631802	-2.258643	0.003775	0.003368	-0.003693	-0.898682	0.082275	-0.370850	0.610423	-0.082206	-0.780345	-0.108107
07352		9.512508	0.624908	-2.285674	0.005121	0.004794	-0.007120	-0.900635	0.090088	-0.372559	0.610494	-0.082024	-0.780307	-0.108126
07353		9.519206	0.639537	-2.237909	0.008851	0.006331	-0.008046	-0.906250	0.095703	-0.363770	0.610595	-0.081898	-0.780246	-0.108083
07354		9.531519	0.647675	-2.219670	0.009776	0.006524	-0.007235	-0.898193	0.089355	-0.376221	0.610652	-0.081855	-0.780218	-0.108002
07355		9.520327	0.630186	-2.242140	0.009334	0.005950	-0.007945	-0.903076	0.100098	-0.365479	0.610783	-0.081713	-0.780136	-0.107962
07356		9.520518	0.631850	-2.240856	0.006132	0.005861	-0.009684	-0.897461	0.090332	-0.372070	0.610839	-0.081719	-0.780096	-0.107922
07357		9.531408	0.638360	-2.232156	0.003450	0.004436	-0.011940	-0.892822	0.088623	-0.366455	0.610914	-0.081599	-0.780045	-0.107961
07358		9.521997	0.639576	-2.229308	0.003306	0.005173	-0.012892	-0.905029	0.089844	-0.370361	0.610949	-0.081445	-0.780027	-0.108005
07359		9.531509	0.644027	-2.230095	0.001748	0.003312	-0.012601	-0.901855	0.096191	-0.377197	0.611010	-0.081356	-0.779983	-0.108050
07360		9.540045	0.624149	-2.203299	0.009848	0.006339	-0.011998	-0.903809	0.094727	-0.375732	0.611165	-0.081272	-0.779875	-0.108015
07361		9.531042	0.660885	-2.220812	0.012021	0.006019	-0.012630	-0.895508	0.091309	-0.375244	0.611307	-0.081158	-0.779783	-0.107960
07362		9.525993	0.678423	-2.233649	0.003056	0.005334	-0.004905	-0.897461	0.098877	-0.368652	0.611428	-0.081124	-0.779693	-0.107951
07363		9.538735	0.612170	-2.224906	0.001894	0.006722	-0.006837	-0.898682	0.096680	-0.367920	0.611507	-0.081178	-0.779628	-0.107935
07364		9.518483	0.655380	-2.242533	0.007095	0.009252	-0.004669	-0.906006	0.100586	-0.366699	0.611611	-0.081188	-0.779556	-0.107855
07365		9.558420	0.643236	-2.201255	0.009048	0.009860	-0.001482	-0.898193	0.090332	-0.375000	0.611715	-0.081291	-0.779483	-0.107718
07366		9.536749	0.646284	-2.207263	0.011378	0.009869	0.000238	-0.904297	0.088379	-0.371826	0.611893	-0.081228	-0.779365	-0.107609
07367		9.549388	0.625941	-2.211623	0.007741	0.007481	0.001329	-0.905273	0.093506	-0.371582	0.612007	-0.081197	-0.779292	-0.107510
07368		9.551063	0.628033	-2.200728	0.014115	0.007257	-0.001519	-0.896240	0.096436	-0.376465	0.612121	-0.081168	-0.779227	-0.107357
07369		9.543975	0.616412	-2.194976	0.014713	0.008162	0.001546	-0.903809	0.097412	-0.373779	0.612306	-0.081181	-0.779103	-0.107191
07370		9.532250	0.635106	-2.187142	0.009525	0.006696	0.000773	-0.894775	0.100586	-0.369629	0.612432	-0.081270	-0.779012	-0.107062
07371		9.530094	0.628958	-2.204349	0.011751	0.006486	0.000927	-0.905762	0.089355	-0.374268	0.612528	-0.081351	-0.778952	-0.106889
07372		9.543877	0.611055	-2.199960	0.013977	0.006276	0.001083	-0.900879	0.093018	-0.376465	0.612644	-0.081285	-0.778888	-0.106741
07373		9.546180	0.600895	-2.196336	0.012664	0.005615	0.000345	-0.898926	0.094971	-0.378418	0.612784	-0.081270	-0.778797	-0.106611
07374		9.532686	0.581165	-2.177742	0.020928	0.004823	-0.001484	-0.897949	0.092773	-0.370117	0.612946	-0.081205	-0.778703	-0.106415
07375		9.528954	0.599203	-2.181826	0.025511	0.004315	-0.005156	-0.896484	0.102051	-0.376709	0.613007	-0.081010	-0.778711	-0.106160
07376		9.526419	0.620425	-2.176750	0.016847	0.003574	-0.004649	-0.898438	0.094238	-0.378174	0.613141	-0.081077	-0.778620	-0.105994
07377		9.550153	0.593408	-2.181616	0.018878	0.003988	-0.006227	-0.898438	0.094238	-0.370117	0.613283	-0.080980	-0.778538	-0.105852
07378		9.534311	0.605748	-2.202716	0.016109	0.003399	-0.008658	-0.899658	0.088867	-0.379150	0.613311	-0.080859	-0.778549	-0.105704
07379		9.539537	0.591305	-2.188057	0.016489	0.002796	-0.010121	-0.901855	0.091064	-0.373535	0.613434	-0.080653	-0.778483	-0.105631
07380		9.535026	0.596485	-2.208854	0.016726	0.001217	-0.008991	-0.898193	0.091309	-0.375000	0.613464	-0.080500	-0.778492	-0.105504
07381		9.539446	0.593957	-2.187737	0.015373	0.001511	-0.009117	-0.892822	0.093262	-0.374512	0.613525	-0.080356	-0.778474	-0.105395
07382		9.537948	0.619274	-2.173864	0.011455	0.001660	-0.008548	-0.900635	0.089111	-0.376709	0.613598	-0.080275	-0.778437	-0.105306
07383		9.527218	0.616317	-2.181034	0.005803	0.002706	-0.006645	-0.905762	0.091064	-0.377441	0.613673	-0.080202	-0.778388	-0.105288
07384		9.537303	0.633307	-2.166055	0.002285	0.002682	-0.001211	-0.902100	0.093994	-0.378662	0.613740	-0.080272	-0.778331	-0.105265
07385		9.557702	0.550650	-2.184878	-0.004361	0.001278	-0.003693	-0.895508	0.093018	-0.376709	0.613816	-0.080422	-0.778248	-0.105321
07386		9.553956	0.543845	-2.212418	0.010923	0.001929	-0.009427	-0.905518	0.091064	-0.375244	0.613904	-0.080348	-0.778195	-0.105255
07387		9.541546	0.592023	-2.182779	0.023898	0.004704	-0.014092	-0.902832	0.098145	-0.374023	0.613956	-0.080117	-0.778198	-0.105105
07388		9.541272	0.620757	-2.159421	0.007479	0.000626	-0.010149	-0.894531	0.090332	-0.371582	0.613955	-0.080211	-0.778197	-0.105046
07389		9.544557	0.589694	-2.170868	-0.003956	-0.002429	-0.008554	-0.900146	0.096191	-0.379150	0.613912	-0.080198	-0.778227	-0.105085
07390		9.527637	0.615218	-2.186196	0.003747	-0.000917	-0.009240	-0.904297	0.092529	-0.375000	0.613982	-0.080302	-0.778160	-0.105095
07391		9.544162	0.593809	-2.171486	0.001571	-0.000599	-0.008618	-0.895508	0.094971	-0.373291	0.613965	-0.080342	-0.778167	-0.105112
07392		9.542034	0.604586	-2.174105	0.003130	-0.000441	-0.005357	-0.899658	0.097900	-0.375488	0.613977	-0.080426	-0.778155	-0.105061
07393		9.535446	0.618354	-2.197868	-0.002141	-0.001710	-0.001380	-0.895020	0.090332	-0.371094	0.613992	-0.080684	-0.778120	-0.105044
07394		9.558113	0.629716	-2.173569	-0.006331	0.000335	0.003603	-0.902344	0.092041	-0.374512	0.613978	-0.080793	-0.778123	-0.105016
07395		9.554958	0.572493	-2.187401	-0.000174	-0.000652	0.008138	-0.901123	0.099365	-0.369873	0.613981	-0.080978	-0.778113	-0.104927
07396		9.541587	0.587584	-2.190646	0.002246	0.000228	0.006490	-0.896484	0.101318	-0.368408	0.613935	-0.081286	-0.778137	-0.104783
07397		9.558871	0.577067	-2.159709	-0.002256	-0.001178	0.008934	-0.900879	0.096191	-0.372559	0.613880	-0.081678	-0.778157	-0.104649
07398		9.561870	0.527329	-2.187411	0.008866	-0.001574	0.004797	-0.895752	0.097168	-0.373291	0.613864	-0.081826	-0.778176	-0.104484
07399		9.545639	0.564180	-2.186715	0.012488	-0.001326	0.000933	-0.899170	0.096436	-0.369385	0.613892	-0.081917	-0.778168	-0.104310
07400		9.555773	0.553192	-2.195814	0.014027	-0.001603	-0.002135	-0.905518	0.095947	-0.376709	0.613833	-0.081937	-0.778237	-0.104122
07401		9.547368	0.554313	-2.185549	0.015323	-0.003080	-0.004177	-0.892822	0.093750	-0.380615	0.613835	-0.081968	-0.778249	-0.104001
07402		9.546363	0.566587	-2.179805	0.013621	-0.004211	-0.004843	-0.905518	0.101074	-0.376953	0.613960	-0.081923	-0.778168	-0.103909
07403		9.536578	0.565516	-2.179273	0.013571	-0.004324	-0.005623	-0.891113	0.101807	-0.371582	0.613950	-0.082092	-0.778171	-0.103807
07404		9.542528	0.573967	-2.193920	0.011498	-0.003778	-0.003436	-0.891113	0.098145	-0.374512	0.613953	-0.082245	-0.778174	-0.103645
07405		9.537826	0.583513	-2.155989	0.009763	-0.002880	-0.002104	-0.905029	0.089600	-0.376709	0.614007	-0.082335	-0.778138	-0.103520
07406		9.547401	0.558359	-2.181251	0.003573	-0.001570	-0.001097	-0.904541	0.091553	-0.370361	0.614011	-0.082297	-0.778143	-0.103497
07407		9.530876	0.560857	-2.159468	0.005562	-0.000199	-0.002064	-0.899170	0.099121	-0.378174	0.613936	-0.082253	-0.778219	-0.103409
07408		9.537832	0.625270	-2.118093	-0.009346	-0.001459	0.002189	-0.904053	0.103027	-0.380127	0.613999	-0.082594	-0.778123	-0.103480
07409		9.543686	0.529537	-2.172939	-0.024364	-0.004018	0.003491	-0.906006	0.096436	-0.372070	0.614024	-0.083180	-0.778011	-0.103707
07410		9.545038	0.505943	-2.187063	-0.005528	-0.001831	0.000066	-0.903564	0.103271	-0.372070	0.613948	-0.083353	-0.778050	-0.103724
07411		9.552936	0.532282	-2.175403	0.000901	-0.000240	-0.005517	-0.895996	0.095215	-0.377686	0.613909	-0.083585	-0.778057	-0.103711
07412		9.547048	0.540198	-2.146233	-0.000078	-0.003327	-0.004955	-0.888428	0.100098	-0.373291	0.613966	-0.083629	-0.778003	-0.103744
07413		9.542273	0.545256	-2.168142	-0.002263	-0.004080	-0.005725	-0.896240	0.099121	-0.374756	0.613997	-0.083760	-0.777965	-0.103744
07414		9.530703	0.528076	-2.192774	-0.000776	-0.004472	-0.009575	-0.898926	0.102783	-0.373291	0.613993	-0.083845	-0.777953	-0.103789
07415		9.541828	0.522841	-2.193009	0.005953	-0.003271	-0.011856	-0.900635	0.097900	-0.369385	0.613969	-0.083948	-0.777962	-0.103777
07416		9.543200	0.542979	-2.168661	0.009864	-0.004486	-0.013806	-0.899902	0.100830	-0.378906	0.613866	-0.083856	-0.778062	-0.103714
07417		9.542723	0.546117	-2.169971	0.009271	-0.005405	-0.016857	-0.895264	0.095215	-0.375488	0.613897	-0.083878	-0.778029	-0.103760
07418		9.557900	0.559036	-2.186621	0.008554	-0.005152	-0.014538	-0.902100	0.093994	-0.376221	0.613909	-0.083749	-0.778034	-0.103758
07419		9.539232	0.546862	-2.191266	0.005118	-0.005388	-0.013872	-0.898926	0.102783	-0.376953	0.613883	-0.083653	-0.778058	-0.103806
07420		9.544994	0.557795	-2.205958	0.008080	-0.003700	-0.013246	-0.906006	0.100586	-0.372314	0.613913	-0.083762	-0.778022	-0.103812
07421		9.547857	0.553939	-2.195334	0.007838	-0.004898	-0.012216	-0.903809	0.088623	-0.377197	0.613822	-0.083818	-0.778091	-0.103788
07422		9.550674	0.550004	-2.184960	0.006190	-0.005918	-0.012099	-0.899658	0.088623	-0.372559	0.613797	-0.083621	-0.778126	-0.103833
07423		9.539487	0.548126	-2.193865	0.005274	-0.005048	-0.011519	-0.897705	0.091309	-0.371826	0.613741	-0.083402	-0.778193	-0.103834
07424		9.541380	0.514579	-2.215559	0.016890	-0.004733	-0.014153	-0.902832	0.094482	-0.370850	0.613702	-0.083133	-0.778266	-0.103729
07425		9.549814	0.572257	-2.172821	0.016312	-0.003510	-0.014424	-0.897461	0.110596	-0.377686	0.613634	-0.082964	-0.778351	-0.103634
07426		9.541939	0.564000	-2.169853	0.005321	-0.006009	-0.012116	-0.894043	0.100098	-0.373047	0.613673	-0.083314	-0.778282	-0.103641
07427		9.552964	0.558736	-2.170656	0.001651	-0.006374	-0.009039	-0.899414	0.095703	-0.373779	0.613657	-0.083431	-0.778283	-0.103634
07428		9.552042	0.545957	-2.188196	0.003784	-0.005730	-0.009051	-0.904297	0.099609	-0.371338	0.613626	-0.083442	-0.778306	-0.103631
07429		9.540104	0.555621	-2.190250	0.003636	-0.004999	-0.010004	-0.896973	0.100830	-0.378906	0.613543	-0.083539	-0.778362	-0.103627
07430		9.546686	0.553768	-2.211640	0.007416	-0.003331	-0.010132	-0.890381	0.101318	-0.375488	0.613629	-0.083649	-0.778283	-0.103629
07431		9.552167	0.554632	-2.182390	0.006892	-0.004766	-0.007470	-0.901855	0.098633	-0.379883	0.613693	-0.083762	-0.778228	-0.103571
07432		9.540338	0.563816	-2.184060	0.005679	-0.002437	-0.008803	-0.902588	0.097900	-0.375000	0.613765	-0.083860	-0.778156	-0.103601
07433		9.544967	0.535373	-2.186577	0.007754	-0.002979	-0.010980	-0.902344	0.100586	-0.369873	0.613760	-0.083876	-0.778160	-0.103591
07434		9.540545	0.555620	-2.192445	0.007185	-0.003454	-0.007713	-0.895752	0.101318	-0.374268	0.613691	-0.083956	-0.778216	-0.103513
07435		9.551759	0.549651	-2.192667	0.007954	-0.003594	-0.009242	-0.902344	0.101074	-0.365479	0.613717	-0.084038	-0.778194	-0.103461
07436		9.532513	0.547999	-2.190107	0.009363	-0.003766	-0.008328	-0.896484	0.108398	-0.374023	0.613593	-0.084074	-0.778304	-0.103333
07437		9.553164	0.543741	-2.192214	0.011825	-0.003841	-0.010576	-0.901611	0.095947	-0.372803	0.613619	-0.084273	-0.778273	-0.103251
07438		9.537631	0.586072	-2.182904	0.011547	-0.003004	-0.007558	-0.901611	0.097412	-0.378174	0.613604	-0.084225	-0.778302	-0.103166
07439		9.550160	0.582716	-2.173676	0.002296	-0.002568	-0.007354	-0.899414	0.104736	-0.375244	0.613651	-0.084319	-0.778248	-0.103214
07440		9.543762	0.534081	-2.199488	0.005170	-0.001723	-0.003367	-0.897705	0.096680	-0.373779	0.613695	-0.084558	-0.778194	-0.103163
07441		9.538701	0.564982	-2.198066	0.010641	0.000015	-0.004216	-0.893066	0.104004	-0.373779	0.613745	-0.084548	-0.778169	-0.103063
07442		9.549467	0.534104	-2.169619	0.002126	-0.000427	-0.001396	-0.898926	0.100098	-0.369629	0.613814	-0.084774	-0.778098	-0.103002
07443		9.547694	0.516597	-2.195178	0.003581	-0.001558	-0.001087	-0.901123	0.101074	-0.374756	0.613788	-0.084889	-0.778118	-0.102907
07444		9.543475	0.535399	-2.200410	0.003618	0.000252	-0.003850	-0.897705	0.095459	-0.372559	0.613827	-0.085033	-0.778075	-0.102885
07445		9.557774	0.542723	-2.225026	0.008516	0.000442	-0.002818	-0.903320	0.102539	-0.380127	0.613863	-0.085000	-0.778063	-0.102786
07446		9.538568	0.530892	-2.177587	0.010209	0.000508	-0.003536	-0.901855	0.099854	-0.376709	0.613962	-0.085159	-0.777974	-0.102743
07447		9.527063	0.538836	-2.178091	0.008657	0.002482	-0.004021	-0.906738	0.109375	-0.384766	0.614041	-0.085236	-0.777910	-0.102691
07448		9.552671	0.529880	-2.157879	0.009286	0.000302	-0.004343	-0.895752	0.095215	-0.376465	0.614168	-0.085561	-0.777773	-0.102695
07449		9.559554	0.526789	-2.178242	0.009467	0.000307	-0.007531	-0.893799	0.104492	-0.378662	0.614243	-0.085478	-0.777729	-0.102649
07450		9.552068	0.516999	-2.174154	0.012332	-0.000994	-0.006306	-0.906250	0.098877	-0.380371	0.614348	-0.085576	-0.777647	-0.102558
07451		9.543589	0.554741	-2.184691	0.008843	-0.001356	-0.006426	-0.901123	0.101318	-0.381104	0.614393	-0.085641	-0.777604	-0.102560
07452		9.541463	0.529140	-2.166616	0.009529	-0.002345	-0.004587	-0.901855	0.102295	-0.382812	0.614467	-0.085753	-0.777538	-0.102527
07453		9.547033	0.522638	-2.196625	0.012053	-0.000152	-0.003290	-0.901855	0.098145	-0.380859	0.614579	-0.085885	-0.777442	-0.102475
07454		9.547377	0.537694	-2.180954	0.009535	-0.001269	-0.003203	-0.904785	0.104004	-0.371826	0.614649	-0.085947	-0.777384	-0.102439
07455		9.543631	0.535540	-2.149442	-0.001017	-0.003206	-0.000205	-0.897949	0.100098	-0.374756	0.614586	-0.086152	-0.777419	-0.102382
07456		9.539223	0.512494	-2.194040	-0.003251	-0.004088	-0.001750	-0.894775	0.105469	-0.370605	0.614574	-0.086291	-0.777413	-0.102383
07457		9.533739	0.493019	-2.187930	0.007351	-0.002034	-0.003970	-0.895752	0.100098	-0.374512	0.614567	-0.086369	-0.777429	-0.102239
07458		9.541385	0.519421	-2.176770	0.009767	-0.001150	-0.005612	-0.901611	0.108398	-0.376465	0.614601	-0.086352	-0.777416	-0.102141
07459		9.545778	0.517028	-2.156386	-0.001377	-0.004021	-0.005654	-0.900391	0.103271	-0.375977	0.614592	-0.086597	-0.777394	-0.102159
07460		9.564820	0.494991	-2.183527	-0.002399	-0.003385	-0.006640	-0.897705	0.092773	-0.374023	0.614584	-0.086740	-0.777378	-0.102204
07461		9.552597	0.489480	-2.200928	0.003455	-0.002251	-0.008939	-0.900879	0.093506	-0.372803	0.614577	-0.086611	-0.777397	-0.102214
07462		9.559228	0.529381	-2.183439	0.004856	-0.004573	-0.010784	-0.901855	0.100342	-0.370117	0.614519	-0.086474	-0.777457	-0.102218
07463		9.544082	0.510337	-2.176033	-0.000868	-0.005822	-0.012448	-0.899902	0.106201	-0.368164	0.614415	-0.086471	-0.777535	-0.102256
07464		9.536293	0.501957	-2.173039	0.004186	-0.005274	-0.009078	-0.900391	0.101074	-0.370605	0.614322	-0.086544	-0.777609	-0.102189
07465		9.551455	0.513996	-2.189544	0.004169	-0.003585	-0.012618	-0.895752	0.102295	-0.374023	0.614263	-0.086511	-0.777660	-0.102185
07466		9.541655	0.514976	-2.188637	0.002528	-0.003536	-0.011120	-0.895996	0.102295	-0.375244	0.614264	-0.086534	-0.777655	-0.102196
07467		9.554940	0.500854	-2.186440	0.007806	-0.005021	-0.012915	-0.901855	0.100830	-0.368652	0.614265	-0.086509	-0.777660	-0.102177
07468		9.538708	0.529258	-2.193606	0.003213	-0.005599	-0.010657	-0.899170	0.099609	-0.372803	0.614163	-0.086499	-0.777743	-0.102160
07469		9.554101	0.505682	-2.188996	0.000114	-0.004423	-0.009473	-0.890869	0.101562	-0.367920	0.614127	-0.086519	-0.777766	-0.102189
07470		9.535685	0.492590	-2.193206	0.003987	-0.004663	-0.010802	-0.894775	0.095459	-0.372559	0.614084	-0.086482	-0.777811	-0.102135
07471		9.549961	0.516825	-2.202976	0.008966	-0.003614	-0.013130	-0.896729	0.094971	-0.370361	0.614079	-0.086315	-0.777838	-0.102101
07472		9.541402	0.520642	-2.192905	0.002964	-0.004029	-0.011784	-0.891357	0.106201	-0.375977	0.614035	-0.086200	-0.777885	-0.102107
07473		9.543114	0.514166	-2.191529	0.000061	-0.005618	-0.011621	-0.894531	0.099365	-0.373779	0.614059	-0.086312	-0.777848	-0.102142
07474		9.543139	0.490255	-2.215459	0.004117	-0.004778	-0.014755	-0.895508	0.107910	-0.372070	0.614052	-0.086244	-0.777858	-0.102168
07475		9.558060	0.494918	-2.188093	0.004735	-0.004192	-0.017232	-0.901855	0.102783	-0.376953	0.614031	-0.086289	-0.777867	-0.102192
07476		9.530153	0.532116	-2.195771	0.006915	-0.004497	-0.017841	-0.896729	0.104004	-0.370117	0.614026	-0.086261	-0.777867	-0.102247
07477		9.541225	0.528704	-2.196291	0.000425	-0.005619	-0.017973	-0.903076	0.109619	-0.373779	0.613960	-0.086265	-0.777910	-0.102315
07478		9.532164	0.519184	-2.202357	0.002455	-0.004120	-0.018162	-0.896240	0.106934	-0.381836	0.613921	-0.086373	-0.777917	-0.102396
07479		9.557015	0.499348	-2.199467	0.005071	-0.004915	-0.019443	-0.899414	0.099854	-0.376221	0.613983	-0.086422	-0.777851	-0.102490
07480		9.534450	0.522245	-2.193234	0.006556	-0.007467	-0.026008	-0.902588	0.100098	-0.371826	0.613940	-0.086269	-0.777887	-0.102602
07481		9.540198	0.500657	-2.187417	0.000889	-0.007540	-0.025507	-0.901611	0.094727	-0.373047	0.613838	-0.086164	-0.777960	-0.102749
07482		9.536353	0.528216	-2.185127	-0.000135	-0.007986	-0.027857	-0.895264	0.104248	-0.381592	0.613742	-0.085968	-0.778033	-0.102934
07483		9.542380	0.530835	-2.207706	0.004047	-0.010744	-0.028641	-0.897949	0.098633	-0.376221	0.613737	-0.085909	-0.778022	-0.103096
07484		9.543615	0.528417	-2.207637	0.003408	-0.009643	-0.029689	-0.897217	0.100098	-0.370361	0.613676	-0.085747	-0.778066	-0.103260
07485		9.525456	0.558248	-2.224850	0.005769	-0.007787	-0.030723	-0.893555	0.099365	-0.375488	0.613587	-0.085556	-0.778142	-0.103375
07486		9.542544	0.580192	-2.223767	0.009620	-0.007660	-0.026542	-0.897217	0.102295	-0.379150	0.613572	-0.085384	-0.778164	-0.103439
07487		9.532401	0.583962	-2.223546	0.011210	-0.004586	-0.024688	-0.891846	0.095459	-0.368164	0.613610	-0.085287	-0.778137	-0.103501
07488		9.541691	0.604996	-2.210203	0.013541	-0.000219	-0.017489	-0.901611	0.098633	-0.374756	0.613622	-0.085079	-0.778160	-0.103427
07489		9.529136	0.577511	-2.199397	0.005569	-0.003127	-0.016544	-0.896240	0.086914	-0.373535	0.613617	-0.085049	-0.778160	-0.103476
07490		9.541362	0.561130	-2.206210	-0.000021	-0.003706	-0.010376	-0.900879	0.094482	-0.369873	0.613614	-0.084932	-0.778169	-0.103527
07491		9.531915	0.585676	-2.232790	0.000177	0.000252	-0.013562	-0.904053	0.090820	-0.373779	0.613598	-0.084891	-0.778178	-0.103589
07492		9.537496	0.573101	-2.218217	-0.004852	0.001219	-0.009273	-0.897461	0.093262	-0.372070	0.613611	-0.084898	-0.778152	-0.103698
07493		9.540954	0.569280	-2.205889	-0.002829	0.002726	-0.009466	-0.893311	0.089355	-0.382080	0.613653	-0.084900	-0.778110	-0.103763
07494		9.536230	0.566588	-2.182530	-0.000106	0.001097	-0.010567	-0.898193	0.097900	-0.367920	0.613784	-0.084831	-0.778004	-0.103840
07495		9.540807	0.574191	-2.205252	-0.006823	-0.000172	-0.008301	-0.895996	0.094482	-0.373291	0.613756	-0.084937	-0.778005	-0.103911
07496		9.555304	0.533054	-2.224427	-0.003491	0.000943	-0.009135	-0.901611	0.099121	-0.375977	0.613795	-0.084965	-0.777963	-0.103976
07497		9.538267	0.587957	-2.207917	0.002651	-0.003293	-0.009507	-0.896484	0.102295	-0.372559	0.613801	-0.085033	-0.777947	-0.103997
07498		9.543800	0.574832	-2.193791	-0.004851	0.001218	-0.009266	-0.904541	0.100342	-0.370850	0.613836	-0.085178	-0.777895	-0.104066
07499		9.557320	0.545561	-2.206404	-0.000509	-0.001175	-0.007735	-0.889648	0.081543	-0.377441	0.613805	-0.085293	-0.777903	-0.104097
07500		9.554882	0.556618	-2.209334	0.003854	-0.001763	-0.008956	-0.897217	0.098389	-0.370361	0.613879	-0.085074	-0.777868	-0.104097
07501		9.532605	0.575898	-2.201958	0.011701	-0.000881	-0.008690	-0.900635	0.094482	-0.368164	0.613886	-0.085042	-0.777879	-0.103998
07502		9.538169	0.561702	-2.188046	0.011908	-0.001489	-0.006963	-0.900879	0.093506	-0.374756	0.613855	-0.084976	-0.777925	-0.103891
07503		9.545146	0.573848	-2.192997	0.011807	-0.001724	-0.008507	-0.892822	0.097168	-0.377441	0.613876	-0.084895	-0.777928	-0.103816
07504		9.558851	0.558465	-2.190348	0.013759	-0.002134	-0.006720	-0.899658	0.090088	-0.377441	0.613953	-0.084853	-0.777888	-0.103691
07505		9.543434	0.572610	-2.203808	0.012868	-0.004034	-0.003995	-0.896729	0.099365	-0.375488	0.613982	-0.084766	-0.777890	-0.103575
07506		9.536100	0.562009	-2.200027	0.015777	0.000454	-0.005544	-0.899902	0.098633	-0.374512	0.614055	-0.084754	-0.777854	-0.103425
07507		9.539713	0.571174	-2.172795	0.013968	-0.002741	-0.004988	-0.897705	0.092529	-0.375000	0.614073	-0.084760	-0.777857	-0.103292
07508		9.550874	0.549140	-2.189055	0.011283	-0.004955	-0.003095	-0.895264	0.099365	-0.374756	0.614078	-0.084721	-0.777873	-0.103169
07509		9.539880	0.544398	-2.197865	0.012312	-0.005580	-0.002111	-0.892822	0.091797	-0.375732	0.614091	-0.084769	-0.777878	-0.103016
07510		9.539732	0.559330	-2.183709	0.009857	-0.007679	-0.002611	-0.897949	0.095947	-0.372559	0.614093	-0.084727	-0.777897	-0.102890
07511		9.541271	0.535388	-2.199006	0.003804	-0.008251	-0.002046	-0.892578	0.104736	-0.377441	0.614041	-0.084801	-0.777940	-0.102821
07512		9.523854	0.508171	-2.211025	0.002714	-0.011703	-0.003777	-0.897217	0.097412	-0.370605	0.614018	-0.084977	-0.777946	-0.102761
07513		9.532815	0.526352	-2.199740	0.009507	-0.010670	-0.010747	-0.895508	0.094971	-0.370850	0.613927	-0.084936	-0.778032	-0.102695
07514		9.539408	0.554456	-2.191315	0.006288	-0.013711	-0.011093	-0.895752	0.098145	-0.378418	0.613811	-0.084886	-0.778133	-0.102658
07515		9.532386	0.533739	-2.196761	0.007054	-0.012769	-0.011241	-0.897217	0.104736	-0.364990	0.613771	-0.084876	-0.778170	-0.102627
07516		9.537341	0.544294	-2.213821	0.009679	-0.014632	-0.013876	-0.902100	0.104736	-0.380127	0.613601	-0.084903	-0.778309	-0.102566
07517		9.534094	0.556400	-2.219853	0.007671	-0.013265	-0.015064	-0.899902	0.096680	-0.379150	0.613548	-0.084954	-0.778344	-0.102574
07518		9.531895	0.556831	-2.232226	0.005280	-0.012369	-0.016176	-0.898438	0.101318	-0.372559	0.613498	-0.084903	-0.778384	-0.102615
07519		9.526146	0.540630	-2.228085	0.004529	-0.011513	-0.018774	-0.904053	0.097412	-0.374756	0.613408	-0.084881	-0.778451	-0.102662
07520		9.528835	0.538300	-2.219061	0.009484	-0.011146	-0.016975	-0.903076	0.100098	-0.371094	0.613326	-0.084806	-0.778523	-0.102670
07521		9.535105	0.552841	-2.226272	0.010688	-0.010694	-0.017789	-0.898926	0.100098	-0.379639	0.613227	-0.084742	-0.778610	-0.102659
07522		9.543687	0.558362	-2.230762	0.007145	-0.010133	-0.017310	-0.903076	0.099365	-0.379150	0.613213	-0.084712	-0.778620	-0.102690
07523		9.520533	0.564679	-2.241129	0.006058	-0.008549	-0.017698	-0.901123	0.092285	-0.369873	0.613194	-0.084687	-0.778630	-0.102745
07524		9.529811	0.576899	-2.185185	0.004361	-0.007550	-0.015621	-0.899170	0.105225	-0.365967	0.613118	-0.084593	-0.778695	-0.102783
07525		9.529597	0.561739	-2.253630	-0.000761	-0.008996	-0.015607	-0.894043	0.094238	-0.367432	0.613009	-0.084686	-0.778763	-0.102841
07526		9.537286	0.556384	-2.223051	0.000885	-0.010114	-0.018447	-0.897217	0.094238	-0.371826	0.612912	-0.084601	-0.778840	-0.102909
07527		9.537471	0.548665	-2.232263	-0.000258	-0.011528	-0.018212	-0.903564	0.095459	-0.359619	0.612824	-0.084545	-0.778903	-0.103002
07528		9.539989	0.570468	-2.251460	0.001389	-0.012645	-0.021050	-0.899658	0.089111	-0.373047	0.612612	-0.084464	-0.779067	-0.103086
07529		9.516506	0.539628	-2.250198	0.000848	-0.012395	-0.021919	-0.902100	0.092285	-0.368896	0.612516	-0.084313	-0.779143	-0.103207
07530		9.540233	0.571245	-2.255202	0.003136	-0.015318	-0.019587	-0.899170	0.092773	-0.375244	0.612361	-0.084214	-0.779266	-0.103279
07531		9.523750	0.589103	-2.271291	-0.000356	-0.014645	-0.018335	-0.899658	0.088379	-0.370605	0.612271	-0.084161	-0.779329	-0.103381
07532		9.542822	0.561604	-2.256732	0.006342	-0.011182	-0.017887	-0.901367	0.099609	-0.364502	0.612186	-0.084005	-0.779408	-0.103413
07533		9.527007	0.608640	-2.240344	0.010045	-0.011374	-0.016050	-0.901367	0.097656	-0.368408	0.612061	-0.083973	-0.779514	-0.103382
07534		9.518918	0.585516	-2.254432	0.007201	-0.010713	-0.012387	-0.903809	0.092041	-0.371094	0.611975	-0.083979	-0.779584	-0.103359
07535		9.518156	0.587677	-2.257088	0.004467	-0.010893	-0.008542	-0.905029	0.096191	-0.370361	0.611900	-0.083984	-0.779644	-0.103346
07536		9.514909	0.583609	-2.277821	0.004515	-0.007897	-0.009167	-0.901367	0.094971	-0.372803	0.611847	-0.084029	-0.779681	-0.103340
07537		9.517029	0.552906	-2.248915	0.014434	-0.006412	-0.009712	-0.897217	0.098633	-0.365234	0.611849	-0.083971	-0.779700	-0.103240
07538		9.529613	0.603515	-2.237691	0.006266	-0.010568	-0.007710	-0.895264	0.091797	-0.375732	0.611765	-0.084030	-0.779768	-0.103176
07539		9.521490	0.564071	-2.267192	0.002936	-0.008825	-0.008262	-0.899658	0.093506	-0.363037	0.611774	-0.084031	-0.779761	-0.103169
07540		9.520937	0.565744	-2.269100	0.005382	-0.006712	-0.007778	-0.896484	0.089355	-0.364746	0.611702	-0.084034	-0.779823	-0.103124
07541		9.519361	0.579075	-2.264272	0.007834	-0.007475	-0.005896	-0.903809	0.096191	-0.371338	0.611650	-0.083986	-0.779881	-0.103038
07542		9.517556	0.577255	-2.275311	0.002492	-0.007255	-0.006241	-0.892822	0.097900	-0.365967	0.611621	-0.084070	-0.779895	-0.103029
07543		9.532313	0.550124	-2.280250	0.000250	-0.006011	-0.005046	-0.901367	0.095215	-0.364990	0.611603	-0.084176	-0.779902	-0.103003
07544		9.525143	0.555467	-2.261223	0.006083	-0.004806	-0.007346	-0.900635	0.093506	-0.365723	0.611563	-0.084197	-0.779936	-0.102957
07545		9.511692	0.561344	-2.272312	0.004614	-0.004781	-0.009014	-0.902832	0.099609	-0.365234	0.611528	-0.084192	-0.779967	-0.102939
07546		9.536346	0.566603	-2.247236	0.003141	-0.005468	-0.006578	-0.906738	0.093018	-0.371582	0.611481	-0.084296	-0.779996	-0.102918
07547		9.529598	0.568431	-2.278954	0.005658	-0.006480	-0.009385	-0.901367	0.105469	-0.367920	0.611453	-0.084288	-0.780019	-0.102910
07548		9.510553	0.581375	-2.260954	0.003313	-0.007271	-0.006975	-0.896240	0.100098	-0.366943	0.611415	-0.084449	-0.780035	-0.102887
07549		9.533336	0.553210	-2.277357	0.002280	-0.008448	-0.005201	-0.900635	0.090820	-0.367188	0.611375	-0.084567	-0.780058	-0.102851
07550		9.518414	0.555534	-2.298408	0.006095	-0.007679	-0.005941	-0.898682	0.092041	-0.366455	0.611330	-0.084549	-0.780103	-0.102795
07551		9.514645	0.592717	-2.280506	0.004457	-0.007646	-0.004457	-0.903809	0.100342	-0.367676	0.611288	-0.084567	-0.780141	-0.102738
07552		9.517903	0.586719	-2.270530	0.002759	-0.007361	0.001715	-0.898926	0.099121	-0.364746	0.611251	-0.084759	-0.780159	-0.102661
07553		9.536274	0.589728	-2.276246	0.004229	-0.007384	0.003384	-0.903320	0.097900	-0.363770	0.611214	-0.084929	-0.780185	-0.102545
07554		9.516844	0.569512	-2.290332	0.004787	-0.010506	0.005660	-0.892822	0.101807	-0.369385	0.611129	-0.085111	-0.780250	-0.102411
07555		9.510689	0.559840	-2.279013	0.006418	-0.009457	0.005529	-0.898193	0.106689	-0.362793	0.611129	-0.085303	-0.780249	-0.102252
07556		9.523072	0.538744	-2.287314	0.012962	-0.009218	0.005053	-0.898193	0.103027	-0.368896	0.611079	-0.085494	-0.780296	-0.102034
07557		9.517569	0.539880	-2.310729	0.019452	-0.009101	0.003810	-0.898682	0.103027	-0.364746	0.611076	-0.085583	-0.780323	-0.101773
07558		9.528396	0.572636	-2.274070	0.012953	-0.007051	0.007761	-0.902344	0.098877	-0.374268	0.611063	-0.085752	-0.780345	-0.101541
07559		9.514921	0.520781	-2.289206	0.012248	-0.007874	0.008691	-0.904297	0.102051	-0.354492	0.611092	-0.085901	-0.780333	-0.101333
07560		9.534957	0.540142	-2.270056	0.005918	-0.006918	0.008138	-0.901367	0.092529	-0.364746	0.610988	-0.086108	-0.780414	-0.101158
07561		9.528403	0.500229	-2.289682	0.002652	-0.008309	0.004299	-0.905273	0.096680	-0.362305	0.610937	-0.086200	-0.780457	-0.101057
07562		9.507271	0.500070	-2.340548	0.016216	-0.004250	0.003392	-0.902588	0.103271	-0.366699	0.610914	-0.086222	-0.780501	-0.100839
07563		9.525987	0.574656	-2.275686	0.012385	-0.001057	0.004080	-0.900635	0.103027	-0.371094	0.610958	-0.086344	-0.780476	-0.100659
07564		9.518771	0.546575	-2.287100	-0.002561	-0.000513	0.010256	-0.897949	0.101562	-0.368896	0.611032	-0.086634	-0.780396	-0.100583
07565		9.546840	0.496395	-2.296595	-0.004844	-0.002261	0.012088	-0.908691	0.101074	-0.371094	0.611081	-0.086935	-0.780334	-0.100504
07566		9.516338	0.497407	-2.293778	-0.001517	-0.002213	0.009889	-0.901123	0.106201	-0.365723	0.611113	-0.087194	-0.780290	-0.100432
07567		9.515440	0.522963	-2.272452	-0.017369	-0.007309	0.008524	-0.897461	0.104736	-0.358154	0.611065	-0.087601	-0.780273	-0.100498
07568		9.517603	0.456193	-2.325216	-0.020097	-0.007156	0.002804	-0.899658	0.100342	-0.367188	0.610971	-0.087939	-0.780293	-0.100617
07569		9.506133	0.494174	-2.295528	0.006666	-0.003861	-0.004348	-0.895752	0.105469	-0.366211	0.610980	-0.087957	-0.780292	-0.100550
07570		9.515915	0.488813	-2.254789	-0.006956	-0.006950	-0.002849	-0.907227	0.098389	-0.370117	0.610953	-0.088144	-0.780287	-0.100595
07571		9.534681	0.451721	-2.298295	-0.002220	-0.005256	-0.006910	-0.903564	0.106934	-0.357910	0.610933	-0.088196	-0.780290	-0.100650
07572		9.519176	0.481710	-2.295997	0.013204	-0.002921	-0.008941	-0.903809	0.110596	-0.366699	0.610887	-0.088182	-0.780340	-0.100551
07573		9.517574	0.480438	-2.305895	0.011944	-0.001706	-0.011642	-0.902100	0.107910	-0.365967	0.610904	-0.088193	-0.780332	-0.100499
07574		9.521077	0.476486	-2.294582	0.013142	-0.001252	-0.012462	-0.913086	0.105713	-0.364258	0.610924	-0.088156	-0.780328	-0.100438
07575		9.510109	0.474025	-2.302325	0.014344	-0.001882	-0.014630	-0.907959	0.103027	-0.363525	0.610895	-0.088081	-0.780365	-0.100398
07576		9.512507	0.482954	-2.284532	0.017997	-0.001481	-0.017675	-0.908936	0.104980	-0.366455	0.610880	-0.087915	-0.780404	-0.100334
07577		9.532321	0.545907	-2.276859	0.018063	-0.003147	-0.014142	-0.898193	0.103027	-0.361816	0.610869	-0.087811	-0.780435	-0.100248
07578		9.519923	0.540431	-2.294094	0.001535	-0.002833	-0.011169	-0.895752	0.099609	-0.365479	0.610847	-0.087824	-0.780447	-0.100275
07579		9.514448	0.492181	-2.319319	0.000024	-0.005425	-0.006739	-0.910156	0.104736	-0.375488	0.610833	-0.087861	-0.780453	-0.100281
07580		9.511747	0.502793	-2.322833	0.010421	-0.001423	-0.008605	-0.899658	0.097412	-0.363525	0.610889	-0.087874	-0.780413	-0.100244
07581		9.523578	0.512308	-2.307020	0.000556	-0.002800	-0.007274	-0.899414	0.102295	-0.366699	0.610876	-0.087881	-0.780421	-0.100256
07582		9.524939	0.478741	-2.285988	-0.007131	-0.003374	-0.005204	-0.900146	0.099854	-0.367676	0.610873	-0.088017	-0.780398	-0.100330
07583		9.524654	0.480621	-2.286781	-0.003366	-0.003812	-0.008063	-0.900635	0.104248	-0.363525	0.610869	-0.088072	-0.780387	-0.100391
07584		9.515565	0.491945	-2.320112	0.001796	-0.000434	-0.010085	-0.895752	0.098389	-0.364502	0.610877	-0.088104	-0.780374	-0.100418
07585		9.526623	0.529349	-2.281721	-0.005283	-0.002219	-0.007720	-0.902100	0.100830	-0.369873	0.610880	-0.088152	-0.780358	-0.100485
07586		9.527003	0.489231	-2.319946	-0.009060	0.000005	-0.007617	-0.895752	0.097656	-0.365479	0.610915	-0.088261	-0.780302	-0.100607
07587		9.516256	0.486407	-2.326863	-0.001324	0.001791	-0.007572	-0.902344	0.104492	-0.360352	0.610967	-0.088266	-0.780257	-0.100639
07588		9.509869	0.507418	-2.290204	0.005106	0.002876	-0.008240	-0.904053	0.100098	-0.365234	0.610988	-0.088288	-0.780240	-0.100625
07589		9.529795	0.500974	-2.299887	-0.008974	0.004205	-0.006144	-0.904785	0.103760	-0.369873	0.611032	-0.088397	-0.780178	-0.100739
07590		9.520677	0.447575	-2.300040	-0.001612	0.004434	-0.007364	-0.905762	0.104736	-0.368896	0.611110	-0.088473	-0.780101	-0.100795
07591		9.526473	0.457714	-2.312635	0.007049	0.006068	-0.011975	-0.902832	0.110352	-0.369141	0.611198	-0.088445	-0.780034	-0.100804
07592		9.516768	0.447483	-2.274593	0.008693	0.004950	-0.014801	-0.902588	0.109375	-0.359619	0.611284	-0.088427	-0.779968	-0.100813
07593		9.523302	0.500408	-2.291145	0.003975	0.000695	-0.018886	-0.897705	0.104248	-0.363770	0.611261	-0.088399	-0.779979	-0.100890
07594		9.523173	0.505021	-2.290669	0.001665	0.003601	-0.021216	-0.901123	0.099609	-0.368408	0.611297	-0.088310	-0.779946	-0.101003
07595		9.527997	0.491675	-2.284579	0.005648	0.003658	-0.021000	-0.898193	0.104248	-0.362305	0.611353	-0.088157	-0.779909	-0.101083
07596		9.529260	0.499400	-2.274627	0.010396	0.003578	-0.022290	-0.905762	0.105957	-0.368652	0.611386	-0.087997	-0.779897	-0.101120
07597		9.522235	0.493400	-2.269379	0.008987	0.002632	-0.024528	-0.906006	0.101562	-0.363281	0.611421	-0.087857	-0.779874	-0.101204
07598		9.538160	0.496580	-2.291211	0.011552	0.002830	-0.025207	-0.896973	0.109863	-0.368408	0.611427	-0.087652	-0.779884	-0.101265
07599		9.538321	0.532139	-2.259363	0.013036	0.001731	-0.024879	-0.899902	0.107178	-0.362061	0.611479	-0.087510	-0.779855	-0.101297
07600		9.529848	0.523409	-2.263783	0.002302	0.000215	-0.023580	-0.895020	0.105713	-0.366455	0.611461	-0.087445	-0.779860	-0.101425
07601		9.534900	0.521519	-2.293640	0.004072	-0.002441	-0.022114	-0.900635	0.099609	-0.363037	0.611458	-0.087368	-0.779860	-0.101515
07602		9.519571	0.516725	-2.278350	0.011592	-0.001121	-0.025116	-0.903320	0.101074	-0.364502	0.611437	-0.087153	-0.779894	-0.101561
07603		9.524687	0.530155	-2.292786	0.006974	-0.002975	-0.024975	-0.910400	0.094727	-0.374023	0.611395	-0.086999	-0.779932	-0.101655
07604		9.535703	0.532529	-2.242463	0.009437	-0.003718	-0.023091	-0.909424	0.097656	-0.365967	0.611384	-0.086802	-0.779954	-0.101723
07605		9.515566	0.541337	-2.283728	0.007982	-0.005491	-0.021999	-0.904297	0.098877	-0.370117	0.611315	-0.086657	-0.780015	-0.101792
07606		9.523064	0.544976	-2.296052	0.006487	-0.003308	-0.020974	-0.900146	0.103271	-0.364746	0.611303	-0.086539	-0.780028	-0.101862
07607		9.522761	0.564596	-2.280990	0.004667	-0.001477	-0.019105	-0.899902	0.100586	-0.372314	0.611293	-0.086485	-0.780033	-0.101933
07608		9.526187	0.547503	-2.285042	0.001155	0.000259	-0.016528	-0.904785	0.094238	-0.364502	0.611339	-0.086461	-0.779988	-0.102020
07609		9.521631	0.531377	-2.277758	-0.000145	-0.000449	-0.017235	-0.898926	0.104248	-0.368896	0.611320	-0.086388	-0.779997	-0.102127
07610		9.517501	0.541257	-2.289977	0.002007	-0.002625	-0.015852	-0.899658	0.099609	-0.365967	0.611325	-0.086400	-0.779983	-0.102198
07611		9.511700	0.536998	-2.276419	0.007155	0.000782	-0.017860	-0.901123	0.106689	-0.362549	0.611346	-0.086307	-0.779971	-0.102235
07612		9.531491	0.563002	-2.255799	0.005444	-0.002308	-0.016503	-0.905273	0.104248	-0.369629	0.611317	-0.086311	-0.779987	-0.102282
07613		9.521678	0.549127	-2.270346	0.004591	-0.004202	-0.013781	-0.901855	0.103760	-0.366943	0.611300	-0.086337	-0.779993	-0.102323
07614		9.528083	0.563373	-2.275933	0.006488	-0.002914	-0.015520	-0.905518	0.093994	-0.376709	0.611289	-0.086320	-0.779999	-0.102354
07615		9.518433	0.564254	-2.274505	0.003573	-0.001300	-0.011314	-0.914551	0.097168	-0.367920	0.611336	-0.086288	-0.779961	-0.102386
07616		9.524447	0.536468	-2.276345	0.006494	-0.003610	-0.011431	-0.907227	0.095947	-0.369629	0.611296	-0.086272	-0.779993	-0.102401
07617		9.528310	0.559201	-2.284710	0.009397	-0.004136	-0.014294	-0.901123	0.096924	-0.368408	0.611277	-0.086187	-0.780018	-0.102397
07618		9.530447	0.552943	-2.283057	0.004204	-0.003591	-0.012351	-0.905029	0.099121	-0.369385	0.611269	-0.086162	-0.780024	-0.102418
07619		9.518172	0.562411	-2.284753	0.004925	-0.004547	-0.010528	-0.903076	0.098877	-0.367432	0.611251	-0.086174	-0.780035	-0.102427
07620		9.528350	0.569711	-2.278957	-0.000833	-0.006757	-0.008812	-0.903564	0.104980	-0.369385	0.611202	-0.086245	-0.780060	-0.102471
07621		9.517268	0.551298	-2.302988	0.003647	-0.002959	-0.007798	-0.899902	0.102051	-0.371338	0.611208	-0.086339	-0.780045	-0.102475
07622		9.520871	0.546867	-2.291813	0.007510	-0.002038	-0.007772	-0.898438	0.100342	-0.372070	0.611244	-0.086373	-0.780018	-0.102435
07623		9.511339	0.561495	-2.274779	0.005391	-0.002736	-0.007743	-0.900879	0.096680	-0.363037	0.611278	-0.086409	-0.779990	-0.102412
07624		9.524156	0.528799	-2.297111	-0.000163	-0.003758	-0.007058	-0.908936	0.095459	-0.369873	0.611243	-0.086461	-0.780009	-0.102432
07625		9.513332	0.540757	-2.289115	0.010051	-0.000043	-0.011196	-0.904053	0.093994	-0.365967	0.611267	-0.086393	-0.780002	-0.102404
07626		9.522497	0.560105	-2.275815	0.008549	-0.001945	-0.010870	-0.895752	0.094727	-0.365967	0.611261	-0.086324	-0.780018	-0.102376
07627		9.523479	0.549978	-2.283005	0.002725	-0.003196	-0.008581	-0.896729	0.091309	-0.374512	0.611260	-0.086318	-0.780020	-0.102371
07628		9.537673	0.535859	-2.280349	0.006039	-0.002032	-0.009424	-0.904541	0.096191	-0.365234	0.611312	-0.086255	-0.779989	-0.102344
07629		9.514958	0.554780	-2.272944	0.010225	-0.000756	-0.010239	-0.903320	0.095947	-0.371338	0.611316	-0.086197	-0.779998	-0.102298
07630		9.521476	0.567868	-2.278160	0.004741	-0.002745	-0.010128	-0.894531	0.100586	-0.371094	0.611329	-0.086183	-0.779990	-0.102301
07631		9.522517	0.572787	-2.269612	0.003582	-0.001996	-0.007214	-0.896973	0.090820	-0.368408	0.611371	-0.086232	-0.779954	-0.102282
07632		9.532908	0.563855	-2.278735	0.006100	-0.002600	-0.004578	-0.902832	0.097168	-0.371582	0.611391	-0.086211	-0.779949	-0.102215
07633		9.506074	0.546269	-2.279505	0.006164	0.000517	-0.004464	-0.904541	0.104980	-0.371338	0.611446	-0.086245	-0.779909	-0.102164
07634		9.523409	0.547945	-2.292665	0.005345	0.000529	-0.003729	-0.907471	0.094727	-0.365967	0.611497	-0.086355	-0.779862	-0.102123
07635		9.526010	0.554557	-2.274205	0.002390	0.000928	-0.001632	-0.899902	0.094971	-0.371582	0.611515	-0.086429	-0.779844	-0.102094
07636		9.523073	0.522807	-2.273374	-0.000959	-0.001450	-0.002884	-0.899170	0.098877	-0.370605	0.611549	-0.086512	-0.779808	-0.102092
07637		9.513579	0.506496	-2.287407	0.005379	-0.001647	-0.006396	-0.901367	0.101074	-0.369629	0.611581	-0.086539	-0.779785	-0.102055
07638		9.524043	0.513030	-2.280629	0.006897	-0.000832	-0.008054	-0.912109	0.106689	-0.362061	0.611611	-0.086557	-0.779764	-0.102022
07639		9.529297	0.522853	-2.294898	0.005494	-0.001795	-0.010283	-0.903809	0.100342	-0.367432	0.611567	-0.086620	-0.779789	-0.102040
07640		9.519469	0.512070	-2.258475	0.003802	-0.001896	-0.009574	-0.903564	0.092773	-0.362061	0.611565	-0.086644	-0.779786	-0.102051
07641		9.512693	0.529766	-2.273669	0.007318	-0.002930	-0.016208	-0.905273	0.101318	-0.363770	0.611520	-0.086519	-0.779833	-0.102071
07642		9.522974	0.523268	-2.282765	0.007894	-0.001263	-0.017318	-0.896484	0.098633	-0.367188	0.611498	-0.086446	-0.779853	-0.102106
07643		9.526466	0.536312	-2.256049	0.006963	-0.004494	-0.017453	-0.901123	0.095459	-0.362061	0.611479	-0.086353	-0.779875	-0.102130
07644		9.539420	0.532073	-2.297968	0.006808	-0.004869	-0.019731	-0.906250	0.093262	-0.365967	0.611418	-0.086222	-0.779931	-0.102178
07645		9.521491	0.565813	-2.254735	0.006809	-0.004868	-0.019727	-0.896240	0.098145	-0.372314	0.611365	-0.086083	-0.779982	-0.102232
07646		9.526473	0.547362	-2.300898	0.005029	-0.002918	-0.017114	-0.905762	0.100098	-0.364258	0.611386	-0.086007	-0.779968	-0.102272
07647		9.525913	0.525161	-2.282267	0.007471	-0.001862	-0.017980	-0.900635	0.096924	-0.365234	0.611360	-0.085931	-0.779991	-0.102317
07648		9.513578	0.521391	-2.299314	0.009743	-0.003484	-0.024547	-0.902344	0.095215	-0.369141	0.611327	-0.085747	-0.780029	-0.102376
07649		9.538335	0.572198	-2.277721	0.008583	-0.002735	-0.021636	-0.906250	0.093506	-0.367920	0.611319	-0.085590	-0.780046	-0.102424
07650		9.528519	0.559797	-2.292360	0.003498	-0.005352	-0.022932	-0.901123	0.101318	-0.375000	0.611264	-0.085457	-0.780090	-0.102534
07651		9.514778	0.568285	-2.303120	0.002619	-0.002074	-0.018206	-0.905273	0.096191	-0.368408	0.611293	-0.085428	-0.780059	-0.102619
07652		9.521089	0.583441	-2.308358	0.004414	-0.001717	-0.017390	-0.905273	0.095703	-0.367676	0.611287	-0.085360	-0.780063	-0.102683
07653		9.517982	0.585267	-2.276467	0.001063	-0.000713	-0.013888	-0.907227	0.102051	-0.360840	0.611287	-0.085348	-0.780055	-0.102754
07654		9.533681	0.575595	-2.263941	-0.001147	0.000631	-0.011960	-0.903564	0.106934	-0.370361	0.611266	-0.085421	-0.780051	-0.102846
07655		9.514979	0.558853	-2.275448	0.002090	-0.000220	-0.011580	-0.900391	0.090088	-0.369385	0.611295	-0.085505	-0.780012	-0.102902
07656		9.530611	0.548984	-2.263318	-0.004186	-0.003312	-0.012064	-0.902344	0.096436	-0.363037	0.611283	-0.085507	-0.780009	-0.102994
07657		9.530407	0.536909	-2.279384	0.003628	-0.000489	-0.014560	-0.899170	0.093994	-0.375244	0.611273	-0.085470	-0.780015	-0.103043
07658		9.526094	0.561377	-2.276014	0.005518	-0.002183	-0.015641	-0.898193	0.100098	-0.372070	0.611309	-0.085389	-0.779991	-0.103070
07659		9.523173	0.558759	-2.294921	0.004046	-0.002190	-0.017292	-0.908691	0.097656	-0.363037	0.611330	-0.085349	-0.779971	-0.103131
07660		9.522830	0.562445	-2.295445	0.010148	-0.001373	-0.017100	-0.904053	0.099609	-0.365723	0.611301	-0.085257	-0.780002	-0.103146
07661		9.523756	0.569285	-2.286848	0.008802	-0.002218	-0.018559	-0.894043	0.096680	-0.366943	0.611284	-0.085174	-0.780020	-0.103179
07662		9.516770	0.562080	-2.282597	0.009050	-0.000902	-0.018826	-0.898926	0.092773	-0.371826	0.611305	-0.085053	-0.780015	-0.103196
07663		9.523047	0.577100	-2.287840	0.007984	-0.002209	-0.017819	-0.906006	0.093018	-0.367920	0.611324	-0.084929	-0.780010	-0.103216
07664		9.517282	0.573352	-2.274614	0.002104	-0.002932	-0.020360	-0.897705	0.100830	-0.365967	0.611294	-0.084839	-0.780030	-0.103323
07665		9.522149	0.560231	-2.270090	0.002628	-0.004382	-0.021573	-0.907471	0.089844	-0.359863	0.611260	-0.084784	-0.780048	-0.103431
07666		9.532275	0.555692	-2.279709	0.005808	-0.004666	-0.026006	-0.909668	0.103271	-0.369385	0.611170	-0.084593	-0.780125	-0.103542
07667		9.527457	0.582686	-2.277441	0.006512	-0.006827	-0.026267	-0.909180	0.095703	-0.367920	0.611101	-0.084501	-0.780172	-0.103667
07668		9.525270	0.600522	-2.272696	0.006616	-0.006574	-0.024745	-0.901855	0.093018	-0.369629	0.611031	-0.084369	-0.780227	-0.103768
07669		9.515320	0.614337	-2.307128	0.004901	-0.005595	-0.022711	-0.909424	0.095459	-0.367432	0.610994	-0.084244	-0.780258	-0.103859
07670		9.528086	0.615447	-2.298174	0.005890	-0.001014	-0.019739	-0.911377	0.096924	-0.364990	0.610983	-0.084161	-0.780266	-0.103935
07671		9.511841	0.606149	-2.291845	0.007991	-0.002198	-0.017787	-0.894775	0.087891	-0.370605	0.610950	-0.084097	-0.780292	-0.103981
07672		9.531334	0.617465	-2.287291	0.003981	-0.001226	-0.016677	-0.895020	0.091309	-0.366943	0.610980	-0.083992	-0.780274	-0.104022
07673		9.515377	0.592356	-2.296310	0.007018	-0.000262	-0.015919	-0.904541	0.094971	-0.362061	0.611008	-0.083896	-0.780261	-0.104035
07674		9.517839	0.586714	-2.293845	0.008018	-0.000979	-0.015698	-0.903564	0.097656	-0.367432	0.610990	-0.083833	-0.780279	-0.104054
07675		9.515866	0.617697	-2.272195	0.005676	-0.001114	-0.017371	-0.904053	0.085449	-0.363281	0.610992	-0.083792	-0.780274	-0.104113
07676		9.526372	0.611528	-2.280716	0.001086	0.001177	-0.015807	-0.903320	0.090088	-0.366455	0.610993	-0.083710	-0.780273	-0.104186
07677		9.516880	0.612966	-2.278539	0.004279	0.000216	-0.016180	-0.897949	0.098877	-0.359375	0.611002	-0.083636	-0.780266	-0.104238
07678		9.521954	0.613975	-2.257371	0.004522	0.001533	-0.016450	-0.904785	0.086182	-0.368164	0.611006	-0.083616	-0.780257	-0.104300
07679		9.525489	0.637938	-2.264887	0.000875	-0.001231	-0.016847	-0.906982	0.097412	-0.363770	0.611001	-0.083538	-0.780259	-0.104383
07680		9.518910	0.614733	-2.275925	0.001728	-0.000701	-0.011446	-0.910889	0.086182	-0.374756	0.610987	-0.083591	-0.780256	-0.104441
07681		9.529494	0.607870	-2.284394	0.001639	0.000945	-0.014931	-0.898682	0.090332	-0.369385	0.611023	-0.083530	-0.780225	-0.104514
07682		9.517516	0.591827	-2.265636	0.003742	-0.000233	-0.012982	-0.897705	0.085693	-0.366943	0.611053	-0.083493	-0.780201	-0.104541
07683		9.525100	0.609076	-2.261328	0.004113	0.000247	-0.013062	-0.906494	0.083252	-0.367432	0.611079	-0.083418	-0.780187	-0.104557
07684		9.524863	0.612075	-2.261517	0.002080	-0.001440	-0.013597	-0.896240	0.094238	-0.369385	0.611069	-0.083347	-0.780197	-0.104600
07685		9.509996	0.615470	-2.280951	0.003953	-0.002033	-0.013349	-0.897217	0.089844	-0.364014	0.611086	-0.083334	-0.780181	-0.104631
07686		9.524250	0.618067	-2.262468	0.004324	-0.001554	-0.013430	-0.901367	0.091797	-0.365479	0.611082	-0.083288	-0.780185	-0.104653
07687		9.517943	0.579106	-2.289420	0.008019	-0.002866	-0.013692	-0.898926	0.091553	-0.366211	0.611068	-0.083231	-0.780204	-0.104648
07688		9.525348	0.606992	-2.320566	0.025702	0.000485	-0.018783	-0.895508	0.097900	-0.374268	0.611106	-0.082982	-0.780219	-0.104510
07689		9.526753	0.662442	-2.255928	0.012337	-0.000484	-0.016276	-0.901123	0.088623	-0.360107	0.611165	-0.082903	-0.780183	-0.104491
07690		9.504493	0.625224	-2.260208	0.001544	-0.001896	-0.010400	-0.905029	0.086914	-0.365479	0.611134	-0.082910	-0.780203	-0.104520
07691		9.522813	0.632132	-2.264630	0.005218	-0.000215	-0.011318	-0.899170	0.090576	-0.368896	0.611137	-0.082867	-0.780205	-0.104523
07692		9.517365	0.626528	-2.250916	0.007041	-0.000934	-0.011825	-0.907959	0.089600	-0.372803	0.611160	-0.082827	-0.780192	-0.104512
07693		9.524188	0.609487	-2.287156	0.001044	-0.001540	-0.010506	-0.899902	0.091309	-0.367432	0.611173	-0.082847	-0.780174	-0.104557
07694		9.505660	0.592279	-2.299029	0.004830	-0.001914	-0.013303	-0.902344	0.084473	-0.368164	0.611175	-0.082818	-0.780173	-0.104580
07695		9.530128	0.616108	-2.257910	0.009627	-0.001103	-0.017853	-0.905273	0.087891	-0.360840	0.611181	-0.082660	-0.780185	-0.104580
07696		9.510847	0.640884	-2.273778	0.006105	-0.002403	-0.014669	-0.904053	0.089111	-0.364258	0.611139	-0.082593	-0.780222	-0.104601
07697		9.524147	0.624957	-2.280075	0.000626	-0.002149	-0.011172	-0.900391	0.086182	-0.370850	0.611115	-0.082610	-0.780232	-0.104650
07698		9.522586	0.624566	-2.289757	0.003091	-0.002161	-0.013349	-0.902832	0.093262	-0.367432	0.611126	-0.082559	-0.780225	-0.104680
07699		9.519891	0.610676	-2.273457	0.005021	-0.000724	-0.014320	-0.900146	0.093506	-0.364258	0.611133	-0.082537	-0.780216	-0.104719
07700		9.524606	0.636852	-2.271822	0.005326	0.001941	-0.011770	-0.898193	0.089355	-0.365479	0.611162	-0.082535	-0.780192	-0.104737
07701		9.507197	0.637906	-2.258371	0.006462	0.000392	-0.011357	-0.892578	0.093994	-0.363770	0.611185	-0.082499	-0.780179	-0.104728
07702		9.544827	0.608358	-2.262856	-0.000374	-0.001439	-0.011384	-0.899658	0.093262	-0.364014	0.611187	-0.082547	-0.780164	-0.104790
07703		9.512715	0.609921	-2.268875	0.003061	-0.001069	-0.012026	-0.901123	0.090820	-0.371094	0.611183	-0.082562	-0.780160	-0.104829
07704		9.537492	0.628504	-2.277879	0.002295	0.000960	-0.012518	-0.902344	0.094238	-0.367432	0.611223	-0.082557	-0.780123	-0.104876
07705		9.504057	0.631506	-2.241907	0.003684	0.001950	-0.010312	-0.904297	0.092773	-0.366943	0.611260	-0.082589	-0.780087	-0.104904
07706		9.528052	0.631000	-2.275226	0.000382	0.000742	-0.009476	-0.899170	0.085205	-0.363770	0.611277	-0.082646	-0.780061	-0.104954
07707		9.517237	0.632467	-2.231494	0.001170	0.001831	-0.008887	-0.895752	0.093506	-0.367188	0.611301	-0.082644	-0.780040	-0.104969
07708		9.525515	0.618230	-2.258106	0.002391	-0.000681	-0.009035	-0.898438	0.086426	-0.360107	0.611323	-0.082690	-0.780015	-0.104990
07709		9.525335	0.620120	-2.258346	0.000378	-0.001156	-0.007502	-0.900146	0.093018	-0.368408	0.611305	-0.082720	-0.780025	-0.105001
07710		9.530766	0.604356	-2.253297	0.005944	-0.002365	-0.011550	-0.895508	0.087646	-0.364990	0.611308	-0.082716	-0.780022	-0.105007
07711		9.512743	0.631258	-2.259855	0.004723	0.000147	-0.011400	-0.908447	0.095703	-0.373535	0.611328	-0.082677	-0.780011	-0.105007
07712		9.514911	0.650491	-2.276651	0.003582	-0.000203	-0.009839	-0.908691	0.083008	-0.369873	0.611356	-0.082729	-0.779978	-0.105040
07713		9.530945	0.640014	-2.264166	0.004232	-0.000173	-0.007470	-0.898682	0.096436	-0.378174	0.611373	-0.082709	-0.779971	-0.105014
07714		9.508728	0.616824	-2.252558	0.005054	-0.000176	-0.008194	-0.908936	0.093262	-0.367188	0.611441	-0.082760	-0.779912	-0.105014
07715		9.541585	0.633097	-2.272775	0.007814	0.000587	-0.005852	-0.896484	0.085693	-0.368652	0.611460	-0.082801	-0.779899	-0.104968
07716		9.514948	0.630496	-2.257516	0.004784	-0.000400	-0.006605	-0.905273	0.094482	-0.367432	0.611492	-0.082795	-0.779880	-0.104927
07717		9.529766	0.616178	-2.254325	0.001532	-0.001483	-0.005019	-0.900879	0.088379	-0.361572	0.611492	-0.082900	-0.779868	-0.104935
07718		9.509817	0.609575	-2.259831	0.001568	-0.002576	-0.006331	-0.898193	0.085693	-0.363037	0.611464	-0.082947	-0.779886	-0.104929
07719		9.528102	0.615677	-2.264539	0.006193	-0.001722	-0.007778	-0.906738	0.089111	-0.360840	0.611457	-0.082921	-0.779900	-0.104881
07720		9.521406	0.605857	-2.260563	0.006227	-0.004711	-0.007117	-0.901855	0.093994	-0.364746	0.611399	-0.082937	-0.779949	-0.104840
07721		9.531490	0.612945	-2.254791	0.008324	-0.005199	-0.009206	-0.907959	0.088135	-0.369141	0.611361	-0.082947	-0.779983	-0.104806
07722		9.532217	0.628405	-2.281627	0.006966	-0.001853	-0.009252	-0.898438	0.088379	-0.366943	0.611360	-0.082923	-0.779990	-0.104775
07723		9.515922	0.631554	-2.259893	0.009173	-0.002757	-0.005801	-0.905518	0.094971	-0.364502	0.611366	-0.082912	-0.779998	-0.104689
07724		9.541541	0.606919	-2.265720	0.011098	-0.003211	-0.004799	-0.898682	0.093262	-0.369873	0.611348	-0.082951	-0.780020	-0.104602
07725		9.517063	0.620574	-2.267993	0.012338	-0.002603	-0.004852	-0.900879	0.092285	-0.367920	0.611372	-0.082959	-0.780015	-0.104493
07726		9.514355	0.614327	-2.287195	0.009639	-0.003913	-0.002403	-0.904785	0.091797	-0.371582	0.611371	-0.083008	-0.780025	-0.104389
07727		9.511430	0.612941	-2.255927	0.012890	-0.002828	-0.003987	-0.904297	0.090088	-0.366211	0.611389	-0.083012	-0.780026	-0.104268
07728		9.523290	0.606854	-2.256193	0.012376	-0.003697	-0.006158	-0.906006	0.086914	-0.366943	0.611375	-0.082989	-0.780054	-0.104161
07729		9.524647	0.595649	-2.263456	0.015946	-0.002261	-0.008575	-0.904541	0.087402	-0.367920	0.611376	-0.082891	-0.780081	-0.104030
07730		9.521466	0.605696	-2.267240	0.014475	-0.004186	-0.008240	-0.893066	0.086914	-0.371826	0.611363	-0.082814	-0.780115	-0.103909
07731		9.525796	0.630471	-2.267116	0.009703	-0.005432	-0.009047	-0.902588	0.086426	-0.360840	0.611367	-0.082753	-0.780129	-0.103831
07732		9.517787	0.617323	-2.272667	0.007152	-0.004459	-0.006318	-0.903564	0.095215	-0.367920	0.611323	-0.082747	-0.780173	-0.103763
07733		9.537592	0.610765	-2.284330	0.003815	-0.004578	-0.004176	-0.897461	0.092773	-0.367676	0.611303	-0.082846	-0.780181	-0.103740
07734		9.520060	0.609901	-2.272013	0.008956	-0.002849	-0.003450	-0.905273	0.094482	-0.369873	0.611317	-0.082888	-0.780178	-0.103650
07735		9.518256	0.621871	-2.266414	0.010944	-0.001945	0.000364	-0.903320	0.089600	-0.370605	0.611341	-0.082967	-0.780168	-0.103524
07736		9.535447	0.622433	-2.280237	0.007473	-0.001228	0.002312	-0.896484	0.089844	-0.364014	0.611376	-0.083052	-0.780147	-0.103399
07737		9.519767	0.607917	-2.273772	-0.004894	-0.002971	0.005006	-0.908203	0.088867	-0.370361	0.611372	-0.083260	-0.780133	-0.103368
07738		9.523968	0.541482	-2.282935	0.004627	-0.002927	0.002505	-0.904785	0.083984	-0.370117	0.611379	-0.083365	-0.780130	-0.103267
07739		9.541632	0.576389	-2.256535	0.012097	0.001521	-0.001108	-0.894043	0.093994	-0.364746	0.611437	-0.083333	-0.780109	-0.103105
07740		9.523740	0.600390	-2.262967	0.005951	-0.001392	-0.000081	-0.907471	0.097412	-0.362305	0.611459	-0.083428	-0.780092	-0.103019
07741		9.529835	0.567026	-2.273093	0.003521	-0.000587	-0.001195	-0.898682	0.097900	-0.365234	0.611454	-0.083563	-0.780087	-0.102985
07742		9.524689	0.559055	-2.259151	0.012502	0.000906	-0.002497	-0.904785	0.095703	-0.370117	0.611496	-0.083609	-0.780064	-0.102870
07743		9.525299	0.588208	-2.269626	0.011030	0.000873	-0.004139	-0.901611	0.096436	-0.374268	0.611543	-0.083635	-0.780037	-0.102778
07744		9.525303	0.588379	-2.269562	0.008564	0.000882	-0.001969	-0.906494	0.099365	-0.364014	0.611610	-0.083701	-0.779988	-0.102693
07745		9.537397	0.581981	-2.268955	0.007362	-0.000823	-0.003221	-0.906982	0.097656	-0.370117	0.611610	-0.083793	-0.779985	-0.102640
07746		9.531011	0.570689	-2.264147	0.012602	0.001169	-0.000990	-0.900635	0.098877	-0.370850	0.611661	-0.083849	-0.779956	-0.102515
07747		9.527727	0.594599	-2.251644	0.008063	-0.000654	-0.000102	-0.901611	0.098145	-0.368164	0.611702	-0.083955	-0.779924	-0.102426
07748		9.521737	0.567568	-2.262355	0.000185	-0.000704	0.000947	-0.902100	0.101562	-0.367920	0.611725	-0.084125	-0.779891	-0.102403
07749		9.504858	0.550324	-2.264664	0.007241	-0.000651	0.000621	-0.903809	0.096436	-0.373291	0.611753	-0.084260	-0.779864	-0.102325
07750		9.530100	0.550455	-2.289361	0.010394	0.000171	-0.002464	-0.905273	0.095703	-0.365234	0.611805	-0.084302	-0.779832	-0.102224
07751		9.515517	0.600057	-2.252996	0.008615	0.001013	-0.001214	-0.896973	0.093506	-0.373047	0.611833	-0.084366	-0.779816	-0.102127
07752		9.541499	0.574383	-2.257608	0.003449	0.001608	0.001422	-0.896484	0.096436	-0.364502	0.611906	-0.084471	-0.779757	-0.102052
07753		9.514336	0.550891	-2.266229	0.004934	0.002872	0.005123	-0.902344	0.101562	-0.375000	0.611967	-0.084619	-0.779708	-0.101941
07754		9.519246	0.573055	-2.264393	0.007487	0.001895	0.002402	-0.903076	0.099365	-0.361816	0.612046	-0.084757	-0.779643	-0.101847
07755		9.529254	0.548571	-2.246529	-0.000527	0.000791	0.005229	-0.896973	0.099121	-0.364746	0.612059	-0.084970	-0.779616	-0.101797
07756		9.539591	0.508817	-2.244295	0.007610	-0.000170	0.000541	-0.900391	0.092529	-0.366943	0.612086	-0.085069	-0.779597	-0.101698
07757		9.532077	0.538608	-2.244200	-0.002994	-0.003982	-0.000083	-0.897461	0.099365	-0.366211	0.612066	-0.085201	-0.779600	-0.101682
07758		9.526194	0.506876	-2.305478	0.004074	0.001078	-0.002305	-0.902832	0.093994	-0.368652	0.612103	-0.085296	-0.779566	-0.101641
07759		9.525489	0.537953	-2.274253	0.014715	0.003793	-0.002986	-0.888184	0.106689	-0.372314	0.612176	-0.085263	-0.779533	-0.101487
07760		9.529391	0.547915	-2.246108	0.013157	0.004723	-0.004073	-0.903076	0.092529	-0.363770	0.612292	-0.085309	-0.779449	-0.101397
07761		9.531226	0.535930	-2.251523	0.005093	0.003489	-0.001999	-0.900391	0.105469	-0.372803	0.612333	-0.085349	-0.779421	-0.101322
07762		9.541017	0.522895	-2.268418	0.007929	0.002069	-0.002268	-0.897705	0.103271	-0.365723	0.612400	-0.085453	-0.779364	-0.101268
07763		9.523879	0.521911	-2.254497	0.009623	0.004081	-0.004938	-0.907959	0.102051	-0.370605	0.612464	-0.085498	-0.779317	-0.101207
07764		9.537441	0.519242	-2.243673	0.012102	0.005299	-0.005044	-0.905762	0.095459	-0.370361	0.612542	-0.085516	-0.779264	-0.101126
07765		9.530691	0.534576	-2.257218	0.010814	0.006446	-0.007719	-0.908203	0.096191	-0.373291	0.612628	-0.085470	-0.779211	-0.101054
07766		9.538713	0.540409	-2.216656	0.001276	0.005172	-0.007295	-0.903564	0.097900	-0.370117	0.612698	-0.085510	-0.779149	-0.101075
07767		9.515402	0.524353	-2.248028	-0.001901	0.001892	-0.008326	-0.900635	0.098145	-0.357910	0.612727	-0.085576	-0.779111	-0.101134
07768		9.533931	0.530516	-2.251729	0.001964	0.002229	-0.004254	-0.895752	0.097168	-0.366943	0.612730	-0.085653	-0.779102	-0.101120
07769		9.537114	0.567093	-2.243298	0.002797	0.005343	-0.004898	-0.902832	0.099121	-0.367188	0.612803	-0.085703	-0.779042	-0.101103
07770		9.541938	0.546434	-2.245447	-0.012306	0.004623	0.003571	-0.900391	0.093506	-0.372803	0.612852	-0.085967	-0.778964	-0.101178
07771		9.530756	0.527106	-2.225157	-0.016197	0.004728	0.004841	-0.909912	0.100098	-0.365723	0.612923	-0.086230	-0.778869	-0.101258
07772		9.526792	0.488369	-2.240566	-0.021203	0.004047	0.002329	-0.893555	0.103027	-0.367676	0.612938	-0.086556	-0.778798	-0.101432
07773		9.540100	0.451553	-2.269204	-0.004617	0.006038	-0.002439	-0.894775	0.101074	-0.364014	0.613017	-0.086714	-0.778712	-0.101485
07774		9.530832	0.509922	-2.245626	0.011600	0.005659	-0.005148	-0.898682	0.105957	-0.365479	0.613090	-0.086708	-0.778667	-0.101392
07775		9.539250	0.499614	-2.220639	0.008521	0.004530	-0.006656	-0.897217	0.107422	-0.369629	0.613146	-0.086747	-0.778622	-0.101361
07776		9.531762	0.486678	-2.224080	0.017072	0.002956	-0.012716	-0.891846	0.111084	-0.363770	0.613204	-0.086672	-0.778593	-0.101297
07777		9.522475	0.540932	-2.251839	0.010663	0.002939	-0.010036	-0.902588	0.104736	-0.374023	0.613246	-0.086698	-0.778559	-0.101287
07778		9.526728	0.482409	-2.208769	0.017451	0.004669	-0.010736	-0.904297	0.104004	-0.371094	0.613329	-0.086621	-0.778513	-0.101200
07779		9.540759	0.510004	-2.208652	0.024184	0.005037	-0.014238	-0.899170	0.101807	-0.370117	0.613406	-0.086455	-0.778488	-0.101071
07780		9.550637	0.543214	-2.220639	0.017542	0.003703	-0.011280	-0.903320	0.102295	-0.378174	0.613470	-0.086354	-0.778462	-0.100972
07781		9.544274	0.533426	-2.215405	0.009979	0.000220	-0.007131	-0.890869	0.100586	-0.369141	0.613517	-0.086362	-0.778430	-0.100918
07782		9.551669	0.504713	-2.216047	0.009564	-0.000394	-0.007797	-0.904541	0.107666	-0.369873	0.613546	-0.086350	-0.778417	-0.100857
07783		9.536445	0.521674	-2.220077	0.006989	-0.001881	-0.009192	-0.901123	0.108887	-0.372070	0.613536	-0.086401	-0.778418	-0.100866
07784		9.544945	0.496853	-2.211974	0.002224	-0.001908	-0.007961	-0.905273	0.100098	-0.375000	0.613535	-0.086507	-0.778400	-0.100916
07785		9.544741	0.498748	-2.212427	0.001672	-0.001688	-0.008824	-0.898193	0.096680	-0.374268	0.613539	-0.086549	-0.778389	-0.100944
07786		9.534052	0.494876	-2.220063	-0.002269	-0.003605	-0.006335	-0.897461	0.100098	-0.370361	0.613531	-0.086620	-0.778384	-0.100971
07787		9.543525	0.528020	-2.233650	0.000570	-0.003134	-0.008574	-0.895020	0.101562	-0.375244	0.613516	-0.086669	-0.778386	-0.101000
07788		9.547404	0.524074	-2.222327	-0.002261	-0.002373	-0.004281	-0.899658	0.104004	-0.375732	0.613531	-0.086790	-0.778357	-0.101031
07789		9.528104	0.501331	-2.242850	-0.003214	-0.000302	-0.001707	-0.897705	0.095947	-0.374268	0.613563	-0.086958	-0.778309	-0.101066
07790		9.544879	0.518881	-2.240666	-0.000417	0.001271	-0.002644	-0.900879	0.101074	-0.368896	0.613610	-0.087035	-0.778266	-0.101045
07791		9.542257	0.518307	-2.207867	-0.014483	0.002499	0.000769	-0.899658	0.104736	-0.374756	0.613635	-0.087287	-0.778204	-0.101157
07792		9.545883	0.528712	-2.180420	-0.020491	-0.003147	0.003956	-0.899170	0.098877	-0.371338	0.613623	-0.087644	-0.778153	-0.101312
07793		9.515386	0.436617	-2.237382	-0.015916	-0.003647	-0.000272	-0.903809	0.097656	-0.370605	0.613596	-0.087882	-0.778132	-0.101426
07794		9.518116	0.429413	-2.234983	0.004877	-0.000726	-0.011148	-0.901611	0.103271	-0.369629	0.613597	-0.087842	-0.778137	-0.101419
07795		9.534169	0.464830	-2.217889	0.014488	-0.000976	-0.018193	-0.895508	0.103760	-0.381592	0.613597	-0.087697	-0.778156	-0.101395
07796		9.555244	0.508962	-2.214983	0.016089	-0.001113	-0.020375	-0.906982	0.107422	-0.372803	0.613643	-0.087521	-0.778142	-0.101373
07797		9.531768	0.529147	-2.208034	0.018475	-0.002039	-0.019996	-0.902832	0.099609	-0.376221	0.613637	-0.087364	-0.778169	-0.101346
07798		9.546965	0.545901	-2.215836	0.017206	-0.002204	-0.014609	-0.895508	0.099121	-0.369385	0.613652	-0.087217	-0.778185	-0.101256
07799		9.523066	0.535039	-2.198533	0.008054	-0.004328	-0.006227	-0.899658	0.102539	-0.363281	0.613636	-0.087219	-0.778207	-0.101184
07800		9.539128	0.479603	-2.191632	0.006449	-0.005423	-0.006090	-0.903564	0.098633	-0.374512	0.613581	-0.087261	-0.778251	-0.101141
07801		9.536259	0.474440	-2.211503	0.010381	-0.007853	-0.010699	-0.896973	0.110352	-0.371582	0.613533	-0.087205	-0.778303	-0.101078
07802		9.545989	0.526838	-2.201998	0.005153	-0.008637	-0.010882	-0.898682	0.109375	-0.367432	0.613471	-0.087266	-0.778341	-0.101114
07803		9.546460	0.497579	-2.234754	-0.000979	-0.009102	-0.005770	-0.895020	0.105713	-0.371582	0.613389	-0.087417	-0.778381	-0.101166
07804		9.528625	0.497675	-2.223572	0.007544	-0.008326	-0.008457	-0.896973	0.098389	-0.369385	0.613340	-0.087449	-0.778420	-0.101139
07805		9.537865	0.485908	-2.242918	0.008374	-0.007094	-0.007125	-0.897705	0.103516	-0.368896	0.613297	-0.087436	-0.778465	-0.101063
07806		9.536822	0.502939	-2.229464	0.014740	-0.007195	-0.010538	-0.895996	0.104980	-0.378662	0.613253	-0.087377	-0.778518	-0.100974
07807		9.547915	0.513775	-2.215381	0.002732	-0.008498	-0.007969	-0.900879	0.110352	-0.370361	0.613220	-0.087447	-0.778535	-0.100988
07808		9.545499	0.493422	-2.250693	0.001031	-0.006743	-0.009258	-0.904541	0.109619	-0.373291	0.613167	-0.087551	-0.778556	-0.101054
07809		9.545072	0.495341	-2.252082	0.006536	-0.004504	-0.008608	-0.900635	0.100830	-0.364258	0.613148	-0.087612	-0.778563	-0.101062
07810		9.539156	0.505084	-2.223606	0.005975	-0.002402	-0.011447	-0.901123	0.105957	-0.367432	0.613122	-0.087586	-0.778587	-0.101058
07811		9.531980	0.477152	-2.243520	0.002495	-0.001694	-0.009522	-0.899414	0.098877	-0.369141	0.613111	-0.087639	-0.778584	-0.101098
07812		9.537158	0.477485	-2.222811	0.007345	-0.000738	-0.013277	-0.901611	0.110352	-0.367432	0.613119	-0.087570	-0.778587	-0.101088
07813		9.543720	0.476183	-2.243506	0.009036	-0.001843	-0.016007	-0.902588	0.094482	-0.377441	0.613104	-0.087540	-0.778596	-0.101134
07814		9.530633	0.501665	-2.229674	0.017285	-0.002507	-0.019155	-0.903564	0.101562	-0.375488	0.613120	-0.087314	-0.778620	-0.101054
07815		9.541623	0.524033	-2.249318	0.010737	-0.000477	-0.014642	-0.907227	0.093750	-0.374268	0.613145	-0.087229	-0.778611	-0.101039
07816		9.540552	0.513873	-2.223432	0.003122	-0.000352	-0.015198	-0.901611	0.095703	-0.373779	0.613154	-0.087148	-0.778609	-0.101070
07817		9.534981	0.519154	-2.244523	0.002760	0.000401	-0.013068	-0.897461	0.100098	-0.368164	0.613179	-0.087101	-0.778592	-0.101096
07818		9.554796	0.520276	-2.204663	0.002217	-0.001265	-0.011952	-0.902832	0.096924	-0.374268	0.613176	-0.087098	-0.778589	-0.101134
07819		9.542979	0.513380	-2.220996	-0.003549	-0.001256	-0.006933	-0.910645	0.098633	-0.375000	0.613185	-0.087170	-0.778568	-0.101179
07820		9.538380	0.492062	-2.222351	-0.001265	-0.000560	-0.010029	-0.901367	0.101562	-0.366455	0.613190	-0.087208	-0.778552	-0.101236
07821		9.534065	0.499952	-2.234309	0.002904	0.000805	-0.010821	-0.900391	0.105225	-0.375977	0.613199	-0.087219	-0.778540	-0.101270
07822		9.559004	0.508631	-2.208234	0.000655	0.000889	-0.010996	-0.894043	0.101074	-0.371338	0.613236	-0.087267	-0.778496	-0.101341
07823		9.535052	0.508165	-2.225042	0.004104	-0.000594	-0.009643	-0.892822	0.098633	-0.371582	0.613259	-0.087275	-0.778476	-0.101345
07824		9.537935	0.501369	-2.222178	0.003505	0.000724	-0.009209	-0.895752	0.101562	-0.374512	0.613297	-0.087274	-0.778447	-0.101342
07825		9.535441	0.496553	-2.240325	0.009285	0.000074	-0.010204	-0.898438	0.098389	-0.371826	0.613338	-0.087240	-0.778423	-0.101303
07826		9.540117	0.512380	-2.203960	0.007991	0.001204	-0.012872	-0.904785	0.104248	-0.370361	0.613374	-0.087169	-0.778406	-0.101287
07827		9.552817	0.492894	-2.218449	0.007449	-0.000462	-0.011755	-0.899658	0.098877	-0.378662	0.613379	-0.087156	-0.778402	-0.101295
07828		9.540442	0.501997	-2.219277	0.007026	0.000802	-0.014392	-0.904297	0.103271	-0.373291	0.613426	-0.087083	-0.778372	-0.101301
07829		9.546266	0.487546	-2.213607	0.006343	-0.001268	-0.015515	-0.900879	0.104980	-0.366455	0.613428	-0.087037	-0.778370	-0.101343
07830		9.526367	0.482872	-2.218860	0.006202	-0.001671	-0.017752	-0.905518	0.106934	-0.372803	0.613406	-0.086982	-0.778385	-0.101412
07831		9.541506	0.500696	-2.226243	0.009629	0.000614	-0.020346	-0.897461	0.094971	-0.372803	0.613419	-0.086887	-0.778376	-0.101479
07832		9.530775	0.533795	-2.193622	0.007064	0.000345	-0.019688	-0.903076	0.096680	-0.374268	0.613440	-0.086741	-0.778372	-0.101511
07833		9.537972	0.518174	-2.229355	0.001662	-0.001647	-0.018841	-0.900879	0.105225	-0.377441	0.613433	-0.086662	-0.778375	-0.101598
07834		9.529617	0.523520	-2.218551	0.004229	-0.001376	-0.019491	-0.897217	0.101318	-0.369873	0.613443	-0.086610	-0.778360	-0.101700
07835		9.532918	0.566640	-2.202723	-0.006071	-0.003239	-0.013610	-0.897461	0.094238	-0.370605	0.613413	-0.086673	-0.778358	-0.101840
07836		9.552076	0.486238	-2.216658	-0.011518	-0.005370	-0.013509	-0.898193	0.101562	-0.372803	0.613359	-0.086737	-0.778373	-0.101999
07837		9.548806	0.464271	-2.259986	0.014051	-0.001678	-0.019491	-0.897461	0.108398	-0.370605	0.613366	-0.086587	-0.778385	-0.101990
07838		9.531133	0.530491	-2.218442	0.020598	-0.000566	-0.023909	-0.904541	0.101562	-0.363281	0.613380	-0.086386	-0.778397	-0.101983
07839		9.535435	0.548771	-2.182843	0.011398	-0.003460	-0.022352	-0.900879	0.107178	-0.370361	0.613326	-0.086239	-0.778450	-0.102030
07840		9.527020	0.519934	-2.212614	0.001884	-0.007943	-0.022004	-0.903076	0.091797	-0.375488	0.613245	-0.086208	-0.778497	-0.102182
07841		9.532487	0.535964	-2.219412	0.009311	-0.006094	-0.020346	-0.904785	0.095459	-0.372314	0.613206	-0.086040	-0.778546	-0.102186
07842		9.531933	0.540400	-2.220715	0.005443	-0.004008	-0.020320	-0.892578	0.098145	-0.374756	0.613171	-0.085926	-0.778578	-0.102249
07843		9.539821	0.563084	-2.209049	0.002900	-0.007402	-0.019724	-0.904541	0.091064	-0.373535	0.613125	-0.085853	-0.778611	-0.102333
07844		9.525272	0.522600	-2.234083	0.006292	-0.007123	-0.021086	-0.893799	0.103760	-0.367920	0.613064	-0.085704	-0.778670	-0.102372
07845		9.526940	0.562736	-2.228486	0.004593	-0.006023	-0.018366	-0.900391	0.097412	-0.373047	0.613014	-0.085669	-0.778702	-0.102460
07846		9.531376	0.545630	-2.233130	0.003355	-0.005407	-0.016276	-0.891846	0.095215	-0.364258	0.612977	-0.085627	-0.778728	-0.102520
07847		9.533980	0.540372	-2.231427	0.000738	-0.004582	-0.014334	-0.897461	0.097168	-0.373047	0.612935	-0.085607	-0.778755	-0.102581
07848		9.528626	0.535891	-2.218349	0.000231	-0.004235	-0.014447	-0.904053	0.098877	-0.379150	0.612913	-0.085603	-0.778763	-0.102656
07849		9.521326	0.543485	-2.199291	0.003643	-0.005832	-0.013837	-0.903564	0.097412	-0.370361	0.612890	-0.085594	-0.778776	-0.102700
07850		9.530415	0.485958	-2.231474	-0.001867	-0.006236	-0.016449	-0.891113	0.096191	-0.375732	0.612828	-0.085594	-0.778809	-0.102815
07851		9.536976	0.534076	-2.239764	0.014531	-0.004606	-0.024131	-0.894775	0.096436	-0.369873	0.612823	-0.085379	-0.778837	-0.102816
07852		9.538788	0.517466	-2.212403	0.006486	-0.008412	-0.026142	-0.901611	0.092529	-0.373779	0.612748	-0.085217	-0.778901	-0.102914
07853		9.528449	0.578864	-2.234070	0.009132	-0.007219	-0.029301	-0.902100	0.099121	-0.370605	0.612686	-0.084983	-0.778964	-0.102999
07854		9.544186	0.573696	-2.223356	0.002092	-0.009245	-0.027021	-0.903076	0.092041	-0.364990	0.612590	-0.084872	-0.779030	-0.103164
07855		9.528668	0.579300	-2.244313	0.002356	-0.007790	-0.026556	-0.896973	0.097412	-0.381592	0.612492	-0.084722	-0.779106	-0.103299
07856		9.531897	0.608447	-2.245367	0.002206	-0.009612	-0.021523	-0.893799	0.100342	-0.375732	0.612439	-0.084653	-0.779140	-0.103408
07857		9.542277	0.603383	-2.255648	0.003377	-0.006642	-0.018263	-0.892822	0.094238	-0.365967	0.612408	-0.084621	-0.779156	-0.103498
07858		9.541242	0.593798	-2.230702	0.008390	-0.002624	-0.014971	-0.899658	0.099854	-0.366455	0.612399	-0.084544	-0.779171	-0.103497
07859		9.530747	0.562060	-2.227697	0.004843	-0.005336	-0.014601	-0.907471	0.096680	-0.371338	0.612353	-0.084538	-0.779201	-0.103553
07860		9.538196	0.564464	-2.240421	0.007149	-0.006504	-0.015707	-0.900146	0.094727	-0.375000	0.612301	-0.084489	-0.779243	-0.103582
07861		9.541913	0.562641	-2.230178	0.005002	-0.007408	-0.016420	-0.895020	0.096436	-0.368896	0.612257	-0.084437	-0.779278	-0.103625
07862		9.526912	0.584990	-2.226725	0.000557	-0.008386	-0.018049	-0.898438	0.096191	-0.373535	0.612186	-0.084413	-0.779322	-0.103728
07863		9.512269	0.572950	-2.262974	-0.000571	-0.009981	-0.018530	-0.896973	0.094238	-0.373291	0.612108	-0.084395	-0.779370	-0.103845
07864		9.536959	0.597409	-2.265567	0.002208	-0.008373	-0.019465	-0.897705	0.097412	-0.368896	0.612048	-0.084334	-0.779412	-0.103935
07865		9.534554	0.585098	-2.250608	0.006350	-0.008982	-0.019027	-0.908203	0.099365	-0.366943	0.611974	-0.084266	-0.779469	-0.103996
07866		9.516328	0.616209	-2.250054	0.003477	-0.006369	-0.016750	-0.903809	0.090576	-0.363770	0.611907	-0.084256	-0.779511	-0.104085
07867		9.531628	0.576014	-2.237123	0.000795	-0.007705	-0.014325	-0.900635	0.091553	-0.371338	0.611825	-0.084240	-0.779569	-0.104143
07868		9.512790	0.568310	-2.284859	0.007470	-0.006143	-0.016512	-0.902832	0.096191	-0.373047	0.611788	-0.084153	-0.779606	-0.104155
07869		9.535241	0.590990	-2.254437	0.007635	-0.004960	-0.017537	-0.903076	0.089600	-0.368164	0.611764	-0.084082	-0.779627	-0.104195
07870		9.519142	0.609713	-2.259421	0.007590	-0.005096	-0.018274	-0.908691	0.093262	-0.372803	0.611723	-0.083968	-0.779669	-0.104216
07871		9.517892	0.581332	-2.258679	0.005236	-0.004070	-0.017905	-0.900146	0.095215	-0.371582	0.611697	-0.083899	-0.779689	-0.104275
07872		9.535719	0.590634	-2.263995	0.008476	-0.002938	-0.019467	-0.904785	0.099121	-0.369141	0.611690	-0.083796	-0.779699	-0.104320
07873		9.537590	0.601789	-2.246792	0.006377	-0.003712	-0.019435	-0.899658	0.092773	-0.369141	0.611661	-0.083737	-0.779717	-0.104405
07874		9.517544	0.597399	-2.252760	0.007609	-0.006334	-0.020277	-0.904053	0.090088	-0.370605	0.611614	-0.083627	-0.779759	-0.104453
07875		9.519290	0.608654	-2.236041	0.009094	-0.004247	-0.019877	-0.900391	0.095215	-0.370361	0.611587	-0.083494	-0.779791	-0.104479
07876		9.525523	0.608526	-2.257604	0.006683	-0.005374	-0.019019	-0.903809	0.091797	-0.371826	0.611553	-0.083418	-0.779818	-0.104540
07877		9.517837	0.664648	-2.225705	0.005071	-0.007265	-0.015625	-0.902588	0.092529	-0.368652	0.611502	-0.083373	-0.779857	-0.104577
07878		9.534648	0.554899	-2.291159	-0.008555	-0.004729	-0.014109	-0.902344	0.091797	-0.361328	0.611457	-0.083449	-0.779862	-0.104742
07879		9.510060	0.609019	-2.244938	0.010253	-0.001263	-0.016630	-0.902832	0.093018	-0.365723	0.611443	-0.083347	-0.779884	-0.104744
07880		9.540701	0.624803	-2.275234	0.011949	-0.001110	-0.017307	-0.911377	0.095459	-0.369141	0.611442	-0.083234	-0.779898	-0.104740
07881		9.522030	0.628970	-2.220983	0.006462	-0.002194	-0.015913	-0.898193	0.092285	-0.369629	0.611426	-0.083195	-0.779908	-0.104792
07882		9.523435	0.601174	-2.252068	0.003089	-0.003742	-0.016563	-0.900146	0.092041	-0.364502	0.611408	-0.083156	-0.779916	-0.104862
07883		9.513855	0.602164	-2.250774	0.004005	-0.003460	-0.015793	-0.897705	0.093018	-0.371094	0.611378	-0.083117	-0.779936	-0.104918
07884		9.519347	0.617352	-2.256523	0.006021	-0.000941	-0.018526	-0.895752	0.094238	-0.360352	0.611393	-0.083038	-0.779925	-0.104980
07885		9.522251	0.612643	-2.253984	0.007045	-0.001626	-0.018291	-0.902344	0.086426	-0.372070	0.611375	-0.082961	-0.779939	-0.105036
07886		9.526591	0.624584	-2.268600	0.005153	-0.001087	-0.018548	-0.895752	0.086182	-0.370605	0.611385	-0.082855	-0.779937	-0.105085
07887		9.541061	0.629195	-2.249822	0.012456	0.001813	-0.016386	-0.903076	0.087891	-0.373779	0.611437	-0.082707	-0.779917	-0.105045
07888		9.518470	0.645362	-2.283392	0.007328	0.001210	-0.015081	-0.907227	0.093262	-0.367676	0.611479	-0.082626	-0.779891	-0.105056
07889		9.508331	0.661428	-2.265419	0.001211	0.004682	-0.012489	-0.900879	0.089844	-0.370605	0.611529	-0.082645	-0.779839	-0.105134
07890		9.538332	0.617753	-2.239936	-0.004254	0.002956	-0.007121	-0.904541	0.090088	-0.368896	0.611580	-0.082739	-0.779780	-0.105207
07891		9.524614	0.603299	-2.273156	-0.007466	0.002583	-0.008800	-0.901123	0.098877	-0.370361	0.611611	-0.082844	-0.779728	-0.105325
07892		9.539999	0.578274	-2.242713	-0.001852	0.001468	-0.012733	-0.903564	0.092041	-0.371338	0.611640	-0.082915	-0.779680	-0.105449
07893		9.537653	0.594085	-2.236604	0.003468	-0.001239	-0.017852	-0.897949	0.090576	-0.377441	0.611642	-0.082862	-0.779674	-0.105532
07894		9.510299	0.622707	-2.232512	0.003442	-0.002618	-0.020598	-0.903076	0.083252	-0.373535	0.611649	-0.082775	-0.779664	-0.105627
07895		9.524647	0.622346	-2.264616	0.005853	-0.001483	-0.021446	-0.907471	0.085938	-0.375977	0.611652	-0.082623	-0.779671	-0.105682
07896		9.515147	0.624447	-2.262682	0.008622	0.000143	-0.022380	-0.908203	0.086914	-0.372559	0.611674	-0.082456	-0.779665	-0.105731
07897		9.520346	0.627775	-2.241925	0.010026	-0.001292	-0.024239	-0.899658	0.085938	-0.359863	0.611670	-0.082270	-0.779680	-0.105784
07898		9.546214	0.656495	-2.234034	0.011342	-0.002392	-0.021587	-0.901611	0.089844	-0.367920	0.611637	-0.082095	-0.779723	-0.105799
07899		9.523044	0.660746	-2.242347	0.006572	-0.002517	-0.020371	-0.899902	0.090820	-0.373535	0.611618	-0.081992	-0.779739	-0.105866
07900		9.510087	0.651839	-2.267730	0.006352	-0.000581	-0.019299	-0.903076	0.084717	-0.371338	0.611637	-0.081904	-0.779725	-0.105933
07901		9.524136	0.624705	-2.247247	0.010969	-0.001634	-0.019479	-0.902344	0.085449	-0.365234	0.611640	-0.081750	-0.779738	-0.105935
07902		9.532903	0.650846	-2.226001	0.019243	-0.002152	-0.022572	-0.900635	0.089600	-0.375000	0.611627	-0.081508	-0.779781	-0.105883
07903		9.515097	0.615195	-2.261803	0.008720	-0.004219	-0.024392	-0.905029	0.082031	-0.372314	0.611608	-0.081355	-0.779801	-0.105961
07904		9.525010	0.678245	-2.234201	0.011131	-0.005089	-0.024008	-0.895020	0.086182	-0.364258	0.611572	-0.081152	-0.779847	-0.105986
07905		9.517671	0.699984	-2.241598	0.007854	-0.005764	-0.017206	-0.894775	0.086670	-0.359375	0.611526	-0.081062	-0.779890	-0.106005
07906		9.529477	0.678011	-2.266427	0.004644	-0.005535	-0.012905	-0.905518	0.083740	-0.370850	0.611471	-0.081043	-0.779932	-0.106025
07907		9.514320	0.678879	-2.286457	0.002836	-0.004112	-0.005721	-0.905518	0.086914	-0.368652	0.611457	-0.081093	-0.779941	-0.106002
07908		9.513919	0.666809	-2.261069	0.007942	-0.002243	-0.005011	-0.903320	0.091064	-0.370850	0.611461	-0.081126	-0.779943	-0.105937
07909		9.518233	0.662000	-2.249698	0.009503	-0.001879	-0.001922	-0.895996	0.083008	-0.367676	0.611482	-0.081196	-0.779931	-0.105848
07910		9.527031	0.651557	-2.226492	0.008123	-0.003700	-0.000837	-0.903809	0.088867	-0.375732	0.611486	-0.081243	-0.779939	-0.105730
07911		9.530152	0.642834	-2.224514	0.007521	-0.003637	-0.002424	-0.898193	0.084717	-0.373291	0.611500	-0.081312	-0.779932	-0.105652
07912		9.521820	0.624804	-2.238534	0.004935	-0.005334	-0.004515	-0.899902	0.086670	-0.373779	0.611493	-0.081358	-0.779940	-0.105597
07913		9.514628	0.623703	-2.270135	0.002127	-0.007105	-0.004312	-0.899658	0.085693	-0.368896	0.611465	-0.081440	-0.779957	-0.105572
07914		9.527973	0.654268	-2.264116	0.010825	-0.005599	-0.004017	-0.905518	0.090332	-0.366211	0.611448	-0.081451	-0.779984	-0.105458
07915		9.520783	0.658689	-2.245385	0.012811	-0.005850	-0.002282	-0.903320	0.087891	-0.366699	0.611419	-0.081490	-0.780020	-0.105330
07916		9.531597	0.629716	-2.279613	0.006258	-0.008436	-0.000636	-0.894043	0.080566	-0.355957	0.611365	-0.081585	-0.780064	-0.105241
07917		9.529878	0.612976	-2.264453	0.011388	-0.007810	-0.001930	-0.900391	0.093262	-0.369873	0.611304	-0.081586	-0.780134	-0.105082
07918		9.517906	0.590248	-2.256056	0.015513	-0.007751	-0.005458	-0.896973	0.088623	-0.372559	0.611272	-0.081587	-0.780175	-0.104957
07919		9.517947	0.465722	-2.367250	0.036276	-0.006421	-0.014926	-0.903809	0.089844	-0.368408	0.611274	-0.081309	-0.780240	-0.104685
07920		9.493618	0.724153	-2.234911	0.061795	-0.001069	-0.018841	-0.903809	0.081543	-0.368896	0.611329	-0.080802	-0.780313	-0.104206
07921		9.517102	0.748430	-2.195928	0.012596	-0.006545	-0.005933	-0.900391	0.093262	-0.366699	0.611299	-0.080764	-0.780358	-0.104077
07922		9.506035	0.652132	-2.274366	-0.007010	-0.008763	0.000000	-0.902588	0.086182	-0.375488	0.611233	-0.080998	-0.780378	-0.104132
07923		9.520405	0.633889	-2.280961	-0.006616	-0.003486	0.004145	-0.900146	0.080566	-0.365479	0.611246	-0.081222	-0.780345	-0.104132
07924		9.518047	0.632372	-2.249256	-0.001865	-0.002100	0.004939	-0.901123	0.095703	-0.365479	0.611255	-0.081386	-0.780331	-0.104058
07925		9.529288	0.621866	-2.258101	-0.009090	-0.003519	0.006263	-0.901611	0.085938	-0.367920	0.611243	-0.081696	-0.780303	-0.104096
07926		9.508539	0.576561	-2.269947	-0.013626	-0.002826	0.001942	-0.904297	0.088867	-0.364502	0.611233	-0.081944	-0.780273	-0.104175
07927		9.525234	0.546909	-2.281871	0.001853	-0.003304	-0.005204	-0.897705	0.092041	-0.365479	0.611214	-0.082020	-0.780282	-0.104168
07928		9.521942	0.608369	-2.263428	0.021117	0.001820	-0.009558	-0.904785	0.091064	-0.367432	0.611269	-0.081912	-0.780270	-0.104019
07929		9.524151	0.616829	-2.245455	0.011238	-0.000193	-0.009054	-0.904297	0.089111	-0.370850	0.611291	-0.081886	-0.780263	-0.103960
07930		9.537181	0.525644	-2.306009	0.015883	-0.002483	-0.011225	-0.895996	0.090332	-0.368896	0.611302	-0.081794	-0.780277	-0.103862
07931		9.514517	0.559106	-2.315708	0.045896	0.006822	-0.017268	-0.899170	0.089355	-0.364014	0.611431	-0.081406	-0.780261	-0.103530
07932		9.508377	0.700528	-2.253145	0.053818	0.010479	-0.016742	-0.895020	0.089600	-0.365479	0.611587	-0.080958	-0.780239	-0.103119
07933		9.527874	0.684883	-2.194664	0.023549	0.006365	-0.008881	-0.904297	0.085693	-0.372314	0.611690	-0.080826	-0.780196	-0.102941
07934		9.521088	0.650950	-2.221696	-0.009286	-0.000072	0.000838	-0.904053	0.090332	-0.374023	0.611716	-0.081031	-0.780148	-0.102992
07935		9.514097	0.558323	-2.321056	-0.000718	0.001025	-0.001061	-0.903076	0.087891	-0.368164	0.611763	-0.081172	-0.780096	-0.102990
07936		9.513296	0.626342	-2.283671	0.016139	0.007023	-0.005775	-0.902344	0.090332	-0.368652	0.611865	-0.081118	-0.780039	-0.102856
07937		9.533005	0.694473	-2.205949	-0.011936	0.004735	0.000265	-0.895264	0.093506	-0.366455	0.611926	-0.081352	-0.779954	-0.102956
07938		9.538621	0.589864	-2.227218	-0.037072	-0.000759	0.008054	-0.902344	0.087891	-0.371338	0.611919	-0.081873	-0.779867	-0.103244
07939		9.512551	0.539932	-2.309134	-0.018443	0.002287	0.002648	-0.908691	0.094727	-0.375244	0.611959	-0.082165	-0.779788	-0.103374
07940		9.523171	0.598476	-2.279505	0.002166	0.007096	-0.002267	-0.897461	0.093750	-0.372314	0.612063	-0.082277	-0.779695	-0.103370
07941		9.517872	0.626476	-2.224632	-0.008656	0.006033	-0.000546	-0.905518	0.089111	-0.376465	0.612152	-0.082482	-0.779593	-0.103449
07942		9.529361	0.565945	-2.253217	-0.012688	0.003616	-0.000283	-0.906494	0.095947	-0.368164	0.612214	-0.082700	-0.779508	-0.103548
07943		9.524003	0.568123	-2.272844	0.006739	0.007925	-0.004404	-0.899170	0.091797	-0.373779	0.612311	-0.082758	-0.779430	-0.103516
07944		9.531178	0.590966	-2.216869	0.003946	0.008913	-0.008667	-0.904053	0.092773	-0.373047	0.612431	-0.082769	-0.779333	-0.103528
07945		9.529212	0.585601	-2.233136	-0.002963	0.005829	-0.006941	-0.894775	0.092773	-0.361572	0.612508	-0.082861	-0.779254	-0.103596
07946		9.514604	0.554211	-2.248229	0.000252	0.005594	-0.011224	-0.897461	0.094727	-0.368896	0.612561	-0.082884	-0.779201	-0.103661
07947		9.532960	0.581962	-2.227243	0.008618	0.007383	-0.014058	-0.901123	0.096191	-0.376221	0.612652	-0.082822	-0.779134	-0.103676
07948		9.527509	0.605717	-2.222670	0.008619	0.007383	-0.014055	-0.897461	0.090820	-0.378418	0.612756	-0.082770	-0.779055	-0.103698
07949		9.537992	0.595102	-2.238190	0.007968	0.007936	-0.010413	-0.893799	0.093750	-0.371094	0.612878	-0.082729	-0.778965	-0.103680
07950		9.531433	0.601599	-2.216119	0.007455	0.008274	-0.010530	-0.902832	0.086914	-0.363037	0.612988	-0.082705	-0.778882	-0.103677
07951		9.523862	0.584736	-2.226863	0.009681	0.009494	-0.008350	-0.899414	0.091553	-0.377441	0.613085	-0.082653	-0.778820	-0.103613
07952		9.536597	0.580717	-2.224499	0.008006	0.004678	-0.011168	-0.904053	0.104004	-0.378174	0.613168	-0.082613	-0.778760	-0.103600
07953		9.529958	0.600499	-2.229263	0.009494	0.007536	-0.014011	-0.904297	0.097656	-0.365479	0.613272	-0.082594	-0.778675	-0.103642
07954		9.524494	0.591704	-2.222311	0.007015	0.007501	-0.011902	-0.906982	0.083496	-0.370605	0.613344	-0.082584	-0.778615	-0.103668
07955		9.534885	0.600641	-2.214007	0.003695	0.006059	-0.011821	-0.906738	0.087891	-0.379639	0.613408	-0.082533	-0.778569	-0.103676
07956		9.543113	0.602223	-2.223550	0.003861	0.008631	-0.010119	-0.889648	0.087891	-0.375977	0.613522	-0.082516	-0.778480	-0.103690
07957		9.532076	0.613729	-2.213272	0.006000	0.009571	-0.009406	-0.899902	0.094727	-0.378418	0.613656	-0.082483	-0.778379	-0.103673
07958		9.548222	0.620517	-2.183357	0.001939	0.008398	-0.007158	-0.902344	0.095459	-0.373291	0.613772	-0.082541	-0.778278	-0.103704
07959		9.546456	0.582578	-2.196883	0.002649	0.009380	-0.007332	-0.901855	0.097412	-0.376709	0.613882	-0.082595	-0.778182	-0.103733
07960		9.535502	0.606491	-2.213051	-0.000156	0.007599	-0.007134	-0.897217	0.088135	-0.369385	0.613980	-0.082683	-0.778087	-0.103792
07961		9.541452	0.574503	-2.187779	-0.007502	0.007128	-0.005313	-0.899658	0.095459	-0.369141	0.614055	-0.082799	-0.778005	-0.103874
07962		9.538499	0.565231	-2.213060	0.007394	0.007385	-0.008012	-0.898193	0.086182	-0.368896	0.614140	-0.082810	-0.777938	-0.103856
07963		9.551125	0.580725	-2.186541	0.017023	0.008582	-0.012870	-0.894775	0.090820	-0.375000	0.614242	-0.082652	-0.777889	-0.103751
07964		9.550354	0.579072	-2.193668	0.022244	0.009509	-0.012666	-0.899414	0.095215	-0.385010	0.614376	-0.082477	-0.777821	-0.103611
07965		9.533488	0.611243	-2.180795	0.020151	0.008709	-0.012640	-0.893311	0.091064	-0.383789	0.614517	-0.082342	-0.777737	-0.103510
07966		9.545208	0.603760	-2.187120	0.013987	0.008739	-0.011609	-0.895508	0.092041	-0.373535	0.614657	-0.082244	-0.777645	-0.103445
07967		9.537776	0.586997	-2.197658	0.014934	0.011184	-0.011339	-0.899902	0.091553	-0.384277	0.614794	-0.082145	-0.777557	-0.103373
