// Start Time: Unknown
// Update Rate: 40.0Hz
// Filter Profile: human (46.1)
// Firmware Version: 4.6.0
PacketCounter	SampleTimeFine	Acc_X	Acc_Y	Acc_Z	Gyr_X	Gyr_Y	Gyr_Z	Mag_X	Mag_Y	Mag_Z	Quat_q0	Quat_q1	Quat_q2	Quat_q3
07338		9.650223	1.047409	-1.305971	-0.007143	-0.008385	-0.004308	-0.742432	-0.317139	0.593994	-0.187835	-0.740406	0.135727	-0.630948
07339		9.644673	1.084297	-1.289490	0.001158	-0.009628	-0.007567	-0.745605	-0.321289	0.598145	-0.187868	-0.740497	0.135671	-0.630843
07340		9.646969	1.107659	-1.295593	0.002915	-0.008648	-0.010015	-0.749756	-0.322266	0.595703	-0.187933	-0.740584	0.135571	-0.630743
07341		9.656233	1.090859	-1.298951	0.002407	-0.007421	-0.012657	-0.740967	-0.324707	0.587646	-0.188048	-0.740659	0.135444	-0.630649
07342		9.643772	1.071437	-1.282551	-0.002166	-0.006394	-0.008825	-0.741211	-0.322754	0.593262	-0.188254	-0.740690	0.135373	-0.630566
07343		9.638632	1.057549	-1.301198	-0.011123	-0.006868	-0.006176	-0.744385	-0.318115	0.593994	-0.188460	-0.740712	0.135407	-0.630471
07344		9.643338	1.067388	-1.305820	-0.011232	-0.008946	-0.008321	-0.739014	-0.318115	0.579590	-0.188614	-0.740769	0.135436	-0.630352
07345		9.654612	1.049705	-1.341317	0.003796	-0.007203	-0.018553	-0.740234	-0.313477	0.603516	-0.188788	-0.740845	0.135237	-0.630252
07346		9.640885	1.060196	-1.317217	0.015652	-0.001829	-0.018882	-0.745850	-0.318359	0.605225	-0.188684	-0.740960	0.134953	-0.630210
07347		9.658889	1.053350	-1.313635	0.013225	-0.003882	-0.015626	-0.742676	-0.311035	0.585693	-0.188614	-0.741067	0.134718	-0.630155
07348		9.663972	1.055299	-1.338558	0.002749	-0.008158	-0.006476	-0.744629	-0.310059	0.600098	-0.188584	-0.741098	0.134680	-0.630136
07349		9.661086	1.066203	-1.288321	0.004992	-0.009907	-0.003535	-0.736328	-0.318604	0.591064	-0.188430	-0.741234	0.134640	-0.630031
07350		9.636266	1.046602	-1.320648	0.010047	-0.007332	-0.003165	-0.745361	-0.320312	0.595215	-0.188379	-0.741306	0.134549	-0.629981
07351		9.635014	1.110773	-1.320485	0.017969	-0.010087	-0.008505	-0.738525	-0.328125	0.593506	-0.188272	-0.741440	0.134359	-0.629895
07352		9.644395	1.092736	-1.324355	0.021023	-0.006432	-0.008360	-0.739014	-0.320801	0.596191	-0.188243	-0.741547	0.134120	-0.629829
07353		9.649444	1.090035	-1.296421	0.018366	-0.007067	-0.009196	-0.745361	-0.312012	0.599609	-0.188159	-0.741665	0.133904	-0.629762
07354		9.665586	1.086296	-1.315116	0.013815	-0.008079	-0.006826	-0.737793	-0.319092	0.588135	-0.187993	-0.741779	0.133751	-0.629709
07355		9.656370	1.121832	-1.308079	0.011428	-0.009273	-0.007737	-0.744141	-0.306885	0.599365	-0.187983	-0.741839	0.133614	-0.629671
07356		9.634907	1.104393	-1.331695	0.016110	-0.009615	-0.009488	-0.736084	-0.319580	0.592529	-0.187770	-0.741972	0.133408	-0.629621
07357		9.648558	1.111077	-1.298202	0.011310	-0.008569	-0.009789	-0.732910	-0.319336	0.598877	-0.187786	-0.742061	0.133236	-0.629548
07358		9.663463	1.093278	-1.324897	0.001041	-0.007546	-0.009573	-0.741699	-0.317871	0.598389	-0.187872	-0.742159	0.133128	-0.629430
07359		9.656245	1.081646	-1.311530	0.002664	-0.006611	-0.012702	-0.740967	-0.315186	0.593262	-0.187943	-0.742228	0.132984	-0.629356
07360		9.645825	1.060952	-1.327463	0.007742	-0.007467	-0.013862	-0.743896	-0.312988	0.591064	-0.187964	-0.742285	0.132801	-0.629322
07361		9.643629	1.057493	-1.317625	0.004813	-0.009689	-0.013284	-0.737061	-0.317627	0.594238	-0.187981	-0.742327	0.132661	-0.629297
07362		9.659328	1.020029	-1.331641	-0.001759	-0.009728	-0.008324	-0.737061	-0.307617	0.601807	-0.188063	-0.742388	0.132618	-0.629210
07363		9.646565	1.011518	-1.349149	-0.001378	-0.011742	-0.004977	-0.739258	-0.312744	0.598633	-0.187937	-0.742508	0.132583	-0.629114
07364		9.650727	1.028814	-1.335001	0.011570	-0.012018	-0.007177	-0.742432	-0.311768	0.603271	-0.187782	-0.742630	0.132457	-0.629042
07365		9.651293	1.045029	-1.329981	0.020108	-0.010371	-0.009033	-0.739014	-0.320068	0.595947	-0.187516	-0.742776	0.132237	-0.628995
07366		9.669582	1.071021	-1.333207	0.015441	-0.010681	-0.008703	-0.745850	-0.317627	0.597412	-0.187460	-0.742869	0.132099	-0.628931
07367		9.639246	1.088002	-1.347533	0.010526	-0.010331	-0.011093	-0.744141	-0.315674	0.599609	-0.187415	-0.742927	0.131981	-0.628900
07368		9.647012	1.064529	-1.339588	0.012535	-0.010662	-0.012257	-0.735352	-0.311523	0.593994	-0.187322	-0.743018	0.131820	-0.628855
07369		9.651286	1.075726	-1.345798	0.019532	-0.011689	-0.020866	-0.744873	-0.314453	0.596680	-0.187228	-0.743150	0.131527	-0.628788
07370		9.644199	1.057174	-1.353814	0.016296	-0.009270	-0.017266	-0.734863	-0.309814	0.601807	-0.187146	-0.743213	0.131304	-0.628785
07371		9.652865	1.052676	-1.391058	0.011073	-0.010707	-0.012638	-0.745850	-0.319092	0.596191	-0.186978	-0.743365	0.131105	-0.628696
07372		9.637739	1.054909	-1.356248	0.011849	-0.009692	-0.009981	-0.741455	-0.316406	0.596436	-0.186959	-0.743387	0.131022	-0.628694
07373		9.650860	1.073641	-1.356292	0.018389	-0.010502	-0.010783	-0.741211	-0.317871	0.592041	-0.186849	-0.743459	0.130863	-0.628674
07374		9.640193	1.095287	-1.357994	0.022802	-0.009535	-0.013855	-0.739990	-0.314209	0.604004	-0.186795	-0.743498	0.130674	-0.628684
07375		9.666457	1.105003	-1.330066	0.021201	-0.008229	-0.014859	-0.734619	-0.307373	0.595703	-0.186598	-0.743636	0.130388	-0.628638
07376		9.637361	1.094158	-1.351173	0.023454	-0.007820	-0.013259	-0.735107	-0.315918	0.593506	-0.186333	-0.743741	0.130107	-0.628651
07377		9.648209	1.083506	-1.367263	0.024523	-0.009407	-0.012153	-0.736572	-0.313721	0.604492	-0.186246	-0.743817	0.129897	-0.628630
07378		9.647671	1.120234	-1.375301	0.028381	-0.009559	-0.010937	-0.738770	-0.319336	0.593994	-0.185958	-0.743995	0.129583	-0.628570
07379		9.629461	1.147485	-1.374705	0.029052	-0.007006	-0.014524	-0.740967	-0.317383	0.602051	-0.185926	-0.744027	0.129340	-0.628591
07380		9.652173	1.156021	-1.355524	0.023326	-0.007135	-0.015334	-0.735840	-0.314209	0.599609	-0.185829	-0.744113	0.129066	-0.628575
07381		9.627363	1.135143	-1.333937	0.013987	-0.006372	-0.014591	-0.730957	-0.312744	0.603027	-0.185791	-0.744185	0.128856	-0.628543
07382		9.646193	1.110789	-1.371271	0.007031	-0.005146	-0.011570	-0.738281	-0.319336	0.599854	-0.185748	-0.744299	0.128682	-0.628456
07383		9.642039	1.077061	-1.376819	0.010771	-0.006735	-0.011068	-0.742676	-0.317383	0.598633	-0.185822	-0.744327	0.128563	-0.628426
07384		9.625341	1.075894	-1.382381	0.024622	-0.005179	-0.011383	-0.741699	-0.317383	0.597656	-0.185720	-0.744329	0.128334	-0.628501
07385		9.643521	1.102483	-1.385050	0.029840	-0.006637	-0.013325	-0.736572	-0.314941	0.599609	-0.185601	-0.744352	0.128057	-0.628564
07386		9.648778	1.135435	-1.362218	0.024608	-0.004530	-0.009970	-0.747559	-0.313965	0.601562	-0.185452	-0.744407	0.127814	-0.628593
07387		9.631091	1.153559	-1.380700	0.014737	-0.004789	-0.007719	-0.742432	-0.311768	0.602295	-0.185301	-0.744366	0.127665	-0.628717
07388		9.627839	1.142156	-1.357970	0.002481	-0.006256	-0.006355	-0.734131	-0.314697	0.607422	-0.185214	-0.744361	0.127602	-0.628761
07389		9.641460	1.117354	-1.371751	-0.007908	-0.006708	-0.006791	-0.740723	-0.312256	0.599121	-0.185280	-0.744458	0.127591	-0.628629
07390		9.646023	1.127688	-1.376083	-0.006830	-0.004586	-0.012593	-0.739990	-0.313477	0.602539	-0.185382	-0.744402	0.127563	-0.628671
07391		9.638319	1.093992	-1.389461	0.005830	-0.000663	-0.018898	-0.734619	-0.313477	0.604004	-0.185412	-0.744399	0.127348	-0.628709
07392		9.637785	1.098411	-1.389679	0.013020	0.001000	-0.020505	-0.738281	-0.309082	0.599609	-0.185388	-0.744466	0.127039	-0.628699
07393		9.649199	1.086603	-1.350033	0.004767	-0.002704	-0.015908	-0.732422	-0.315674	0.605469	-0.185320	-0.744459	0.126860	-0.628765
07394		9.650108	1.096508	-1.362945	-0.011762	-0.004360	-0.012158	-0.738525	-0.316406	0.605469	-0.185494	-0.744528	0.126836	-0.628636
07395		9.641760	1.073409	-1.409738	-0.015506	-0.005000	-0.008511	-0.741699	-0.311523	0.606934	-0.185659	-0.744530	0.126894	-0.628573
07396		9.646130	1.057216	-1.388430	-0.009250	-0.004581	-0.007832	-0.735107	-0.308105	0.606934	-0.185600	-0.744539	0.126880	-0.628582
07397		9.642939	1.046743	-1.365037	-0.003512	-0.004355	-0.009846	-0.740967	-0.313721	0.604492	-0.185437	-0.744628	0.126772	-0.628546
07398		9.654051	1.036172	-1.379539	0.004092	-0.005331	-0.009516	-0.733643	-0.317627	0.601074	-0.185353	-0.744648	0.126679	-0.628567
07399		9.652744	1.090083	-1.346147	0.010374	-0.006961	-0.010305	-0.739258	-0.314941	0.605957	-0.185377	-0.744713	0.126563	-0.628506
07400		9.637247	1.130490	-1.369107	0.005996	-0.007762	-0.012832	-0.744141	-0.315430	0.600586	-0.185314	-0.744786	0.126423	-0.628466
07401		9.639182	1.120046	-1.370062	0.009193	-0.006744	-0.014947	-0.733398	-0.319092	0.595215	-0.185305	-0.744750	0.126300	-0.628537
07402		9.636094	1.102318	-1.367701	0.011730	-0.006054	-0.017622	-0.746338	-0.309814	0.596436	-0.185489	-0.744744	0.126163	-0.628516
07403		9.642803	1.135179	-1.376832	0.016120	-0.005169	-0.017911	-0.728271	-0.311523	0.605713	-0.185330	-0.744654	0.125959	-0.628710
07404		9.625606	1.143845	-1.362051	0.019177	-0.005024	-0.016509	-0.730713	-0.314209	0.600830	-0.185127	-0.744844	0.125627	-0.628612
07405		9.642742	1.121907	-1.367187	0.014647	-0.006044	-0.014088	-0.741943	-0.323242	0.601562	-0.185076	-0.744934	0.125424	-0.628562
07406		9.637274	1.143377	-1.391265	0.010257	-0.006934	-0.013803	-0.745361	-0.322754	0.606445	-0.185243	-0.744908	0.125325	-0.628562
07407		9.640309	1.147570	-1.384008	0.012094	-0.004601	-0.012762	-0.737549	-0.314697	0.598633	-0.185297	-0.744896	0.125177	-0.628590
07408		9.644426	1.166516	-1.368402	0.012078	-0.003205	-0.012723	-0.742188	-0.308838	0.600098	-0.185268	-0.744864	0.125030	-0.628666
07409		9.627962	1.131423	-1.367945	0.016232	-0.003733	-0.017217	-0.745117	-0.317627	0.604248	-0.185052	-0.744839	0.124774	-0.628810
07410		9.640316	1.154769	-1.420322	0.016778	-0.004852	-0.017377	-0.741943	-0.312012	0.608643	-0.185001	-0.744833	0.124538	-0.628880
07411		9.619159	1.170372	-1.394375	0.016108	-0.005262	-0.015126	-0.734131	-0.318359	0.598633	-0.184759	-0.744914	0.124260	-0.628909
07412		9.640446	1.140858	-1.410097	0.007533	-0.002834	-0.010261	-0.726807	-0.314453	0.606445	-0.184876	-0.744887	0.124189	-0.628921
07413		9.626826	1.157603	-1.365572	0.003270	-0.004490	-0.005095	-0.737061	-0.313721	0.603027	-0.184822	-0.745018	0.124106	-0.628798
07414		9.640416	1.167463	-1.384024	-0.003007	-0.002794	-0.007109	-0.737305	-0.313477	0.604980	-0.184831	-0.744991	0.124094	-0.628829
07415		9.637781	1.148109	-1.380348	0.000060	-0.002562	-0.008519	-0.737793	-0.312988	0.606934	-0.184793	-0.744994	0.124028	-0.628851
07416		9.639743	1.145295	-1.359678	0.001247	-0.001215	-0.009464	-0.738037	-0.312744	0.598389	-0.184717	-0.745009	0.123925	-0.628875
07417		9.630278	1.114613	-1.393747	0.001108	-0.001342	-0.007326	-0.732666	-0.322510	0.601074	-0.184722	-0.744920	0.123912	-0.628981
07418		9.652070	1.142704	-1.385989	0.005122	-0.001997	-0.009684	-0.738770	-0.317871	0.602539	-0.184926	-0.744916	0.123855	-0.628938
07419		9.642810	1.144179	-1.372202	0.008175	-0.001105	-0.009669	-0.737305	-0.313965	0.601807	-0.184944	-0.744883	0.123749	-0.628992
07420		9.648773	1.134130	-1.362671	-0.000213	-0.002006	-0.008444	-0.744385	-0.314209	0.604004	-0.184947	-0.744847	0.123707	-0.629042
07421		9.642574	1.113346	-1.367833	-0.003810	-0.002520	-0.006916	-0.739746	-0.329834	0.597168	-0.184927	-0.744771	0.123705	-0.629138
07422		9.652201	1.130635	-1.374703	-0.002090	-0.001629	-0.006591	-0.734863	-0.324707	0.601318	-0.185345	-0.744634	0.123796	-0.629160
07423		9.640712	1.136663	-1.381928	0.002715	-0.001900	-0.007717	-0.738525	-0.320557	0.601074	-0.185566	-0.744610	0.123782	-0.629126
07424		9.640377	1.138537	-1.382726	0.004210	-0.003903	-0.008821	-0.737793	-0.320312	0.608887	-0.185658	-0.744582	0.123731	-0.629142
07425		9.630728	1.174710	-1.374295	0.000298	-0.000330	-0.008522	-0.735840	-0.307129	0.600098	-0.185713	-0.744606	0.123666	-0.629110
07426		9.631778	1.157165	-1.361221	-0.005010	-0.001662	-0.010135	-0.733398	-0.314209	0.602783	-0.185605	-0.744574	0.123611	-0.629190
07427		9.641694	1.140669	-1.362638	-0.009527	-0.002612	-0.010515	-0.738281	-0.319580	0.601074	-0.185691	-0.744578	0.123607	-0.629161
07428		9.646670	1.116420	-1.360937	-0.010456	-0.003123	-0.009609	-0.742432	-0.315186	0.602539	-0.185892	-0.744518	0.123654	-0.629164
07429		9.628287	1.085627	-1.380679	-0.006743	-0.001895	-0.009036	-0.734619	-0.313721	0.598877	-0.185918	-0.744447	0.123651	-0.629241
07430		9.623997	1.094762	-1.370041	0.002590	-0.002684	-0.007008	-0.730713	-0.316406	0.600830	-0.185867	-0.744428	0.123602	-0.629287
07431		9.642056	1.121233	-1.371804	0.009552	-0.004621	-0.008682	-0.739014	-0.315186	0.598389	-0.185820	-0.744491	0.123487	-0.629249
07432		9.643908	1.144581	-1.377066	0.005519	-0.001763	-0.010485	-0.740234	-0.315918	0.601807	-0.185795	-0.744435	0.123396	-0.629341
07433		9.643565	1.146412	-1.377942	0.005009	-0.004253	-0.006206	-0.740234	-0.315674	0.605469	-0.185716	-0.744417	0.123340	-0.629397
07434		9.627234	1.176655	-1.334465	-0.006443	-0.004592	-0.007767	-0.732910	-0.313965	0.600586	-0.185718	-0.744417	0.123338	-0.629397
07435		9.636696	1.136055	-1.363948	-0.012497	-0.000751	-0.006960	-0.743164	-0.314453	0.607910	-0.185810	-0.744379	0.123397	-0.629403
07436		9.619333	1.120038	-1.375394	-0.007280	-0.001446	-0.010309	-0.730957	-0.308350	0.603760	-0.185779	-0.744362	0.123353	-0.629441
07437		9.627502	1.132167	-1.369867	0.001649	-0.000908	-0.013085	-0.739990	-0.318848	0.602539	-0.185638	-0.744424	0.123200	-0.629439
07438		9.645894	1.151163	-1.390845	-0.001300	-0.000437	-0.009568	-0.736084	-0.319824	0.598145	-0.185704	-0.744374	0.123161	-0.629486
07439		9.649372	1.128659	-1.356521	-0.011019	-0.001361	-0.008028	-0.736816	-0.312500	0.596924	-0.185921	-0.744293	0.123242	-0.629502
07440		9.638039	1.108513	-1.337995	-0.007293	-0.001602	-0.004679	-0.733643	-0.320557	0.602539	-0.185925	-0.744211	0.123307	-0.629585
07441		9.633972	1.135119	-1.373001	0.003553	-0.004226	-0.009392	-0.731934	-0.314697	0.602051	-0.185980	-0.744254	0.123233	-0.629532
07442		9.653293	1.142312	-1.361867	0.012104	-0.005310	-0.011419	-0.737305	-0.315674	0.607178	-0.185858	-0.744343	0.123057	-0.629498
07443		9.638143	1.120923	-1.353622	-0.000969	-0.005262	-0.006955	-0.738037	-0.316650	0.601074	-0.185779	-0.744401	0.123005	-0.629463
07444		9.647580	1.137944	-1.361505	0.002242	-0.006443	-0.004918	-0.737061	-0.324707	0.599854	-0.185732	-0.744404	0.122996	-0.629475
07445		9.644509	1.152773	-1.363850	-0.000055	-0.004090	-0.006434	-0.744141	-0.316650	0.595459	-0.185897	-0.744371	0.123016	-0.629461
07446		9.631998	1.143680	-1.379727	0.000770	-0.005764	-0.006671	-0.739746	-0.315918	0.599609	-0.185908	-0.744272	0.123042	-0.629569
07447		9.640698	1.119822	-1.370057	0.004893	-0.004959	-0.008320	-0.746094	-0.310547	0.590576	-0.185855	-0.744254	0.122983	-0.629618
07448		9.646064	1.144434	-1.366795	0.008364	-0.005223	-0.009141	-0.732178	-0.321045	0.600342	-0.185736	-0.744124	0.122936	-0.629816
07449		9.637995	1.151866	-1.366224	0.007844	-0.006241	-0.007637	-0.730713	-0.312256	0.598877	-0.185773	-0.744178	0.122871	-0.629755
07450		9.632449	1.171793	-1.390173	0.000395	-0.007393	-0.005921	-0.744385	-0.318604	0.598633	-0.185704	-0.744227	0.122853	-0.629720
07451		9.643553	1.142765	-1.359517	-0.009751	-0.006425	-0.004927	-0.738525	-0.316895	0.593994	-0.185811	-0.744138	0.122967	-0.629771
07452		9.626193	1.125620	-1.372067	-0.010039	-0.005207	-0.003419	-0.740234	-0.316895	0.593506	-0.185936	-0.744038	0.123109	-0.629825
07453		9.640337	1.100144	-1.385355	-0.003522	-0.004641	-0.001409	-0.741699	-0.321045	0.596436	-0.185978	-0.743933	0.123219	-0.629914
07454		9.639455	1.135533	-1.392075	0.007441	-0.006544	-0.004031	-0.741699	-0.314209	0.604492	-0.185986	-0.743888	0.123224	-0.629965
07455		9.643645	1.152360	-1.377166	0.007857	-0.007786	-0.002047	-0.734131	-0.321045	0.602051	-0.185761	-0.743936	0.123160	-0.629988
07456		9.635391	1.166841	-1.356526	0.003406	-0.004506	-0.001622	-0.734375	-0.314941	0.604004	-0.185770	-0.743962	0.123175	-0.629951
07457		9.644917	1.182745	-1.364458	0.003175	-0.006743	-0.001626	-0.734131	-0.317383	0.603271	-0.185641	-0.744029	0.123156	-0.629914
07458		9.620849	1.185731	-1.366971	-0.003804	-0.003274	-0.005536	-0.736816	-0.311768	0.598877	-0.185671	-0.744047	0.123164	-0.629881
07459		9.640136	1.142337	-1.357731	-0.008201	-0.003524	-0.003804	-0.735352	-0.315430	0.595947	-0.185651	-0.744006	0.123228	-0.629924
07460		9.625308	1.137761	-1.394351	-0.004048	-0.004850	-0.004111	-0.739014	-0.323486	0.604736	-0.185694	-0.743965	0.123294	-0.629946
07461		9.647583	1.130608	-1.381734	-0.000610	-0.002978	-0.006281	-0.739258	-0.329102	0.604248	-0.185784	-0.743966	0.123288	-0.629920
07462		9.635666	1.145083	-1.369015	0.005901	-0.001599	-0.008482	-0.740723	-0.316162	0.606201	-0.185937	-0.743963	0.123232	-0.629890
07463		9.631731	1.145320	-1.378604	0.005911	-0.002335	-0.007094	-0.738770	-0.314697	0.605713	-0.185816	-0.743986	0.123130	-0.629918
07464		9.637845	1.134753	-1.369452	0.003797	-0.003464	-0.006626	-0.739502	-0.317627	0.605225	-0.185696	-0.744021	0.123050	-0.629927
07465		9.634811	1.149507	-1.371323	0.001118	-0.002817	-0.004568	-0.734863	-0.319580	0.601318	-0.185643	-0.744029	0.123022	-0.629938
07466		9.647073	1.152686	-1.377637	-0.002053	-0.004511	-0.003865	-0.732910	-0.315918	0.597412	-0.185693	-0.744035	0.123055	-0.629910
07467		9.639228	1.159168	-1.376197	-0.003422	-0.002460	-0.002079	-0.739258	-0.320312	0.604736	-0.185718	-0.744002	0.123121	-0.629930
07468		9.641864	1.146312	-1.375570	-0.001836	-0.001613	-0.002431	-0.737549	-0.315674	0.600098	-0.185728	-0.743986	0.123144	-0.629941
07469		9.652130	1.127890	-1.377143	-0.001692	-0.002222	-0.003186	-0.728760	-0.316406	0.606689	-0.185705	-0.743953	0.123172	-0.629981
07470		9.634536	1.118815	-1.369251	0.003939	-0.004147	-0.004563	-0.732178	-0.323975	0.604492	-0.185624	-0.744056	0.123107	-0.629896
07471		9.646462	1.130436	-1.355529	0.007770	-0.002118	-0.004709	-0.734131	-0.321533	0.604980	-0.185645	-0.744104	0.123040	-0.629846
07472		9.637777	1.121674	-1.362026	0.004850	-0.003047	-0.001223	-0.729248	-0.314453	0.600342	-0.185616	-0.744141	0.123026	-0.629814
07473		9.640997	1.149072	-1.379334	0.006037	-0.002504	0.002038	-0.729980	-0.317383	0.603027	-0.185488	-0.744167	0.123038	-0.629818
07474		9.615627	1.152730	-1.348975	0.007215	-0.001152	0.001089	-0.732422	-0.309814	0.603271	-0.185388	-0.744201	0.123023	-0.629811
07475		9.656772	1.160386	-1.356750	0.001080	-0.000833	-0.000276	-0.737305	-0.316650	0.598877	-0.185232	-0.744213	0.123028	-0.629842
07476		9.637616	1.120578	-1.364059	0.001080	-0.000833	-0.000276	-0.733643	-0.314697	0.602783	-0.185206	-0.744157	0.123073	-0.629907
07477		9.629586	1.134674	-1.342250	0.008163	-0.002037	0.000137	-0.736816	-0.308594	0.601074	-0.185060	-0.744181	0.123041	-0.629928
07478		9.640846	1.147409	-1.381773	0.011488	-0.001761	0.002885	-0.735596	-0.310303	0.591309	-0.184777	-0.744179	0.123010	-0.630019
07479		9.626466	1.172634	-1.370223	0.006830	-0.002117	0.003270	-0.737793	-0.316650	0.599121	-0.184647	-0.744097	0.123075	-0.630141
07480		9.653953	1.171107	-1.360492	0.002544	-0.000846	0.002904	-0.738525	-0.314209	0.604004	-0.184598	-0.744042	0.123139	-0.630208
07481		9.647979	1.155909	-1.345160	-0.002799	-0.000211	0.005594	-0.739258	-0.318604	0.598389	-0.184503	-0.744002	0.123236	-0.630264
07482		9.631020	1.136909	-1.356354	-0.015717	-0.000568	0.000877	-0.732910	-0.313477	0.594482	-0.184676	-0.743892	0.123432	-0.630304
07483		9.634807	1.080755	-1.369399	-0.019617	0.001669	-0.001674	-0.734375	-0.319580	0.595215	-0.184871	-0.743772	0.123632	-0.630349
07484		9.636694	1.053441	-1.375404	-0.001246	0.002987	-0.004566	-0.737061	-0.314697	0.604492	-0.185000	-0.743684	0.123668	-0.630408
07485		9.658558	1.080918	-1.366653	0.012875	0.003446	-0.006477	-0.734863	-0.318848	0.596436	-0.184858	-0.743691	0.123516	-0.630473
07486		9.646832	1.095072	-1.352896	0.011422	0.002723	-0.008270	-0.733643	-0.311035	0.598145	-0.184874	-0.743649	0.123411	-0.630537
07487		9.648755	1.118096	-1.356972	0.005851	0.001192	-0.008406	-0.731445	-0.318359	0.603271	-0.184812	-0.743635	0.123321	-0.630590
07488		9.669921	1.105238	-1.331145	-0.007321	-0.000154	-0.007447	-0.739258	-0.312744	0.598633	-0.184945	-0.743642	0.123342	-0.630538
07489		9.660392	1.082806	-1.344373	-0.015330	0.000462	-0.004130	-0.734375	-0.327393	0.598145	-0.185050	-0.743551	0.123466	-0.630591
07490		9.666996	1.013203	-1.356566	-0.009738	0.000451	0.001604	-0.739014	-0.317871	0.603027	-0.185290	-0.743475	0.123636	-0.630577
07491		9.648488	1.013679	-1.381249	0.002422	-0.001707	0.006440	-0.744385	-0.322998	0.593750	-0.185182	-0.743458	0.123716	-0.630612
07492		9.644738	1.068444	-1.368585	0.015136	-0.004908	0.008295	-0.736816	-0.320068	0.602783	-0.185060	-0.743396	0.123774	-0.630710
07493		9.644572	1.124573	-1.347729	0.015160	-0.006233	0.005431	-0.733398	-0.321533	0.591309	-0.184885	-0.743454	0.123766	-0.630694
07494		9.651559	1.134426	-1.310996	0.003624	-0.001751	0.005448	-0.738770	-0.316406	0.603027	-0.184932	-0.743384	0.123888	-0.630739
07495		9.640165	1.087378	-1.320886	-0.005406	-0.003756	0.007530	-0.736816	-0.316895	0.599121	-0.184884	-0.743366	0.124049	-0.630743
07496		9.648239	1.071450	-1.343778	-0.009152	-0.002937	0.008436	-0.738525	-0.314209	0.594482	-0.184901	-0.743314	0.124261	-0.630757
07497		9.648605	1.061566	-1.364623	-0.003521	-0.004792	0.004235	-0.736328	-0.310059	0.601807	-0.184879	-0.743260	0.124401	-0.630800
07498		9.638484	1.053905	-1.338932	0.001115	-0.002966	0.001071	-0.741699	-0.312988	0.601074	-0.184749	-0.743272	0.124437	-0.630817
07499		9.658121	1.059308	-1.327520	-0.000976	-0.005346	-0.004140	-0.730713	-0.330322	0.594482	-0.184709	-0.743272	0.124458	-0.630824
07500		9.650550	1.057719	-1.346221	-0.005824	-0.002223	-0.005735	-0.735840	-0.312988	0.601562	-0.185049	-0.743232	0.124566	-0.630750
07501		9.656733	1.047854	-1.336301	-0.004935	0.000495	-0.010813	-0.741455	-0.318359	0.602295	-0.185118	-0.743219	0.124544	-0.630750
07502		9.640750	0.980343	-1.382284	-0.005727	0.000108	-0.012048	-0.739746	-0.318604	0.598633	-0.185256	-0.743184	0.124527	-0.630755
07503		9.640249	0.933036	-1.385403	0.008211	-0.004610	-0.008412	-0.734131	-0.315674	0.599854	-0.185251	-0.743197	0.124456	-0.630755
07504		9.665921	1.003374	-1.387525	0.027013	-0.005262	-0.007940	-0.740479	-0.320068	0.596436	-0.185037	-0.743294	0.124238	-0.630746
07505		9.649459	1.000178	-1.392819	0.037903	-0.003112	-0.004826	-0.737549	-0.313721	0.597412	-0.184764	-0.743337	0.123976	-0.630827
07506		9.672170	1.073226	-1.331113	0.033316	-0.007737	-0.001747	-0.740967	-0.312744	0.597900	-0.184426	-0.743425	0.123775	-0.630862
07507		9.659017	1.096376	-1.353691	0.010806	-0.008469	0.002869	-0.739502	-0.319824	0.598877	-0.184244	-0.743445	0.123793	-0.630888
07508		9.637118	1.118678	-1.361345	0.005044	-0.006595	0.003578	-0.733887	-0.310059	0.601074	-0.184213	-0.743442	0.123878	-0.630883
07509		9.626904	1.128007	-1.381973	0.012884	-0.005279	0.003863	-0.731445	-0.318115	0.601562	-0.183986	-0.743493	0.123873	-0.630890
07510		9.644183	1.119733	-1.346933	0.011572	-0.006547	-0.001503	-0.737549	-0.311523	0.598145	-0.183932	-0.743565	0.123856	-0.630824
07511		9.635895	1.151576	-1.371914	0.009807	-0.004652	-0.001743	-0.734375	-0.306152	0.595947	-0.183809	-0.743575	0.123832	-0.630854
07512		9.640992	1.133610	-1.350591	0.012531	-0.000324	-0.004404	-0.737305	-0.312500	0.601807	-0.183639	-0.743565	0.123743	-0.630932
07513		9.647254	1.122487	-1.341227	0.002722	-0.003380	-0.004965	-0.736328	-0.313965	0.599609	-0.183614	-0.743576	0.123737	-0.630928
07514		9.637726	1.149339	-1.353190	-0.003138	-0.003622	-0.006398	-0.736084	-0.313232	0.595459	-0.183687	-0.743566	0.123774	-0.630911
07515		9.647924	1.131976	-1.354459	-0.004556	0.001297	-0.007352	-0.736084	-0.307129	0.604980	-0.183797	-0.743493	0.123808	-0.630958
07516		9.629512	1.109320	-1.353060	-0.004558	0.001365	-0.010174	-0.743164	-0.305176	0.593018	-0.183802	-0.743488	0.123777	-0.630969
07517		9.662306	1.084782	-1.340229	-0.002700	0.001721	-0.013433	-0.738525	-0.311768	0.593018	-0.183825	-0.743389	0.123717	-0.631091
07518		9.671273	1.062770	-1.328537	0.000612	0.002804	-0.014903	-0.736328	-0.312012	0.597900	-0.183930	-0.743308	0.123637	-0.631172
07519		9.651205	1.060830	-1.340158	0.004191	0.003927	-0.012200	-0.743164	-0.313477	0.594727	-0.183964	-0.743262	0.123540	-0.631235
07520		9.647339	1.061847	-1.348551	0.000113	0.000988	-0.009182	-0.744385	-0.310303	0.598145	-0.184021	-0.743177	0.123519	-0.631322
07521		9.647448	1.105297	-1.366315	0.004280	-0.000999	-0.010929	-0.736084	-0.308350	0.590576	-0.183988	-0.743140	0.123432	-0.631392
07522		9.652444	1.089670	-1.344133	0.006629	0.001704	-0.012838	-0.742920	-0.316406	0.592773	-0.183986	-0.743082	0.123322	-0.631482
07523		9.663516	1.088074	-1.337085	0.001696	0.001834	-0.009541	-0.741943	-0.320068	0.601074	-0.184082	-0.742986	0.123301	-0.631572
07524		9.648842	1.116372	-1.324636	-0.003066	-0.000046	-0.007039	-0.736816	-0.309082	0.601807	-0.184207	-0.742941	0.123334	-0.631582
07525		9.635643	1.142625	-1.344331	-0.018003	0.000551	-0.009116	-0.732666	-0.314209	0.598877	-0.184350	-0.742897	0.123424	-0.631574
07526		9.639113	1.097426	-1.336623	-0.024997	0.003926	-0.010197	-0.738770	-0.318604	0.598389	-0.184661	-0.742808	0.123579	-0.631557
07527		9.637283	1.071234	-1.350586	-0.016503	0.005727	-0.015005	-0.744385	-0.316895	0.609863	-0.184969	-0.742703	0.123629	-0.631582
07528		9.651996	1.072851	-1.333413	-0.007676	0.004110	-0.017148	-0.738770	-0.319580	0.593750	-0.185110	-0.742680	0.123552	-0.631582
07529		9.670641	1.067761	-1.327597	-0.011148	0.004431	-0.019143	-0.740234	-0.321533	0.598145	-0.185418	-0.742580	0.123535	-0.631612
07530		9.655826	1.049141	-1.316506	-0.019643	0.002688	-0.017170	-0.735840	-0.320312	0.590820	-0.185779	-0.742491	0.123600	-0.631599
07531		9.666380	1.026001	-1.336610	-0.018970	0.002290	-0.015224	-0.737305	-0.322510	0.594727	-0.186138	-0.742383	0.123693	-0.631602
07532		9.655958	1.040205	-1.354529	-0.006065	0.003426	-0.011903	-0.741211	-0.312744	0.600830	-0.186351	-0.742307	0.123709	-0.631625
07533		9.657824	1.014592	-1.360745	0.006367	0.001555	-0.011368	-0.739502	-0.313721	0.597412	-0.186278	-0.742302	0.123587	-0.631676
07534		9.654335	1.038711	-1.341909	0.017204	-0.000503	-0.009047	-0.744873	-0.318848	0.594238	-0.186115	-0.742322	0.123418	-0.631733
07535		9.653138	1.107443	-1.299878	0.012282	-0.000983	-0.010012	-0.746582	-0.316162	0.592041	-0.186069	-0.742294	0.123302	-0.631803
07536		9.655937	1.137207	-1.316706	-0.001995	-0.000145	-0.008719	-0.741699	-0.317871	0.592041	-0.186119	-0.742207	0.123305	-0.631890
07537		9.653002	1.103176	-1.320095	-0.003211	0.000630	-0.009119	-0.733643	-0.314453	0.596680	-0.186219	-0.742131	0.123320	-0.631946
07538		9.646797	1.091556	-1.304328	-0.000693	0.001332	-0.011822	-0.734619	-0.320068	0.587646	-0.186276	-0.742120	0.123272	-0.631951
07539		9.642782	1.093274	-1.313287	0.005353	-0.001010	-0.015439	-0.738281	-0.316895	0.600342	-0.186405	-0.742091	0.123189	-0.631964
07540		9.663303	1.108275	-1.313192	0.001180	0.000962	-0.013693	-0.735352	-0.324219	0.597900	-0.186456	-0.742091	0.123105	-0.631966
07541		9.647204	1.099142	-1.336696	-0.003842	-0.001042	-0.012549	-0.740723	-0.316895	0.591797	-0.186647	-0.742085	0.123110	-0.631915
07542		9.643400	1.083187	-1.300263	-0.006229	-0.001624	-0.011996	-0.733643	-0.312988	0.594971	-0.186772	-0.742031	0.123123	-0.631939
07543		9.647786	1.094410	-1.303689	-0.005044	-0.000933	-0.014385	-0.737793	-0.318604	0.598877	-0.186862	-0.742026	0.123086	-0.631925
07544		9.643777	1.096173	-1.312568	-0.000416	0.000774	-0.011908	-0.738037	-0.322510	0.597412	-0.186930	-0.742016	0.123040	-0.631927
07545		9.659497	1.103376	-1.309182	0.002292	-0.001195	-0.016846	-0.738281	-0.316650	0.597412	-0.187058	-0.742023	0.122947	-0.631898
07546		9.647236	1.120040	-1.296249	0.001239	-0.001766	-0.016611	-0.746094	-0.321777	0.590820	-0.187121	-0.742035	0.122846	-0.631885
07547		9.660303	1.133107	-1.314070	-0.002808	0.000389	-0.019844	-0.740723	-0.310547	0.594727	-0.187312	-0.741959	0.122767	-0.631933
07548		9.653169	1.108581	-1.306329	-0.006789	-0.000386	-0.017502	-0.738525	-0.318604	0.596680	-0.187383	-0.741927	0.122700	-0.631962
07549		9.656002	1.090887	-1.325518	-0.008732	-0.002871	-0.016395	-0.740967	-0.324951	0.594482	-0.187550	-0.741921	0.122687	-0.631923
07550		9.640054	1.106173	-1.321573	-0.003944	-0.002434	-0.016110	-0.736084	-0.324951	0.597412	-0.187741	-0.741897	0.122662	-0.631899
07551		9.648358	1.110919	-1.336470	-0.002479	-0.002365	-0.015751	-0.739746	-0.319580	0.592773	-0.187913	-0.741908	0.122623	-0.631842
07552		9.655181	1.117626	-1.318880	-0.003054	-0.000589	-0.014156	-0.737305	-0.317139	0.597900	-0.188024	-0.741869	0.122591	-0.631861
07553		9.654781	1.121022	-1.318926	-0.006113	-0.000852	-0.012728	-0.742676	-0.317871	0.597412	-0.188108	-0.741860	0.122577	-0.631849
07554		9.665047	1.105485	-1.320157	-0.003712	-0.000930	-0.014719	-0.730225	-0.315674	0.590820	-0.188179	-0.741839	0.122527	-0.631863
07555		9.654000	1.087069	-1.301574	0.000811	-0.000597	-0.015789	-0.736816	-0.312988	0.598389	-0.188248	-0.741841	0.122446	-0.631856
07556		9.650339	1.080623	-1.330907	0.009482	-0.000893	-0.015738	-0.734863	-0.318604	0.592285	-0.188156	-0.741881	0.122265	-0.631871
07557		9.646462	1.106194	-1.312330	0.015057	0.000013	-0.017048	-0.736816	-0.321045	0.596436	-0.188119	-0.741902	0.122062	-0.631897
07558		9.662692	1.128822	-1.301658	0.016966	-0.001749	-0.018966	-0.740234	-0.318359	0.589111	-0.188080	-0.741955	0.121826	-0.631892
07559		9.637183	1.128288	-1.291474	0.019464	-0.000375	-0.020242	-0.742920	-0.321533	0.602295	-0.188025	-0.741958	0.121570	-0.631954
07560		9.641736	1.132048	-1.315561	0.024003	-0.000708	-0.022757	-0.738037	-0.328369	0.595459	-0.187918	-0.742031	0.121224	-0.631966
07561		9.656735	1.148820	-1.293104	0.023646	-0.002402	-0.019174	-0.740479	-0.325195	0.599365	-0.187900	-0.742089	0.120960	-0.631955
07562		9.655802	1.185130	-1.246358	0.019779	-0.002338	-0.020380	-0.739746	-0.321777	0.593994	-0.187871	-0.742150	0.120696	-0.631941
07563		9.647247	1.171259	-1.273134	0.012591	-0.002713	-0.018673	-0.737305	-0.319092	0.590576	-0.187883	-0.742173	0.120512	-0.631946
07564		9.644020	1.180121	-1.295529	0.003206	-0.005688	-0.017202	-0.736328	-0.322021	0.591797	-0.187955	-0.742188	0.120426	-0.631924
07565		9.649083	1.198297	-1.312771	0.008310	-0.007190	-0.017043	-0.745850	-0.323975	0.589600	-0.188004	-0.742234	0.120309	-0.631878
07566		9.642644	1.187585	-1.298951	0.003866	-0.005408	-0.013813	-0.739258	-0.320312	0.593018	-0.188075	-0.742205	0.120265	-0.631898
07567		9.634465	1.219661	-1.270467	-0.005927	-0.007949	-0.010101	-0.734619	-0.320801	0.601074	-0.188166	-0.742210	0.120317	-0.631856
07568		9.634829	1.205447	-1.311823	-0.017060	-0.005411	-0.012341	-0.737305	-0.323730	0.593018	-0.188364	-0.742225	0.120405	-0.631762
07569		9.633774	1.193914	-1.319879	-0.015989	-0.000588	-0.011784	-0.731689	-0.322998	0.592285	-0.188607	-0.742155	0.120513	-0.631752
07570		9.638271	1.140837	-1.333202	-0.007587	-0.000913	-0.015939	-0.744873	-0.327148	0.591064	-0.188808	-0.742130	0.120514	-0.631720
07571		9.643900	1.118159	-1.331020	0.005829	0.000733	-0.018413	-0.740723	-0.321533	0.600830	-0.188919	-0.742076	0.120398	-0.631772
07572		9.651253	1.140410	-1.305498	0.019022	0.000809	-0.019452	-0.740479	-0.320312	0.593506	-0.188827	-0.742119	0.120120	-0.631803
07573		9.634201	1.148513	-1.289542	0.021489	-0.001515	-0.014423	-0.737305	-0.318604	0.592285	-0.188686	-0.742145	0.119896	-0.631857
07574		9.641559	1.177860	-1.330667	0.020200	-0.002994	-0.011310	-0.748779	-0.321289	0.597412	-0.188527	-0.742180	0.119713	-0.631898
07575		9.634562	1.239108	-1.286318	0.016879	-0.003379	-0.011233	-0.744385	-0.323486	0.597900	-0.188381	-0.742194	0.119553	-0.631955
07576		9.640279	1.214637	-1.285211	0.012446	-0.002214	-0.012273	-0.744629	-0.319092	0.598145	-0.188320	-0.742205	0.119420	-0.631986
07577		9.636790	1.230598	-1.286919	0.005332	-0.000419	-0.011233	-0.731934	-0.318359	0.597412	-0.188274	-0.742186	0.119335	-0.632038
07578		9.649359	1.194143	-1.275158	-0.001377	-0.003430	-0.007551	-0.731934	-0.326416	0.594238	-0.188281	-0.742208	0.119340	-0.632009
07579		9.653140	1.188880	-1.287148	-0.004808	-0.004600	-0.006749	-0.746338	-0.319336	0.584717	-0.188405	-0.742210	0.119419	-0.631955
07580		9.661066	1.176394	-1.310225	-0.005765	-0.003721	-0.005791	-0.736084	-0.329102	0.596191	-0.188466	-0.742116	0.119532	-0.632026
07581		9.630724	1.174091	-1.276700	0.002094	-0.003656	-0.008394	-0.736572	-0.322266	0.592285	-0.188548	-0.742124	0.119542	-0.631990
07582		9.637622	1.211456	-1.297652	0.003166	-0.003808	-0.007236	-0.737793	-0.329590	0.593018	-0.188554	-0.742119	0.119547	-0.631992
07583		9.647183	1.187727	-1.287273	-0.007247	-0.003130	-0.004711	-0.735840	-0.324219	0.596191	-0.188706	-0.742076	0.119678	-0.631974
07584		9.652726	1.170454	-1.265614	-0.018382	-0.005040	0.000774	-0.731934	-0.327393	0.590820	-0.188851	-0.742037	0.119922	-0.631929
07585		9.646795	1.133001	-1.278954	-0.021622	-0.008224	0.000774	-0.739746	-0.324219	0.588867	-0.189080	-0.742003	0.120227	-0.631843
07586		9.631917	1.127106	-1.316411	-0.002930	-0.009387	-0.000919	-0.732910	-0.326904	0.593262	-0.189102	-0.741994	0.120368	-0.631820
07587		9.643629	1.162275	-1.276000	0.008976	-0.006402	-0.003726	-0.741455	-0.320068	0.598389	-0.189066	-0.742033	0.120377	-0.631784
07588		9.640605	1.167931	-1.299196	0.010757	-0.008218	-0.006328	-0.740723	-0.324463	0.590576	-0.188926	-0.742094	0.120312	-0.631766
07589		9.656917	1.155544	-1.252289	0.006330	-0.007115	-0.004525	-0.738770	-0.324219	0.590820	-0.188891	-0.742098	0.120340	-0.631766
07590		9.639839	1.169723	-1.303261	0.010066	-0.007225	-0.004011	-0.741943	-0.320801	0.590332	-0.188819	-0.742118	0.120343	-0.631765
07591		9.640389	1.177162	-1.317802	0.012912	-0.009137	-0.008295	-0.740967	-0.318115	0.589111	-0.188714	-0.742156	0.120279	-0.631764
07592		9.652295	1.180934	-1.325890	0.015168	-0.008655	-0.006701	-0.739014	-0.318115	0.601562	-0.188558	-0.742192	0.120205	-0.631782
07593		9.638506	1.172798	-1.310339	0.003150	-0.007504	-0.000923	-0.735840	-0.321777	0.597412	-0.188431	-0.742241	0.120233	-0.631757
07594		9.646520	1.182624	-1.306645	-0.001769	-0.008029	-0.001874	-0.738770	-0.326416	0.593262	-0.188417	-0.742272	0.120322	-0.631708
07595		9.638307	1.165068	-1.334238	0.008077	-0.007593	-0.004254	-0.736816	-0.320801	0.597412	-0.188387	-0.742296	0.120345	-0.631684
07596		9.657658	1.171572	-1.324017	0.018163	-0.006315	-0.006676	-0.742920	-0.320068	0.592773	-0.188219	-0.742364	0.120227	-0.631676
07597		9.640291	1.161880	-1.316811	0.010775	-0.004026	-0.002703	-0.742676	-0.325928	0.597656	-0.188092	-0.742352	0.120218	-0.631730
07598		9.645728	1.176304	-1.333575	0.002786	-0.004153	-0.000765	-0.731689	-0.314697	0.591797	-0.188066	-0.742337	0.120294	-0.631741
07599		9.656475	1.157367	-1.335763	0.005716	-0.003994	-0.000052	-0.735596	-0.314941	0.601074	-0.187944	-0.742342	0.120330	-0.631764
07600		9.650684	1.143042	-1.321515	0.011607	-0.005021	-0.001507	-0.733887	-0.317383	0.595459	-0.187739	-0.742399	0.120274	-0.631769
07601		9.653141	1.138717	-1.301776	0.015551	-0.003506	-0.005280	-0.739746	-0.323975	0.599121	-0.187581	-0.742437	0.120183	-0.631788
07602		9.638932	1.171207	-1.303041	0.011026	-0.003238	0.000091	-0.739990	-0.321045	0.595215	-0.187464	-0.742448	0.120190	-0.631810
07603		9.639264	1.161985	-1.324218	0.008255	-0.004065	0.001459	-0.747559	-0.325684	0.590576	-0.187350	-0.742440	0.120242	-0.631842
07604		9.657962	1.160765	-1.300832	0.005176	-0.003610	0.001508	-0.750977	-0.323975	0.597168	-0.187313	-0.742378	0.120360	-0.631904
07605		9.652224	1.146527	-1.286208	0.004092	-0.003408	-0.002489	-0.740234	-0.320312	0.594482	-0.187272	-0.742337	0.120417	-0.631953
07606		9.621802	1.151579	-1.318378	0.003434	-0.003755	-0.003047	-0.740234	-0.317383	0.599365	-0.187239	-0.742320	0.120466	-0.631973
07607		9.652282	1.138862	-1.308004	0.002195	-0.002318	-0.002005	-0.738770	-0.318604	0.589844	-0.187166	-0.742310	0.120500	-0.632000
07608		9.634987	1.104774	-1.327787	0.002946	-0.004820	0.001315	-0.742676	-0.322510	0.595703	-0.187109	-0.742281	0.120610	-0.632030
07609		9.643323	1.137582	-1.295634	0.004652	-0.003898	0.001628	-0.737549	-0.317383	0.596191	-0.187042	-0.742259	0.120701	-0.632058
07610		9.648326	1.160803	-1.292329	0.009015	-0.003504	-0.005827	-0.737549	-0.319092	0.597656	-0.186957	-0.742275	0.120663	-0.632072
07611		9.663456	1.127070	-1.325673	0.001069	-0.005026	-0.003917	-0.741943	-0.313965	0.600098	-0.186940	-0.742287	0.120710	-0.632055
07612		9.648880	1.113031	-1.296634	-0.001769	-0.003728	-0.003909	-0.744873	-0.316895	0.590332	-0.186886	-0.742282	0.120749	-0.632069
07613		9.660523	1.101163	-1.310939	-0.002657	-0.004970	-0.001584	-0.739258	-0.315430	0.595215	-0.186881	-0.742231	0.120877	-0.632105
07614		9.658949	1.103638	-1.365723	0.007763	-0.005699	-0.001303	-0.743408	-0.325684	0.586426	-0.186754	-0.742247	0.120895	-0.632120
07615		9.649333	1.144052	-1.285038	0.013596	-0.004655	-0.001288	-0.750488	-0.320068	0.593018	-0.186698	-0.742215	0.120952	-0.632164
07616		9.666210	1.154395	-1.295152	-0.008130	-0.004439	0.000478	-0.745361	-0.322510	0.592041	-0.186740	-0.742138	0.121147	-0.632205
07617		9.647240	1.155343	-1.320483	-0.020081	-0.005973	0.000527	-0.737305	-0.322021	0.592285	-0.186926	-0.742055	0.121452	-0.632188
07618		9.639445	1.105856	-1.308470	-0.012124	-0.000817	-0.004872	-0.740479	-0.319092	0.593506	-0.187095	-0.741983	0.121623	-0.632190
07619		9.657384	1.068252	-1.319441	-0.001892	-0.000153	-0.008073	-0.743408	-0.317383	0.593750	-0.187156	-0.741934	0.121663	-0.632222
07620		9.658184	1.100335	-1.304341	0.006312	-0.002765	-0.009424	-0.739990	-0.315186	0.590332	-0.187124	-0.741922	0.121624	-0.632254
07621		9.662470	1.110237	-1.308537	0.006446	-0.002706	-0.008746	-0.739258	-0.315186	0.589600	-0.187084	-0.741905	0.121594	-0.632290
07622		9.658497	1.110096	-1.318311	0.007400	-0.002965	-0.005429	-0.738281	-0.316650	0.590576	-0.187014	-0.741888	0.121591	-0.632332
07623		9.641768	1.115448	-1.302842	0.010010	-0.005157	-0.002558	-0.742676	-0.321533	0.598389	-0.186907	-0.741895	0.121603	-0.632354
07624		9.662208	1.128017	-1.304336	0.006528	-0.004882	-0.004545	-0.747070	-0.322266	0.595703	-0.186858	-0.741909	0.121614	-0.632348
07625		9.638975	1.136940	-1.318953	0.006756	-0.003989	-0.007428	-0.741943	-0.322266	0.597168	-0.186840	-0.741899	0.121613	-0.632366
07626		9.660653	1.124578	-1.294217	0.003634	-0.002137	-0.007337	-0.734131	-0.322021	0.596680	-0.186859	-0.741886	0.121624	-0.632373
07627		9.655716	1.118274	-1.291827	0.000009	-0.005555	-0.006517	-0.736084	-0.324219	0.586182	-0.186914	-0.741910	0.121679	-0.632319
07628		9.649810	1.129217	-1.335591	0.006140	-0.005735	-0.008026	-0.742432	-0.318115	0.597412	-0.186977	-0.741904	0.121728	-0.632298
07629		9.652149	1.126372	-1.315988	0.017686	-0.004371	-0.010125	-0.740234	-0.324219	0.593262	-0.186842	-0.741948	0.121588	-0.632312
07630		9.648144	1.150506	-1.298671	0.013424	-0.004557	-0.010507	-0.732910	-0.316406	0.592041	-0.186827	-0.741970	0.121527	-0.632304
07631		9.660142	1.154800	-1.305526	0.001298	-0.004138	-0.006805	-0.737305	-0.324463	0.593750	-0.186844	-0.741973	0.121561	-0.632288
07632		9.651008	1.131877	-1.319627	-0.005385	-0.003524	-0.006572	-0.742676	-0.318604	0.588135	-0.186980	-0.741945	0.121682	-0.632257
07633		9.659325	1.087032	-1.304626	-0.004833	-0.003959	-0.005294	-0.743408	-0.310791	0.590820	-0.187052	-0.741890	0.121804	-0.632277
07634		9.649851	1.119916	-1.329405	0.004181	-0.006831	-0.006858	-0.743408	-0.322021	0.598145	-0.186966	-0.741895	0.121795	-0.632299
07635		9.654104	1.128833	-1.334480	0.010686	-0.005479	-0.003452	-0.737305	-0.323242	0.588623	-0.186874	-0.741919	0.121793	-0.632298
07636		9.652535	1.131865	-1.303713	0.008129	-0.004740	-0.003520	-0.737549	-0.318848	0.592041	-0.186865	-0.741910	0.121855	-0.632300
07637		9.651798	1.117313	-1.312654	0.001192	-0.004295	-0.001802	-0.738281	-0.315186	0.591797	-0.186857	-0.741893	0.121951	-0.632303
07638		9.660382	1.142548	-1.300565	0.004915	-0.004350	-0.004145	-0.750977	-0.309082	0.599121	-0.186798	-0.741890	0.121977	-0.632319
07639		9.641228	1.144001	-1.326261	0.006918	-0.004654	-0.005357	-0.739990	-0.316895	0.596680	-0.186625	-0.741894	0.121917	-0.632377
07640		9.652889	1.156414	-1.313267	0.008921	-0.004960	-0.006570	-0.739990	-0.325684	0.597656	-0.186547	-0.741921	0.121882	-0.632375
07641		9.651733	1.151108	-1.302051	0.003392	-0.002358	-0.003019	-0.743652	-0.316162	0.596436	-0.186573	-0.741906	0.121960	-0.632370
07642		9.656140	1.159706	-1.306232	0.007667	-0.002846	-0.004085	-0.733887	-0.317139	0.594238	-0.186480	-0.741899	0.121952	-0.632407
07643		9.662695	1.125116	-1.324572	0.006412	-0.001363	-0.005883	-0.741699	-0.320068	0.596680	-0.186450	-0.741896	0.121947	-0.632420
07644		9.650602	1.138680	-1.312060	0.007428	-0.003691	-0.004043	-0.747559	-0.321045	0.596680	-0.186397	-0.741898	0.121964	-0.632430
07645		9.650430	1.139387	-1.312708	0.006248	-0.000071	-0.003683	-0.735596	-0.320557	0.590332	-0.186356	-0.741853	0.121991	-0.632489
07646		9.641109	1.124373	-1.306223	0.003885	-0.001348	-0.004547	-0.742676	-0.315186	0.593506	-0.186383	-0.741822	0.122055	-0.632506
07647		9.641324	1.116483	-1.326691	0.006158	-0.001531	-0.004401	-0.737549	-0.319336	0.600586	-0.186315	-0.741795	0.122062	-0.632556
07648		9.656871	1.130166	-1.303830	0.010898	0.000346	-0.004115	-0.739258	-0.322021	0.596436	-0.186228	-0.741800	0.122022	-0.632584
07649		9.644339	1.128553	-1.298645	0.006830	-0.001859	-0.005286	-0.742676	-0.321533	0.593750	-0.186221	-0.741793	0.122041	-0.632591
07650		9.658326	1.097419	-1.299042	0.003227	-0.001699	-0.005104	-0.738281	-0.315918	0.585693	-0.186243	-0.741758	0.122099	-0.632614
07651		9.649835	1.088739	-1.305268	0.000118	-0.004153	-0.002955	-0.741211	-0.320557	0.591797	-0.186259	-0.741719	0.122209	-0.632634
07652		9.662899	1.097752	-1.324340	0.002168	-0.005224	0.000078	-0.744141	-0.320068	0.595947	-0.186245	-0.741700	0.122334	-0.632635
07653		9.643452	1.106854	-1.330137	0.004963	-0.005118	0.000099	-0.746094	-0.316406	0.598877	-0.186184	-0.741695	0.122419	-0.632643
07654		9.663192	1.136393	-1.291612	0.007056	-0.003963	-0.000399	-0.740479	-0.309326	0.588867	-0.186066	-0.741694	0.122452	-0.632672
07655		9.653892	1.120535	-1.285806	-0.003469	-0.004037	0.000073	-0.739258	-0.326172	0.592529	-0.186024	-0.741652	0.122573	-0.632711
07656		9.650436	1.109994	-1.315650	-0.007281	-0.005443	0.001704	-0.739258	-0.319580	0.599121	-0.186140	-0.741615	0.122819	-0.632673
07657		9.653483	1.096786	-1.315466	-0.007059	-0.004555	-0.001184	-0.739502	-0.324463	0.586914	-0.186201	-0.741602	0.122975	-0.632639
07658		9.636209	1.063339	-1.334846	0.002178	-0.002277	-0.004857	-0.737549	-0.314453	0.588135	-0.186286	-0.741554	0.123088	-0.632649
07659		9.659487	1.071764	-1.314636	0.008473	-0.003113	-0.004299	-0.746582	-0.315430	0.599854	-0.186219	-0.741542	0.123100	-0.632681
07660		9.636789	1.094951	-1.321321	0.013677	-0.003129	-0.003455	-0.743408	-0.314209	0.598877	-0.186055	-0.741559	0.123042	-0.632720
07661		9.664190	1.095446	-1.312561	0.013560	-0.003234	-0.001292	-0.732910	-0.314453	0.596191	-0.185877	-0.741577	0.123006	-0.632758
07662		9.644734	1.104455	-1.318446	0.012978	-0.005705	-0.000482	-0.736572	-0.320557	0.589355	-0.185728	-0.741628	0.123001	-0.632743
07663		9.634075	1.137677	-1.311550	0.010619	-0.006348	0.002941	-0.740967	-0.320312	0.590820	-0.185639	-0.741636	0.123107	-0.632739
07664		9.642381	1.170626	-1.279883	0.002123	-0.003826	0.000114	-0.736328	-0.308350	0.595947	-0.185643	-0.741604	0.123242	-0.632749
07665		9.629419	1.153505	-1.282249	-0.010544	-0.000032	-0.002363	-0.744873	-0.322510	0.602051	-0.185683	-0.741552	0.123364	-0.632774
07666		9.659027	1.112119	-1.286256	-0.011898	-0.000649	-0.009162	-0.747070	-0.309082	0.592041	-0.185874	-0.741505	0.123488	-0.632750
07667		9.654880	1.089206	-1.322729	-0.006293	-0.001115	-0.010567	-0.743652	-0.316650	0.592773	-0.185931	-0.741447	0.123514	-0.632796
07668		9.663448	1.045097	-1.306608	-0.004763	0.001787	-0.006619	-0.739502	-0.317139	0.590332	-0.186014	-0.741370	0.123597	-0.632845
07669		9.657793	1.008204	-1.318343	-0.004771	-0.001159	-0.001685	-0.748291	-0.317627	0.595459	-0.186071	-0.741311	0.123743	-0.632869
07670		9.652110	1.041318	-1.333700	0.006671	-0.004188	0.000400	-0.751465	-0.310547	0.595459	-0.185974	-0.741296	0.123808	-0.632902
07671		9.653407	1.086533	-1.311983	0.018895	-0.003817	-0.004061	-0.733398	-0.320801	0.591309	-0.185736	-0.741311	0.123698	-0.632976
07672		9.672603	1.101266	-1.281576	0.019766	-0.005526	-0.001462	-0.733643	-0.317871	0.595947	-0.185602	-0.741358	0.123684	-0.632963
07673		9.659563	1.083741	-1.284992	0.004230	-0.003348	-0.001828	-0.740723	-0.310791	0.599365	-0.185583	-0.741368	0.123755	-0.632943
07674		9.652892	1.086315	-1.315947	0.001337	-0.003600	0.003164	-0.740723	-0.312500	0.594971	-0.185470	-0.741365	0.123846	-0.632962
07675		9.665246	1.112515	-1.295180	0.002048	-0.005966	-0.002044	-0.743164	-0.325195	0.596436	-0.185417	-0.741375	0.123914	-0.632953
07676		9.645138	1.107500	-1.308893	0.007633	-0.006390	-0.006296	-0.739502	-0.316162	0.594482	-0.185440	-0.741399	0.123959	-0.632909
07677		9.663583	1.084588	-1.313623	0.009021	-0.004186	-0.007316	-0.736084	-0.306396	0.599854	-0.185401	-0.741418	0.123941	-0.632902
07678		9.655503	1.091344	-1.312451	0.003267	-0.003104	-0.005148	-0.742920	-0.322510	0.595703	-0.185313	-0.741442	0.123919	-0.632904
07679		9.657667	1.072721	-1.299757	-0.002963	-0.003711	-0.002890	-0.745117	-0.309570	0.594238	-0.185394	-0.741414	0.124063	-0.632885
07680		9.645437	1.062255	-1.315031	-0.004383	-0.005196	-0.003275	-0.746582	-0.321045	0.588135	-0.185384	-0.741394	0.124157	-0.632893
07681		9.642232	1.068068	-1.337516	-0.003027	-0.006533	-0.006490	-0.739746	-0.319092	0.592529	-0.185492	-0.741362	0.124293	-0.632871
07682		9.661191	1.060655	-1.334191	-0.000357	-0.002905	-0.007805	-0.735840	-0.317871	0.593506	-0.185574	-0.741341	0.124363	-0.632858
07683		9.660204	1.080065	-1.295025	0.010019	-0.002206	-0.007535	-0.743164	-0.321777	0.595947	-0.185552	-0.741351	0.124343	-0.632856
07684		9.651623	1.072289	-1.301166	0.005066	-0.002032	-0.009859	-0.737793	-0.315186	0.593506	-0.185607	-0.741341	0.124351	-0.632851
07685		9.658272	1.062605	-1.291809	0.000064	-0.003400	-0.007207	-0.738281	-0.317627	0.599365	-0.185648	-0.741334	0.124402	-0.632837
07686		9.665654	1.034566	-1.322660	-0.003574	-0.005465	-0.003482	-0.740234	-0.313232	0.599365	-0.185694	-0.741345	0.124516	-0.632788
07687		9.654380	1.054342	-1.322576	0.003641	-0.002197	-0.004516	-0.735352	-0.317139	0.598633	-0.185648	-0.741347	0.124533	-0.632796
07688		9.650887	1.068517	-1.324942	0.010031	-0.005826	-0.004043	-0.736084	-0.310059	0.589600	-0.185575	-0.741398	0.124537	-0.632757
07689		9.650762	1.092917	-1.298855	0.008404	-0.004614	-0.002188	-0.740234	-0.319336	0.603271	-0.185471	-0.741406	0.124559	-0.632774
07690		9.666159	1.082466	-1.304408	-0.003348	-0.003942	-0.002083	-0.741699	-0.322510	0.598877	-0.185509	-0.741409	0.124680	-0.632735
07691		9.665163	1.076777	-1.292984	-0.003735	-0.004169	-0.001278	-0.739502	-0.315430	0.595459	-0.185576	-0.741394	0.124839	-0.632702
07692		9.650467	1.085802	-1.322041	0.004167	-0.006170	-0.005435	-0.745117	-0.314697	0.590820	-0.185557	-0.741417	0.124878	-0.632673
07693		9.645263	1.087910	-1.300032	0.009813	-0.003769	-0.006095	-0.738525	-0.316162	0.595947	-0.185490	-0.741409	0.124867	-0.632704
07694		9.653227	1.099166	-1.295563	0.006005	-0.002238	-0.009393	-0.742432	-0.320068	0.592773	-0.185499	-0.741415	0.124849	-0.632698
07695		9.663525	1.067136	-1.304795	-0.003167	-0.002342	-0.006379	-0.744385	-0.318115	0.598633	-0.185599	-0.741375	0.124957	-0.632694
07696		9.682118	1.044443	-1.308760	-0.004551	-0.004547	-0.005358	-0.743164	-0.318115	0.598633	-0.185667	-0.741363	0.125065	-0.632667
07697		9.654288	1.045123	-1.319315	0.001503	-0.001956	-0.003979	-0.739990	-0.322266	0.591309	-0.185674	-0.741345	0.125132	-0.632673
07698		9.644078	1.062601	-1.351583	0.007986	-0.005442	-0.008523	-0.740723	-0.310791	0.592773	-0.185704	-0.741359	0.125152	-0.632643
07699		9.659090	1.086249	-1.309935	0.011678	-0.004134	-0.008003	-0.738770	-0.314209	0.598145	-0.185607	-0.741380	0.125088	-0.632660
07700		9.665407	1.085195	-1.281077	0.009506	-0.003175	-0.008868	-0.739258	-0.316650	0.595947	-0.185558	-0.741407	0.125036	-0.632653
07701		9.665419	1.078144	-1.301918	0.003766	-0.002780	-0.008131	-0.730225	-0.309326	0.596680	-0.185580	-0.741408	0.125052	-0.632643
07702		9.663412	1.043516	-1.305623	-0.002597	-0.003457	-0.006542	-0.741211	-0.309814	0.595947	-0.185606	-0.741421	0.125104	-0.632609
07703		9.662314	1.038754	-1.294411	-0.000762	-0.006043	-0.004909	-0.743164	-0.313965	0.587891	-0.185584	-0.741432	0.125160	-0.632592
07704		9.672118	1.053299	-1.335262	0.004468	-0.007409	-0.006964	-0.740479	-0.313965	0.593994	-0.185573	-0.741438	0.125197	-0.632581
07705		9.660633	1.073457	-1.336032	0.005500	-0.006148	-0.005775	-0.739502	-0.312500	0.593994	-0.185536	-0.741458	0.125221	-0.632563
07706		9.663691	1.085170	-1.308890	0.008432	-0.005972	-0.005085	-0.740234	-0.320557	0.599609	-0.185458	-0.741485	0.125222	-0.632554
07707		9.655681	1.115638	-1.280626	0.003078	-0.005353	-0.005152	-0.734375	-0.311768	0.596680	-0.185478	-0.741506	0.125286	-0.632511
07708		9.654482	1.086882	-1.296867	-0.012700	-0.004050	-0.005432	-0.737549	-0.319336	0.603271	-0.185601	-0.741487	0.125440	-0.632466
07709		9.658097	1.057959	-1.336147	-0.014328	-0.004167	-0.009308	-0.740479	-0.309082	0.594971	-0.185803	-0.741481	0.125587	-0.632385
07710		9.653060	1.028888	-1.360938	0.000669	-0.002983	-0.012358	-0.736816	-0.316650	0.597412	-0.185828	-0.741481	0.125555	-0.632384
07711		9.651084	1.019388	-1.337186	0.009204	-0.003260	-0.013090	-0.745361	-0.313721	0.592285	-0.185834	-0.741515	0.125478	-0.632358
07712		9.662643	1.033501	-1.324002	0.010285	-0.003398	-0.011939	-0.746826	-0.323730	0.592529	-0.185797	-0.741519	0.125400	-0.632380
07713		9.658174	1.043150	-1.313854	0.013031	-0.001884	-0.011894	-0.739746	-0.311523	0.584229	-0.185804	-0.741510	0.125341	-0.632400
07714		9.650764	1.081351	-1.297652	0.010770	-0.005974	-0.012824	-0.746094	-0.313965	0.595215	-0.185776	-0.741526	0.125269	-0.632404
07715		9.671128	1.087295	-1.319660	0.009056	-0.006227	-0.011682	-0.734131	-0.322021	0.593750	-0.185738	-0.741556	0.125204	-0.632393
07716		9.665380	1.075804	-1.305310	0.004980	-0.004188	-0.012046	-0.744873	-0.312744	0.592773	-0.185825	-0.741576	0.125210	-0.632342
07717		9.642995	1.106966	-1.324316	0.004967	-0.003505	-0.010604	-0.740967	-0.319092	0.601807	-0.185818	-0.741569	0.125181	-0.632358
07718		9.654549	1.120994	-1.311041	-0.000760	-0.003803	-0.011302	-0.739502	-0.321777	0.599365	-0.185903	-0.741582	0.125202	-0.632313
07719		9.661128	1.112787	-1.301723	-0.005087	-0.003261	-0.015915	-0.747559	-0.316162	0.603027	-0.186089	-0.741583	0.125231	-0.632252
07720		9.646277	1.063079	-1.307131	-0.006442	-0.003255	-0.018432	-0.739014	-0.315918	0.597656	-0.186246	-0.741582	0.125208	-0.632212
07721		9.669905	1.057865	-1.326652	-0.003972	-0.001867	-0.019752	-0.748535	-0.320312	0.594727	-0.186413	-0.741580	0.125164	-0.632174
07722		9.664846	1.054725	-1.323567	0.001618	-0.001630	-0.019738	-0.735596	-0.319580	0.596924	-0.186547	-0.741559	0.125094	-0.632172
07723		9.647086	1.033723	-1.322638	0.000765	-0.003549	-0.018841	-0.743652	-0.315674	0.600342	-0.186688	-0.741583	0.125041	-0.632113
07724		9.663677	1.038933	-1.352839	0.008585	-0.004328	-0.012261	-0.734375	-0.316895	0.591553	-0.186655	-0.741617	0.124961	-0.632099
07725		9.658448	1.066253	-1.303233	0.015395	-0.004157	-0.010413	-0.741455	-0.319336	0.595459	-0.186585	-0.741655	0.124872	-0.632093
07726		9.650188	1.073651	-1.302479	0.015682	-0.004713	-0.010497	-0.743652	-0.318359	0.593262	-0.186511	-0.741693	0.124782	-0.632087
07727		9.630678	1.099846	-1.300919	0.015310	-0.005625	-0.011136	-0.744385	-0.321289	0.599854	-0.186438	-0.741729	0.124691	-0.632085
07728		9.652435	1.142337	-1.320082	0.016571	-0.004852	-0.015739	-0.744385	-0.321777	0.597412	-0.186399	-0.741783	0.124544	-0.632062
07729		9.643270	1.144920	-1.307065	0.013352	-0.004486	-0.016347	-0.740967	-0.322510	0.595459	-0.186402	-0.741821	0.124424	-0.632041
07730		9.647083	1.156867	-1.311781	0.011380	-0.002663	-0.020112	-0.731689	-0.322754	0.592529	-0.186470	-0.741845	0.124288	-0.632018
07731		9.648440	1.111950	-1.313819	-0.000991	-0.000223	-0.021218	-0.739746	-0.323730	0.603516	-0.186686	-0.741834	0.124246	-0.631976
07732		9.658764	1.082983	-1.322594	-0.004745	-0.002360	-0.018150	-0.740723	-0.316895	0.598877	-0.186881	-0.741839	0.124244	-0.631912
07733		9.653455	1.063929	-1.327273	-0.004388	-0.003658	-0.013968	-0.736816	-0.318604	0.595703	-0.186995	-0.741838	0.124258	-0.631877
07734		9.653679	1.073429	-1.340344	0.001051	-0.002790	-0.013196	-0.741943	-0.316650	0.593506	-0.187076	-0.741840	0.124249	-0.631853
07735		9.655203	1.075053	-1.287760	0.004805	-0.003547	-0.014167	-0.740479	-0.318604	0.592285	-0.187110	-0.741844	0.124195	-0.631849
07736		9.644453	1.094301	-1.320144	0.005764	-0.004431	-0.015143	-0.736572	-0.319824	0.599365	-0.187159	-0.741856	0.124138	-0.631831
07737		9.659212	1.095965	-1.306183	0.007574	-0.006290	-0.014920	-0.743896	-0.324707	0.590576	-0.187187	-0.741913	0.124067	-0.631770
07738		9.655196	1.112602	-1.308950	0.005381	-0.004659	-0.014336	-0.743896	-0.329346	0.593262	-0.187268	-0.741911	0.124048	-0.631752
07739		9.634452	1.118744	-1.302491	0.008765	-0.006328	-0.015945	-0.733154	-0.318359	0.598877	-0.187352	-0.741938	0.124005	-0.631704
07740		9.643023	1.129341	-1.330980	0.007763	-0.004733	-0.016384	-0.746338	-0.315430	0.601318	-0.187387	-0.741991	0.123912	-0.631650
07741		9.662152	1.139469	-1.320435	0.007488	-0.004868	-0.017751	-0.737549	-0.315674	0.593506	-0.187390	-0.742028	0.123783	-0.631631
07742		9.651951	1.121692	-1.302600	0.003009	-0.006629	-0.019499	-0.741943	-0.315430	0.589844	-0.187473	-0.742067	0.123697	-0.631577
07743		9.650931	1.111020	-1.311768	0.010816	-0.005135	-0.019331	-0.740967	-0.318359	0.590332	-0.187482	-0.742094	0.123550	-0.631571
07744		9.644281	1.139207	-1.348238	0.011776	-0.006019	-0.020310	-0.744385	-0.319824	0.601074	-0.187507	-0.742134	0.123400	-0.631547
07745		9.639700	1.165744	-1.331225	0.012130	-0.004419	-0.018231	-0.746094	-0.316162	0.593750	-0.187499	-0.742179	0.123247	-0.631526
07746		9.645447	1.176531	-1.282844	0.006844	-0.005925	-0.019766	-0.739746	-0.315430	0.593750	-0.187537	-0.742205	0.123122	-0.631509
07747		9.636071	1.140694	-1.304752	-0.000852	-0.005983	-0.016358	-0.738281	-0.318359	0.593994	-0.187623	-0.742220	0.123088	-0.631472
07748		9.640185	1.143485	-1.329647	-0.000287	-0.006403	-0.015077	-0.740967	-0.315674	0.594727	-0.187713	-0.742239	0.123075	-0.631425
07749		9.638681	1.125789	-1.326276	0.007899	-0.004673	-0.015726	-0.741699	-0.320312	0.593506	-0.187710	-0.742264	0.122972	-0.631417
07750		9.658668	1.156922	-1.320924	0.010813	-0.007342	-0.015798	-0.743164	-0.322754	0.597412	-0.187708	-0.742309	0.122875	-0.631383
07751		9.639075	1.175271	-1.339670	0.010004	-0.007083	-0.015589	-0.733887	-0.323486	0.590576	-0.187718	-0.742356	0.122787	-0.631342
07752		9.633916	1.194811	-1.310378	0.006708	-0.004642	-0.014708	-0.735352	-0.323242	0.601562	-0.187785	-0.742374	0.122749	-0.631308
07753		9.640200	1.195842	-1.281684	-0.007875	-0.006388	-0.013844	-0.741943	-0.319092	0.588623	-0.187954	-0.742396	0.122811	-0.631221
07754		9.632160	1.172419	-1.327820	-0.015056	-0.005318	-0.019875	-0.742432	-0.317383	0.602051	-0.188224	-0.742357	0.122878	-0.631173
07755		9.634274	1.119209	-1.349853	0.000242	-0.002405	-0.023784	-0.733398	-0.319336	0.600830	-0.188347	-0.742373	0.122739	-0.631145
07756		9.637870	1.132653	-1.354252	0.017588	-0.002694	-0.023962	-0.736816	-0.327637	0.595215	-0.188335	-0.742444	0.122475	-0.631115
07757		9.643462	1.128881	-1.313025	0.013117	-0.003114	-0.019946	-0.730957	-0.320801	0.600342	-0.188391	-0.742477	0.122335	-0.631087
07758		9.633751	1.125875	-1.287240	0.008938	-0.004087	-0.016010	-0.739746	-0.326660	0.594971	-0.188407	-0.742529	0.122225	-0.631042
07759		9.646169	1.153371	-1.299311	0.009947	-0.005680	-0.015576	-0.725586	-0.312500	0.588867	-0.188442	-0.742562	0.122152	-0.631007
07760		9.630062	1.158505	-1.316671	0.015475	-0.007564	-0.017753	-0.738770	-0.327148	0.602783	-0.188382	-0.742643	0.121973	-0.630965
07761		9.642090	1.170983	-1.337386	0.018242	-0.009606	-0.017064	-0.736572	-0.317139	0.590820	-0.188335	-0.742749	0.121814	-0.630885
07762		9.640038	1.146648	-1.322734	0.023219	-0.006839	-0.014013	-0.734863	-0.319336	0.600342	-0.188185	-0.742817	0.121622	-0.630886
07763		9.632555	1.206100	-1.312950	0.026886	-0.008361	-0.014271	-0.741699	-0.321533	0.594971	-0.188001	-0.742932	0.121390	-0.630850
07764		9.645352	1.238988	-1.338801	0.019693	-0.008820	-0.015288	-0.743408	-0.325195	0.596680	-0.187907	-0.743007	0.121231	-0.630820
07765		9.627109	1.234183	-1.299814	0.013572	-0.008704	-0.013699	-0.742920	-0.322754	0.592773	-0.187876	-0.743063	0.121148	-0.630779
07766		9.637775	1.203417	-1.310476	0.007920	-0.007586	-0.013654	-0.739746	-0.325684	0.596924	-0.187892	-0.743089	0.121106	-0.630753
07767		9.637676	1.212337	-1.325024	0.006124	-0.008625	-0.011762	-0.736328	-0.324951	0.609619	-0.187922	-0.743130	0.121101	-0.630696
07768		9.632687	1.207294	-1.323691	0.004760	-0.008648	-0.014285	-0.731934	-0.324463	0.600586	-0.187960	-0.743211	0.121048	-0.630600
07769		9.659497	1.196794	-1.323667	0.004557	-0.007319	-0.014938	-0.738281	-0.319336	0.600342	-0.188026	-0.743266	0.121008	-0.630523
07770		9.622567	1.182943	-1.327745	0.000370	-0.006097	-0.014552	-0.737305	-0.329102	0.596680	-0.188090	-0.743290	0.120978	-0.630481
07771		9.634329	1.165171	-1.362644	0.006278	-0.007754	-0.017555	-0.746094	-0.320068	0.602295	-0.188187	-0.743335	0.120931	-0.630409
07772		9.644454	1.184425	-1.318138	0.019889	-0.003587	-0.022509	-0.731689	-0.322021	0.598877	-0.188124	-0.743387	0.120662	-0.630417
07773		9.632315	1.183273	-1.346525	0.016535	-0.008386	-0.020971	-0.726562	-0.323975	0.603760	-0.188111	-0.743484	0.120466	-0.630345
07774		9.640174	1.164103	-1.390798	0.009744	-0.007948	-0.018473	-0.735352	-0.319336	0.603027	-0.188150	-0.743577	0.120343	-0.630247
07775		9.646868	1.156420	-1.382619	0.012356	-0.005787	-0.014819	-0.734863	-0.319092	0.600586	-0.188101	-0.743636	0.120207	-0.630217
07776		9.633502	1.150589	-1.366425	0.026252	-0.006532	-0.015597	-0.728516	-0.312500	0.607178	-0.187932	-0.743730	0.119963	-0.630203
07777		9.633913	1.180677	-1.386396	0.032716	-0.007903	-0.015877	-0.737305	-0.321777	0.595703	-0.187661	-0.743880	0.119623	-0.630172
07778		9.629149	1.205731	-1.370560	0.036184	-0.005216	-0.016053	-0.741455	-0.320068	0.600098	-0.187432	-0.743967	0.119323	-0.630193
07779		9.624477	1.230493	-1.354316	0.034688	-0.003935	-0.013497	-0.733887	-0.324707	0.598389	-0.187178	-0.744041	0.119039	-0.630236
07780		9.612313	1.250978	-1.355562	0.030482	-0.004898	-0.012406	-0.741699	-0.320312	0.593994	-0.186994	-0.744117	0.118827	-0.630241
07781		9.627332	1.266756	-1.335057	0.027225	-0.006046	-0.010843	-0.727539	-0.323975	0.603516	-0.186803	-0.744168	0.118654	-0.630270
07782		9.623656	1.287585	-1.350829	0.019935	-0.003724	-0.008902	-0.738770	-0.317383	0.596924	-0.186688	-0.744228	0.118540	-0.630254
07783		9.630632	1.262811	-1.349210	0.005899	-0.003060	-0.008789	-0.738037	-0.313721	0.599365	-0.186667	-0.744215	0.118526	-0.630278
07784		9.634001	1.251275	-1.348486	-0.003027	-0.002397	-0.005702	-0.739014	-0.320068	0.597900	-0.186681	-0.744181	0.118585	-0.630304
07785		9.637297	1.224615	-1.355014	0.001347	-0.002765	-0.009025	-0.735107	-0.323975	0.594238	-0.186718	-0.744157	0.118614	-0.630316
07786		9.636348	1.205754	-1.350627	0.000119	-0.002729	-0.010862	-0.736084	-0.322754	0.600098	-0.186815	-0.744129	0.118663	-0.630310
07787		9.642888	1.175651	-1.335989	0.000536	-0.002508	-0.008810	-0.733887	-0.321045	0.596436	-0.186872	-0.744111	0.118704	-0.630307
07788		9.642900	1.153049	-1.363804	0.001247	-0.002840	-0.006839	-0.735352	-0.319824	0.593262	-0.186905	-0.744091	0.118760	-0.630311
07789		9.630881	1.157382	-1.371548	0.008772	-0.005787	-0.003810	-0.731689	-0.328125	0.596680	-0.186837	-0.744096	0.118796	-0.630317
07790		9.627039	1.201402	-1.359923	0.018464	-0.004602	-0.002767	-0.738525	-0.324463	0.605469	-0.186720	-0.744125	0.118794	-0.630318
07791		9.626902	1.232256	-1.346827	0.018131	-0.004051	-0.005560	-0.734375	-0.319336	0.598145	-0.186584	-0.744163	0.118726	-0.630327
07792		9.654230	1.235310	-1.338548	0.009963	-0.002178	-0.010590	-0.737793	-0.326416	0.600830	-0.186556	-0.744167	0.118667	-0.630342
07793		9.616545	1.162274	-1.338801	0.011877	-0.003248	-0.011107	-0.739746	-0.322510	0.600586	-0.186546	-0.744181	0.118619	-0.630337
07794		9.632433	1.160015	-1.357129	0.018637	-0.005163	-0.011477	-0.737793	-0.320801	0.603760	-0.186448	-0.744224	0.118500	-0.630337
07795		9.637687	1.233657	-1.378053	0.020019	-0.005826	-0.010411	-0.731689	-0.322510	0.590576	-0.186316	-0.744285	0.118365	-0.630330
07796		9.652769	1.249721	-1.356957	0.012532	-0.002883	-0.010565	-0.746094	-0.316650	0.599854	-0.186302	-0.744284	0.118329	-0.630342
07797		9.631659	1.202525	-1.359141	0.004878	-0.001487	-0.009241	-0.740723	-0.323975	0.596191	-0.186282	-0.744252	0.118304	-0.630391
07798		9.623784	1.215348	-1.370526	0.005858	-0.006719	-0.005930	-0.732422	-0.324951	0.605713	-0.186276	-0.744256	0.118364	-0.630377
07799		9.632016	1.278312	-1.357329	0.004096	-0.003400	-0.005440	-0.736816	-0.321045	0.609375	-0.186285	-0.744265	0.118414	-0.630353
07800		9.619514	1.246550	-1.366318	-0.006019	0.000938	-0.007045	-0.739746	-0.323975	0.598145	-0.186373	-0.744221	0.118487	-0.630365
07801		9.642761	1.226528	-1.360328	-0.010249	-0.001496	-0.003770	-0.733154	-0.316162	0.600098	-0.186504	-0.744150	0.118674	-0.630375
07802		9.626243	1.232430	-1.343298	-0.014719	-0.000435	-0.004737	-0.736816	-0.314697	0.603516	-0.186643	-0.744081	0.118838	-0.630385
07803		9.637755	1.200596	-1.350759	-0.024119	0.000693	-0.005114	-0.731689	-0.315918	0.599365	-0.186854	-0.743985	0.119051	-0.630396
07804		9.641706	1.164893	-1.375764	-0.020445	-0.000816	-0.005385	-0.732422	-0.326172	0.600830	-0.187049	-0.743909	0.119251	-0.630390
07805		9.636821	1.137431	-1.366882	-0.006408	-0.001456	-0.005520	-0.739258	-0.320801	0.600098	-0.187166	-0.743870	0.119388	-0.630376
07806		9.640439	1.171239	-1.343917	0.011748	-0.001904	-0.006026	-0.733154	-0.319580	0.592041	-0.187080	-0.743866	0.119352	-0.630412
07807		9.655436	1.210865	-1.294464	0.009690	0.001966	-0.005452	-0.737061	-0.314697	0.598389	-0.187030	-0.743819	0.119346	-0.630483
07808		9.640159	1.188655	-1.336893	0.003004	-0.000408	-0.005853	-0.742920	-0.314697	0.593994	-0.186998	-0.743786	0.119351	-0.630531
07809		9.651641	1.202190	-1.323738	0.001097	-0.005099	-0.006821	-0.737793	-0.323730	0.606689	-0.186988	-0.743767	0.119386	-0.630550
07810		9.628198	1.216282	-1.350557	0.000818	-0.005249	-0.008191	-0.735352	-0.318604	0.604248	-0.187023	-0.743785	0.119419	-0.630512
07811		9.638699	1.172513	-1.334532	0.005894	-0.000184	-0.008067	-0.735840	-0.324707	0.598389	-0.186995	-0.743775	0.119382	-0.630539
07812		9.630488	1.179147	-1.332831	0.019554	-0.001039	-0.007385	-0.737793	-0.313721	0.601807	-0.186880	-0.743786	0.119297	-0.630576
07813		9.638125	1.205928	-1.321697	0.030549	-0.003386	-0.011781	-0.739502	-0.329102	0.595215	-0.186624	-0.743857	0.119022	-0.630621
07814		9.649382	1.235433	-1.302293	0.022186	-0.004555	-0.013171	-0.738770	-0.323486	0.595947	-0.186555	-0.743895	0.118907	-0.630618
07815		9.637530	1.231710	-1.330126	0.010705	-0.003916	-0.011546	-0.741455	-0.327393	0.597168	-0.186549	-0.743903	0.118865	-0.630618
07816		9.624889	1.215687	-1.333040	0.009272	-0.006199	-0.008290	-0.739014	-0.324463	0.602051	-0.186545	-0.743918	0.118887	-0.630598
07817		9.609349	1.239533	-1.355191	0.012942	-0.004823	-0.007822	-0.733643	-0.321533	0.602295	-0.186482	-0.743946	0.118851	-0.630590
07818		9.652227	1.241486	-1.331729	0.012043	-0.002460	-0.006126	-0.739014	-0.322754	0.597168	-0.186406	-0.743961	0.118816	-0.630601
07819		9.628032	1.242944	-1.333359	0.000274	-0.004149	-0.005150	-0.746094	-0.320557	0.595947	-0.186442	-0.743939	0.118910	-0.630599
07820		9.635270	1.233132	-1.324229	-0.016351	-0.007179	-0.003601	-0.738770	-0.320557	0.603027	-0.186597	-0.743887	0.119146	-0.630570
07821		9.634926	1.188824	-1.347287	-0.017301	-0.006999	-0.004070	-0.733887	-0.316406	0.596924	-0.186759	-0.743860	0.119362	-0.630513
07822		9.650148	1.158712	-1.347570	-0.006123	-0.004202	-0.004884	-0.730713	-0.322998	0.599121	-0.186818	-0.743834	0.119471	-0.630505
07823		9.626331	1.166261	-1.361724	0.005498	-0.004760	-0.005834	-0.728516	-0.321533	0.599854	-0.186812	-0.743850	0.119510	-0.630481
07824		9.641934	1.172296	-1.360270	0.011894	-0.004705	-0.006105	-0.729004	-0.319580	0.594971	-0.186741	-0.743886	0.119487	-0.630464
07825		9.633248	1.172393	-1.347101	0.009816	-0.005185	-0.004107	-0.736816	-0.324951	0.595703	-0.186672	-0.743906	0.119504	-0.630457
07826		9.640882	1.198307	-1.336582	0.009293	-0.007657	-0.003259	-0.741943	-0.318359	0.598877	-0.186618	-0.743931	0.119567	-0.630432
07827		9.637566	1.208450	-1.372191	0.011342	-0.005766	-0.002355	-0.738037	-0.321777	0.595215	-0.186495	-0.743944	0.119573	-0.630451
07828		9.609187	1.216474	-1.363381	0.014531	-0.003922	-0.005371	-0.743896	-0.322021	0.599365	-0.186399	-0.743952	0.119552	-0.630474
07829		9.616471	1.236781	-1.339819	0.014317	-0.002598	-0.006030	-0.738037	-0.318359	0.606445	-0.186302	-0.743949	0.119513	-0.630514
07830		9.631728	1.251991	-1.318426	0.007620	-0.004276	-0.004961	-0.743652	-0.314941	0.600098	-0.186229	-0.743969	0.119502	-0.630514
07831		9.643591	1.225478	-1.339990	0.002490	-0.003598	-0.006468	-0.736328	-0.324463	0.601074	-0.186206	-0.743952	0.119515	-0.630539
07832		9.620204	1.208089	-1.380989	0.002676	-0.003509	-0.002905	-0.739746	-0.323975	0.599609	-0.186210	-0.743940	0.119610	-0.630534
07833		9.638951	1.188773	-1.352681	-0.000913	-0.004117	-0.004110	-0.738525	-0.317139	0.596191	-0.186254	-0.743917	0.119725	-0.630526
07834		9.631120	1.200746	-1.363823	0.000399	-0.003370	-0.003014	-0.733154	-0.321289	0.601562	-0.186247	-0.743887	0.119810	-0.630547
07835		9.630956	1.171044	-1.378980	0.003867	-0.001372	-0.004662	-0.735840	-0.327148	0.602051	-0.186242	-0.743872	0.119855	-0.630558
07836		9.626281	1.142638	-1.370412	0.014963	0.000659	-0.004752	-0.733643	-0.321045	0.599121	-0.186167	-0.743860	0.119839	-0.630596
07837		9.642406	1.184230	-1.366445	0.019787	-0.003815	-0.001739	-0.733398	-0.312744	0.603271	-0.185992	-0.743891	0.119799	-0.630620
07838		9.638789	1.233385	-1.367399	0.014248	-0.004116	0.001197	-0.741455	-0.318115	0.608154	-0.185794	-0.743918	0.119776	-0.630651
07839		9.625882	1.217852	-1.337445	0.007172	-0.000957	0.003119	-0.737793	-0.310059	0.599609	-0.185666	-0.743896	0.119835	-0.630703
07840		9.625580	1.195810	-1.332581	0.005270	-0.000599	0.002188	-0.740234	-0.326416	0.596680	-0.185541	-0.743859	0.119881	-0.630774
07841		9.629665	1.219243	-1.329421	-0.002094	-0.001908	-0.003779	-0.742676	-0.321777	0.597656	-0.185622	-0.743809	0.120033	-0.630781
07842		9.629955	1.180263	-1.363668	-0.002243	0.000897	-0.003727	-0.731445	-0.319580	0.595459	-0.185678	-0.743736	0.120150	-0.630829
07843		9.625652	1.188738	-1.352514	0.012049	0.001885	-0.007582	-0.742920	-0.324219	0.598877	-0.185636	-0.743709	0.120111	-0.630881
07844		9.653296	1.176487	-1.349956	0.002536	0.003640	-0.004284	-0.728760	-0.311523	0.602051	-0.185667	-0.743628	0.120188	-0.630951
07845		9.633252	1.148585	-1.355764	-0.009283	-0.000278	0.002505	-0.735840	-0.319824	0.596924	-0.185688	-0.743575	0.120353	-0.630976
07846		9.648951	1.146628	-1.340347	-0.008896	-0.000802	0.008180	-0.732666	-0.319336	0.606201	-0.185707	-0.743494	0.120628	-0.631014
07847		9.630179	1.149583	-1.376904	-0.002875	-0.000963	0.008721	-0.733643	-0.318115	0.597900	-0.185650	-0.743453	0.120833	-0.631040
07848		9.629195	1.160543	-1.325427	0.004641	-0.002425	0.006686	-0.738525	-0.316895	0.592773	-0.185544	-0.743425	0.120981	-0.631075
07849		9.649419	1.187005	-1.319701	0.005377	-0.001280	0.006492	-0.740967	-0.316162	0.597656	-0.185435	-0.743373	0.121126	-0.631142
07850		9.618439	1.187149	-1.350829	0.005297	-0.002052	0.007232	-0.725586	-0.318848	0.593750	-0.185306	-0.743332	0.121264	-0.631201
07851		9.621962	1.212347	-1.315713	0.004956	-0.001513	0.004436	-0.733643	-0.318359	0.597656	-0.185240	-0.743305	0.121406	-0.631224
07852		9.637581	1.210671	-1.300669	-0.004494	-0.000413	0.001212	-0.737549	-0.322754	0.595947	-0.185273	-0.743249	0.121577	-0.631248
07853		9.625791	1.183673	-1.321449	-0.002678	0.001373	-0.004329	-0.737793	-0.313477	0.599365	-0.185359	-0.743180	0.121705	-0.631279
07854		9.621961	1.136555	-1.351539	0.001346	0.001505	-0.002525	-0.740479	-0.320312	0.604492	-0.185336	-0.743128	0.121756	-0.631337
07855		9.648889	1.142586	-1.309555	0.000475	0.002456	-0.003731	-0.736572	-0.314941	0.589600	-0.185359	-0.743072	0.121825	-0.631383
07856		9.641284	1.123429	-1.334178	-0.001627	-0.001660	0.001155	-0.731445	-0.312500	0.592285	-0.185356	-0.743014	0.121975	-0.631423
07857		9.637520	1.105617	-1.350348	-0.003262	-0.000438	0.003047	-0.732178	-0.317627	0.602539	-0.185343	-0.742954	0.122133	-0.631467
07858		9.657722	1.102265	-1.358696	0.001493	-0.001335	0.005372	-0.740234	-0.312012	0.604248	-0.185275	-0.742928	0.122280	-0.631490
07859		9.629737	1.138844	-1.334339	0.010306	-0.001343	0.005882	-0.742676	-0.315918	0.597168	-0.185083	-0.742914	0.122325	-0.631553
07860		9.625272	1.138698	-1.311598	0.013488	-0.001679	0.003575	-0.736328	-0.317627	0.593262	-0.184912	-0.742894	0.122367	-0.631618
07861		9.646185	1.177577	-1.330897	0.008498	-0.000922	0.002758	-0.736084	-0.313721	0.600098	-0.184818	-0.742859	0.122462	-0.631669
07862		9.657629	1.167878	-1.312135	0.001232	-0.000024	0.001834	-0.738037	-0.309814	0.593750	-0.184769	-0.742818	0.122565	-0.631712
07863		9.645527	1.134087	-1.320656	-0.009503	-0.001119	0.002563	-0.735352	-0.316162	0.598389	-0.184802	-0.742745	0.122757	-0.631751
07864		9.630378	1.140689	-1.348363	-0.008472	-0.000528	0.002287	-0.736816	-0.313965	0.598877	-0.184855	-0.742682	0.122960	-0.631770
07865		9.621304	1.128174	-1.308537	-0.002712	0.000617	-0.000710	-0.744141	-0.312256	0.599609	-0.184867	-0.742628	0.123072	-0.631808
07866		9.653593	1.128650	-1.322377	-0.005084	0.000695	0.001376	-0.741943	-0.318848	0.605957	-0.184869	-0.742556	0.123210	-0.631865
07867		9.629344	1.107544	-1.317570	-0.001701	-0.000257	0.001181	-0.738281	-0.317383	0.596436	-0.184864	-0.742514	0.123341	-0.631890
07868		9.653673	1.143371	-1.315079	0.000201	-0.000617	0.002111	-0.739990	-0.312012	0.591797	-0.184846	-0.742465	0.123483	-0.631926
07869		9.641157	1.134358	-1.296872	-0.002578	-0.001480	0.000690	-0.739746	-0.317871	0.596680	-0.184843	-0.742408	0.123621	-0.631967
07870		9.625223	1.129156	-1.299866	-0.010394	-0.001634	0.003522	-0.745850	-0.313965	0.593018	-0.184912	-0.742339	0.123865	-0.631980
07871		9.641540	1.093740	-1.331439	-0.007072	-0.001892	0.001901	-0.737305	-0.314209	0.598633	-0.184943	-0.742267	0.124055	-0.632018
07872		9.641499	1.093745	-1.331732	0.001775	-0.001145	-0.001207	-0.745117	-0.312012	0.596680	-0.184917	-0.742239	0.124133	-0.632043
07873		9.645307	1.110640	-1.316147	0.011432	-0.000692	0.003412	-0.739990	-0.315674	0.598145	-0.184751	-0.742208	0.124169	-0.632121
07874		9.636915	1.125037	-1.294788	0.009745	-0.001622	-0.004807	-0.740234	-0.316650	0.595703	-0.184687	-0.742203	0.124162	-0.632147
07875		9.640545	1.143403	-1.279284	0.002103	-0.000942	-0.004907	-0.741455	-0.311279	0.597412	-0.184705	-0.742169	0.124225	-0.632169
07876		9.648344	1.124114	-1.288907	-0.003777	-0.000698	-0.004762	-0.742920	-0.311279	0.593994	-0.184745	-0.742123	0.124302	-0.632195
07877		9.663744	1.078524	-1.295420	-0.008927	-0.001484	-0.004097	-0.744141	-0.314209	0.597656	-0.184832	-0.742062	0.124435	-0.632216
07878		9.644206	1.078575	-1.319719	-0.000770	-0.001868	-0.004136	-0.741699	-0.314209	0.604492	-0.184849	-0.742028	0.124510	-0.632236
07879		9.664834	1.119379	-1.339379	0.006130	-0.005867	-0.003127	-0.740967	-0.312744	0.598633	-0.184777	-0.742057	0.124531	-0.632219
07880		9.652437	1.117331	-1.334641	0.003423	-0.003076	-0.004552	-0.750732	-0.310303	0.596680	-0.184751	-0.742050	0.124562	-0.632228
07881		9.659461	1.101084	-1.312830	0.004950	-0.003654	-0.002800	-0.739258	-0.311768	0.595703	-0.184681	-0.742031	0.124591	-0.632266
07882		9.639546	1.125021	-1.310846	0.001629	-0.003397	-0.001178	-0.742188	-0.312500	0.602295	-0.184646	-0.742014	0.124672	-0.632280
07883		9.651488	1.143904	-1.310338	-0.007748	-0.003700	-0.004424	-0.733887	-0.312012	0.595215	-0.184714	-0.741991	0.124784	-0.632264
07884		9.646740	1.116123	-1.301765	-0.012376	-0.002017	-0.004611	-0.734863	-0.310059	0.606445	-0.184844	-0.741944	0.124943	-0.632251
07885		9.634336	1.084875	-1.310486	-0.005560	-0.001695	-0.010790	-0.741943	-0.317383	0.593994	-0.184928	-0.741942	0.124947	-0.632228
07886		9.646809	1.117684	-1.334484	0.005703	-0.001005	-0.013112	-0.736328	-0.317871	0.593750	-0.184981	-0.741926	0.124910	-0.632239
07887		9.653674	1.103713	-1.312106	0.003426	-0.000866	-0.013220	-0.741455	-0.315674	0.593994	-0.185061	-0.741911	0.124891	-0.632236
07888		9.668622	1.068681	-1.299118	0.000729	-0.000995	-0.007431	-0.744873	-0.314209	0.598145	-0.185106	-0.741876	0.124936	-0.632255
07889		9.648678	1.077931	-1.303975	0.001631	-0.003396	-0.001179	-0.741455	-0.316895	0.595459	-0.185071	-0.741856	0.125018	-0.632273
07890		9.660697	1.095566	-1.303816	0.000256	-0.005659	0.004966	-0.741211	-0.311768	0.593506	-0.185018	-0.741840	0.125194	-0.632272
07891		9.637439	1.121684	-1.323354	-0.000850	-0.004849	0.005269	-0.740234	-0.308594	0.596924	-0.184954	-0.741813	0.125361	-0.632290
07892		9.653079	1.088649	-1.323607	0.005753	-0.003233	0.006379	-0.742920	-0.312012	0.594482	-0.184802	-0.741796	0.125457	-0.632335
07893		9.656907	1.120013	-1.301206	0.009607	-0.001726	0.002450	-0.739746	-0.309814	0.589844	-0.184669	-0.741772	0.125509	-0.632391
07894		9.641300	1.135670	-1.309824	0.006611	-0.001268	0.000371	-0.743652	-0.321289	0.592285	-0.184582	-0.741737	0.125567	-0.632446
07895		9.632918	1.104331	-1.310152	0.001850	-0.002548	-0.001235	-0.747070	-0.318604	0.590820	-0.184600	-0.741700	0.125701	-0.632459
07896		9.640439	1.062895	-1.315043	0.001335	-0.002844	-0.001097	-0.749023	-0.315186	0.595215	-0.184608	-0.741656	0.125832	-0.632481
07897		9.664663	1.037711	-1.342005	0.010201	-0.000659	0.001568	-0.740479	-0.315918	0.607910	-0.184491	-0.741619	0.125884	-0.632549
07898		9.652863	1.055280	-1.341987	0.027265	-0.000982	-0.000173	-0.741943	-0.311523	0.598877	-0.184216	-0.741664	0.125757	-0.632601
07899		9.651451	1.061495	-1.278367	0.023071	0.000223	0.000242	-0.739746	-0.309082	0.592285	-0.183975	-0.741670	0.125669	-0.632681
07900		9.664197	1.106059	-1.295913	0.007493	-0.005103	0.000838	-0.743896	-0.314697	0.593750	-0.183870	-0.741672	0.125730	-0.632697
07901		9.656402	1.101904	-1.314593	-0.002476	-0.004304	-0.002234	-0.743408	-0.315918	0.601562	-0.183905	-0.741645	0.125864	-0.632692
07902		9.632302	1.088192	-1.322632	0.004927	0.002136	-0.009284	-0.740479	-0.309570	0.591553	-0.183930	-0.741611	0.125845	-0.632729
07903		9.659085	1.050224	-1.302749	0.015479	0.000255	-0.014330	-0.744385	-0.317871	0.595947	-0.183883	-0.741611	0.125694	-0.632773
07904		9.670557	1.065145	-1.289090	0.008247	0.001876	-0.010914	-0.734375	-0.312256	0.602051	-0.183908	-0.741576	0.125658	-0.632814
07905		9.681817	1.027891	-1.284298	-0.002424	0.000081	-0.008741	-0.734619	-0.311768	0.606689	-0.183979	-0.741556	0.125688	-0.632810
07906		9.666382	1.006002	-1.326571	-0.001630	-0.001639	-0.006794	-0.743896	-0.314697	0.594727	-0.184013	-0.741558	0.125718	-0.632792
07907		9.650519	1.008312	-1.342695	0.012405	-0.004426	-0.006282	-0.744873	-0.312988	0.597900	-0.183939	-0.741576	0.125693	-0.632798
07908		9.658110	1.034872	-1.332103	0.018440	-0.005297	-0.007206	-0.739990	-0.306396	0.596436	-0.183802	-0.741620	0.125599	-0.632804
07909		9.630023	1.079668	-1.321226	0.018852	-0.002176	-0.004419	-0.735352	-0.317383	0.598145	-0.183619	-0.741642	0.125494	-0.632852
07910		9.664815	1.096037	-1.275671	0.006435	-0.002078	-0.004653	-0.741211	-0.311035	0.590820	-0.183605	-0.741643	0.125533	-0.632848
07911		9.668482	1.068527	-1.282006	-0.005327	-0.003776	-0.003620	-0.739502	-0.312012	0.593018	-0.183670	-0.741606	0.125668	-0.632845
07912		9.651929	1.044079	-1.280485	-0.002777	-0.005914	-0.009385	-0.742188	-0.314209	0.592285	-0.183756	-0.741609	0.125733	-0.632805
07913		9.676601	1.085587	-1.324122	0.007045	-0.004592	-0.015680	-0.739502	-0.315430	0.596436	-0.183811	-0.741627	0.125670	-0.632780
07914		9.651754	1.099047	-1.306003	0.011911	-0.001788	-0.018451	-0.746582	-0.311523	0.599121	-0.183846	-0.741650	0.125531	-0.632769
07915		9.659144	1.098053	-1.309122	0.007729	-0.003472	-0.018763	-0.741211	-0.312012	0.595703	-0.183894	-0.741674	0.125402	-0.632754
07916		9.655039	1.121017	-1.323941	0.003803	-0.001398	-0.015518	-0.733887	-0.318848	0.608887	-0.183965	-0.741668	0.125338	-0.632753
07917		9.650058	1.111176	-1.308275	-0.004109	-0.003780	-0.017706	-0.738525	-0.306396	0.594971	-0.184134	-0.741700	0.125322	-0.632669
07918		9.665074	1.114729	-1.293718	-0.005216	-0.002972	-0.017404	-0.736328	-0.313721	0.592041	-0.184277	-0.741692	0.125289	-0.632643
07919		9.656997	1.098949	-1.318968	-0.004587	-0.003342	-0.013234	-0.743652	-0.310547	0.596924	-0.184417	-0.741678	0.125329	-0.632611
07920		9.652339	1.176350	-1.292764	-0.011958	-0.006156	-0.009054	-0.743164	-0.316895	0.595947	-0.184561	-0.741662	0.125446	-0.632564
07921		9.651094	1.146038	-1.263333	-0.026744	-0.006004	-0.007188	-0.741211	-0.310059	0.596191	-0.184857	-0.741606	0.125726	-0.632488
07922		9.666758	1.123371	-1.275487	-0.026873	-0.004625	-0.010051	-0.742432	-0.314697	0.586670	-0.185146	-0.741548	0.125942	-0.632429
07923		9.658949	1.128514	-1.305892	-0.015898	-0.004072	-0.013777	-0.739014	-0.318359	0.596191	-0.185398	-0.741496	0.126077	-0.632389
07924		9.654099	1.103036	-1.297697	-0.012292	-0.006338	-0.013324	-0.739990	-0.308105	0.597412	-0.185608	-0.741493	0.126183	-0.632310
07925		9.653849	1.111828	-1.311674	-0.012841	-0.008849	-0.007389	-0.740723	-0.321777	0.596924	-0.185722	-0.741502	0.126305	-0.632241
07926		9.640940	1.120345	-1.287509	-0.019405	-0.007583	-0.004869	-0.742432	-0.313965	0.596436	-0.185939	-0.741476	0.126559	-0.632157
07927		9.652361	1.119745	-1.281923	-0.036071	-0.006349	-0.007563	-0.736816	-0.313232	0.598389	-0.186298	-0.741405	0.126882	-0.632070
07928		9.656883	1.096761	-1.332717	-0.033501	-0.004863	-0.008268	-0.742432	-0.313232	0.593506	-0.186633	-0.741342	0.127163	-0.631988
07929		9.644304	1.060843	-1.328866	-0.015765	-0.001817	-0.013825	-0.742920	-0.316895	0.593506	-0.186857	-0.741288	0.127255	-0.631967
07930		9.663294	1.065862	-1.305313	-0.005390	-0.003778	-0.014493	-0.735596	-0.316650	0.594971	-0.187000	-0.741274	0.127277	-0.631937
07931		9.654848	1.110405	-1.302222	-0.002034	-0.006935	-0.008902	-0.738281	-0.315430	0.596436	-0.187061	-0.741297	0.127325	-0.631883
07932		9.657923	1.123234	-1.275388	-0.006789	-0.007555	-0.001084	-0.733887	-0.318115	0.601318	-0.187093	-0.741300	0.127476	-0.631839
07933		9.646048	1.147570	-1.288458	-0.016375	-0.006610	0.002987	-0.743164	-0.319336	0.592529	-0.187188	-0.741282	0.127736	-0.631779
07934		9.645683	1.178090	-1.275120	-0.022318	-0.007879	0.002424	-0.740234	-0.317871	0.589844	-0.187358	-0.741231	0.128068	-0.631722
07935		9.625509	1.165365	-1.275166	-0.028266	-0.006973	0.001148	-0.743164	-0.319336	0.594238	-0.187592	-0.741160	0.128432	-0.631662
07936		9.661082	1.147777	-1.276948	-0.031986	-0.012031	0.000675	-0.741943	-0.316406	0.593750	-0.187852	-0.741125	0.128826	-0.631545
07937		9.660850	1.133497	-1.285862	-0.045667	-0.010553	0.001504	-0.733398	-0.317627	0.593994	-0.188222	-0.741047	0.129318	-0.631426
07938		9.648825	1.085725	-1.302713	-0.045544	-0.007599	0.002926	-0.739990	-0.322510	0.593506	-0.188588	-0.740956	0.129815	-0.631321
07939		9.660463	1.068529	-1.304874	-0.028080	-0.011208	-0.001869	-0.749756	-0.314453	0.588623	-0.188842	-0.740932	0.130158	-0.631203
07940		9.651952	1.090255	-1.297167	-0.021611	-0.010347	-0.002904	-0.738770	-0.318604	0.593262	-0.189014	-0.740897	0.130419	-0.631139
07941		9.659401	1.102265	-1.293980	-0.030043	-0.010871	-0.005694	-0.744141	-0.323242	0.588623	-0.189298	-0.740874	0.130722	-0.631018
07942		9.659175	1.059028	-1.317744	-0.029455	-0.009800	-0.006577	-0.744141	-0.317139	0.596436	-0.189609	-0.740828	0.131041	-0.630913
07943		9.642373	1.029098	-1.304941	-0.014307	-0.011148	-0.007091	-0.738525	-0.317627	0.591553	-0.189738	-0.740845	0.131191	-0.630822
07944		9.670012	1.081679	-1.321143	-0.000032	-0.013721	-0.008103	-0.741943	-0.321289	0.589600	-0.189751	-0.740918	0.131237	-0.630724
07945		9.653165	1.088222	-1.306647	0.005101	-0.007069	-0.012339	-0.734863	-0.320068	0.603760	-0.189779	-0.740946	0.131210	-0.630687
07946		9.652411	1.069939	-1.303848	0.008580	-0.010108	-0.014045	-0.735840	-0.318359	0.593994	-0.189752	-0.741047	0.131102	-0.630599
07947		9.651490	1.066997	-1.294174	0.011669	-0.010488	-0.014168	-0.739746	-0.317139	0.592285	-0.189709	-0.741139	0.130988	-0.630528
07948		9.659254	1.098282	-1.329414	0.015426	-0.011196	-0.015205	-0.740723	-0.320557	0.585938	-0.189636	-0.741237	0.130840	-0.630466
07949		9.654882	1.105047	-1.353449	0.016944	-0.008886	-0.012699	-0.736084	-0.317627	0.599365	-0.189561	-0.741301	0.130729	-0.630436
07950		9.641867	1.113633	-1.330382	0.019149	-0.009788	-0.011863	-0.739746	-0.323975	0.604736	-0.189419	-0.741409	0.130562	-0.630386
07951		9.652960	1.127901	-1.319704	0.017681	-0.011388	-0.010027	-0.736572	-0.323730	0.590088	-0.189289	-0.741526	0.130440	-0.630313
07952		9.652194	1.145300	-1.315262	0.016132	-0.008641	-0.012486	-0.741699	-0.306396	0.585938	-0.189228	-0.741597	0.130340	-0.630268
07953		9.643653	1.137658	-1.322821	0.008198	-0.009643	-0.011773	-0.745117	-0.316162	0.600586	-0.189171	-0.741645	0.130259	-0.630246
07954		9.650951	1.113991	-1.322612	0.001589	-0.010595	-0.011420	-0.746094	-0.329102	0.599854	-0.189180	-0.741704	0.130234	-0.630179
07955		9.642675	1.097135	-1.350165	0.004607	-0.011746	-0.010808	-0.744385	-0.323242	0.586914	-0.189209	-0.741772	0.130247	-0.630087
07956		9.657705	1.077631	-1.332635	0.013708	-0.008595	-0.013288	-0.729736	-0.326416	0.593506	-0.189181	-0.741820	0.130172	-0.630055
07957		9.637300	1.094430	-1.351711	0.016141	-0.009350	-0.013967	-0.741211	-0.318604	0.591797	-0.189137	-0.741913	0.130059	-0.629982
07958		9.628309	1.111517	-1.332275	0.016797	-0.008973	-0.013422	-0.739990	-0.317383	0.597168	-0.189053	-0.741985	0.129927	-0.629950
07959		9.659246	1.118502	-1.317439	0.017991	-0.011182	-0.013774	-0.739014	-0.314941	0.594727	-0.188943	-0.742089	0.129767	-0.629893
07960		9.634834	1.112193	-1.340597	0.016818	-0.010396	-0.016355	-0.737793	-0.325195	0.602051	-0.188861	-0.742185	0.129590	-0.629840
07961		9.641951	1.104714	-1.333043	0.016063	-0.007196	-0.017580	-0.739014	-0.320312	0.600342	-0.188828	-0.742269	0.129418	-0.629787
07962		9.649474	1.094156	-1.357632	0.022552	-0.009207	-0.019397	-0.737793	-0.327881	0.599365	-0.188730	-0.742383	0.129170	-0.629733
07963		9.644883	1.101855	-1.381674	0.026666	-0.008982	-0.019816	-0.732910	-0.322510	0.596191	-0.188631	-0.742502	0.128917	-0.629674
07964		9.643209	1.112280	-1.320422	0.032921	-0.010424	-0.018661	-0.737061	-0.318848	0.589355	-0.188448	-0.742647	0.128617	-0.629620
07965		9.650450	1.110303	-1.325904	0.028486	-0.008683	-0.015246	-0.732422	-0.319824	0.590820	-0.188284	-0.742743	0.128389	-0.629602
07966		9.646161	1.128685	-1.375095	0.027104	-0.010221	-0.015607	-0.734131	-0.318848	0.602295	-0.188135	-0.742857	0.128171	-0.629556
07967		9.660997	1.145665	-1.356226	0.032838	-0.011248	-0.012853	-0.737061	-0.321289	0.591309	-0.187883	-0.743006	0.127902	-0.629510
