// Start Time: Unknown
// Update Rate: 40.0Hz
// Filter Profile: human (46.1)
// Firmware Version: 4.6.0
PacketCounter	SampleTimeFine	Acc_X	Acc_Y	Acc_Z	Gyr_X	Gyr_Y	Gyr_Z	Mag_X	Mag_Y	Mag_Z	Quat_q0	Quat_q1	Quat_q2	Quat_q3
07338		9.596305	-0.202545	-2.042554	-0.002440	-0.004575	-0.012372	-0.881104	-0.093018	0.722168	-0.065554	-0.771076	0.097384	-0.625828
07339		9.600946	-0.155595	-1.999166	-0.008541	-0.002786	-0.010925	-0.879395	-0.095947	0.726318	-0.065718	-0.771104	0.097348	-0.625782
07340		9.601122	-0.156950	-2.008712	-0.018456	-0.002694	-0.006737	-0.882324	-0.093750	0.722656	-0.065948	-0.771122	0.097428	-0.625724
07341		9.596577	-0.236367	-2.004133	-0.008632	-0.006014	-0.004050	-0.879395	-0.095215	0.718262	-0.066057	-0.771165	0.097460	-0.625653
07342		9.602839	-0.232522	-1.984749	0.013708	-0.005262	-0.010123	-0.877441	-0.098633	0.725342	-0.065998	-0.771227	0.097260	-0.625614
07343		9.594613	-0.195421	-1.992142	0.002947	-0.007044	-0.009522	-0.879883	-0.089111	0.724121	-0.066032	-0.771289	0.097153	-0.625552
07344		9.593938	-0.164249	-2.028890	0.000206	-0.005085	-0.007706	-0.876953	-0.091064	0.711914	-0.066082	-0.771326	0.097083	-0.625511
07345		9.593195	-0.162329	-1.997793	-0.009084	-0.005496	-0.006856	-0.877930	-0.087402	0.730225	-0.066218	-0.771357	0.097091	-0.625458
07346		9.610418	-0.259785	-2.016528	-0.000872	-0.004065	-0.007172	-0.879395	-0.090332	0.734375	-0.066284	-0.771378	0.097027	-0.625434
07347		9.582901	-0.254505	-2.041403	0.010194	-0.003698	-0.011565	-0.881348	-0.084473	0.716553	-0.066267	-0.771407	0.096842	-0.625429
07348		9.616185	-0.223684	-2.033094	0.000028	-0.005548	-0.012356	-0.881592	-0.082520	0.731445	-0.066339	-0.771440	0.096740	-0.625396
07349		9.608709	-0.226968	-1.999450	0.004764	-0.007667	-0.015665	-0.872314	-0.089111	0.721191	-0.066380	-0.771497	0.096574	-0.625348
07350		9.593633	-0.194707	-2.004436	0.014331	-0.008236	-0.018362	-0.883789	-0.093750	0.728271	-0.066355	-0.771567	0.096314	-0.625304
07351		9.606302	-0.149141	-2.047034	0.009350	-0.005569	-0.015162	-0.872070	-0.102295	0.724609	-0.066354	-0.771591	0.096126	-0.625304
07352		9.586754	-0.198828	-2.013134	0.006042	-0.003984	-0.013894	-0.875488	-0.093994	0.724854	-0.066413	-0.771614	0.095971	-0.625292
07353		9.594609	-0.231257	-2.008532	0.020107	-0.008158	-0.014089	-0.880615	-0.086426	0.729248	-0.066308	-0.771675	0.095704	-0.625270
07354		9.606420	-0.182460	-2.010184	0.021279	-0.007996	-0.015590	-0.873291	-0.092529	0.718750	-0.066165	-0.771725	0.095414	-0.625267
07355		9.598438	-0.165797	-1.997410	0.016135	-0.007983	-0.011764	-0.877197	-0.079590	0.729004	-0.066084	-0.771773	0.095209	-0.625247
07356		9.605424	-0.165559	-2.019422	0.006738	-0.004914	-0.010334	-0.869385	-0.094238	0.722412	-0.066015	-0.771784	0.095062	-0.625264
07357		9.580161	-0.223297	-2.047279	0.022408	-0.004614	-0.008971	-0.867920	-0.093506	0.729004	-0.065883	-0.771817	0.094825	-0.625273
07358		9.598372	-0.177741	-2.004211	0.028190	-0.007168	-0.010228	-0.876465	-0.091797	0.727539	-0.065678	-0.771891	0.094533	-0.625247
07359		9.604082	-0.153655	-2.005829	0.018295	-0.007385	-0.007314	-0.878418	-0.085938	0.722900	-0.065531	-0.771917	0.094351	-0.625259
07360		9.606418	-0.211279	-2.033259	0.014300	-0.002533	-0.005378	-0.879639	-0.088379	0.722168	-0.065384	-0.771883	0.094205	-0.625338
07361		9.593102	-0.227676	-2.037298	0.009648	-0.006114	-0.006209	-0.871338	-0.089355	0.724365	-0.065301	-0.771866	0.094103	-0.625382
07362		9.580870	-0.280774	-2.024178	0.007405	-0.007900	-0.009704	-0.870605	-0.079834	0.729004	-0.065274	-0.771915	0.093983	-0.625343
07363		9.613067	-0.225052	-2.028802	0.014793	-0.008627	-0.014930	-0.872070	-0.086914	0.729248	-0.065087	-0.772001	0.093728	-0.625295
07364		9.591162	-0.212027	-1.992702	0.009317	-0.007506	-0.017466	-0.878906	-0.079346	0.728271	-0.065043	-0.772062	0.093518	-0.625255
07365		9.598914	-0.234837	-2.003305	0.009278	-0.009419	-0.019751	-0.875488	-0.094482	0.721680	-0.064915	-0.772097	0.093279	-0.625261
07366		9.597409	-0.201292	-2.008707	0.002792	-0.010191	-0.019714	-0.880127	-0.093994	0.727051	-0.065079	-0.772118	0.093166	-0.625234
07367		9.598474	-0.225930	-2.040674	0.013112	-0.012393	-0.022120	-0.879639	-0.087646	0.729248	-0.065107	-0.772155	0.092932	-0.625221
07368		9.602314	-0.156457	-2.052707	0.011150	-0.012674	-0.022577	-0.868896	-0.083740	0.722656	-0.065050	-0.772212	0.092674	-0.625195
07369		9.588739	-0.168996	-2.058412	0.004771	-0.010064	-0.019918	-0.878418	-0.085693	0.726807	-0.065041	-0.772295	0.092474	-0.625122
07370		9.584754	-0.245499	-2.054578	-0.007551	-0.010066	-0.020248	-0.869141	-0.082520	0.729492	-0.065134	-0.772314	0.092377	-0.625104
07371		9.586321	-0.285918	-2.056754	0.016694	-0.010429	-0.026313	-0.880127	-0.094971	0.725342	-0.064970	-0.772451	0.091981	-0.625010
07372		9.594590	-0.158767	-2.062606	0.018229	-0.010080	-0.030631	-0.873779	-0.090576	0.724121	-0.065050	-0.772469	0.091663	-0.625026
07373		9.588307	-0.175293	-2.064867	0.007873	-0.009811	-0.030507	-0.875244	-0.090820	0.719727	-0.065171	-0.772525	0.091389	-0.624985
07374		9.580275	-0.153991	-2.052429	0.007126	-0.008166	-0.030833	-0.874756	-0.089844	0.731689	-0.065333	-0.772525	0.091148	-0.625003
07375		9.601889	-0.173050	-2.063278	0.001320	-0.011928	-0.030152	-0.868896	-0.083984	0.723877	-0.065413	-0.772633	0.090864	-0.624902
07376		9.590022	-0.217108	-2.074638	0.020949	-0.011283	-0.029241	-0.872559	-0.092773	0.724121	-0.065238	-0.772753	0.090438	-0.624835
07377		9.607604	-0.157700	-2.047804	0.019405	-0.009762	-0.031525	-0.874268	-0.089355	0.732910	-0.065286	-0.772816	0.090078	-0.624804
07378		9.599774	-0.133077	-2.091629	0.019911	-0.010861	-0.031320	-0.874023	-0.094238	0.726318	-0.065149	-0.772942	0.089619	-0.624728
07379		9.577229	-0.100919	-2.085679	0.010551	-0.010297	-0.025867	-0.874268	-0.093018	0.730713	-0.065247	-0.772993	0.089376	-0.624690
07380		9.604583	-0.102428	-2.073293	-0.003395	-0.011721	-0.020236	-0.869629	-0.092529	0.729248	-0.065353	-0.773073	0.089245	-0.624598
07381		9.574976	-0.209587	-2.066536	0.014040	-0.011079	-0.021200	-0.865967	-0.092529	0.731445	-0.065310	-0.773191	0.088964	-0.624497
07382		9.593879	-0.173664	-2.083310	0.041216	-0.006228	-0.022625	-0.875000	-0.099121	0.728516	-0.064999	-0.773342	0.088434	-0.624417
07383		9.580909	-0.055807	-2.085950	0.019031	-0.007144	-0.022563	-0.877441	-0.093262	0.727539	-0.065087	-0.773364	0.088167	-0.624419
07384		9.586212	-0.163689	-2.065754	0.003824	-0.005837	-0.017452	-0.878418	-0.096191	0.728027	-0.065135	-0.773332	0.088030	-0.624473
07385		9.579916	-0.178620	-2.058510	0.025394	-0.009135	-0.022653	-0.872314	-0.092285	0.731201	-0.065072	-0.773343	0.087690	-0.624513
07386		9.598143	-0.126363	-2.104663	0.035377	-0.005320	-0.022369	-0.879883	-0.095215	0.732666	-0.064794	-0.773420	0.087216	-0.624514
07387		9.561084	-0.080828	-2.094671	0.017971	-0.004064	-0.019106	-0.878662	-0.087646	0.731445	-0.064712	-0.773410	0.086920	-0.624575
07388		9.590288	-0.105342	-2.124363	0.010103	-0.002718	-0.016002	-0.869873	-0.094727	0.737305	-0.064500	-0.773390	0.086671	-0.624657
07389		9.598186	-0.128350	-2.068442	0.008147	-0.000789	-0.012862	-0.874512	-0.088135	0.725830	-0.064435	-0.773482	0.086452	-0.624580
07390		9.596926	-0.101164	-2.080646	0.016279	-0.000458	-0.012278	-0.874023	-0.092041	0.733398	-0.064233	-0.773425	0.086253	-0.624699
07391		9.575912	-0.094241	-2.083940	0.015355	-0.001018	-0.010010	-0.868408	-0.088623	0.733643	-0.064043	-0.773449	0.086027	-0.624720
07392		9.570928	-0.128078	-2.077614	0.005617	0.000906	-0.009620	-0.869873	-0.087158	0.731201	-0.063874	-0.773504	0.085856	-0.624692
07393		9.594764	-0.181090	-2.082605	-0.000374	-0.000856	-0.008680	-0.867920	-0.093262	0.737061	-0.063747	-0.773529	0.085767	-0.624687
07394		9.595095	-0.186434	-2.068129	0.006480	-0.002235	-0.015810	-0.873291	-0.093506	0.730957	-0.063690	-0.773653	0.085512	-0.624573
07395		9.586480	-0.148410	-2.107350	0.005410	-0.001523	-0.016573	-0.875732	-0.087402	0.735596	-0.063724	-0.773654	0.085344	-0.624592
07396		9.591161	-0.104539	-2.105089	-0.013640	0.000045	-0.014602	-0.869629	-0.085449	0.740723	-0.063705	-0.773655	0.085272	-0.624603
07397		9.589924	-0.205667	-2.053784	-0.019774	-0.000449	-0.016699	-0.875000	-0.091553	0.735352	-0.063647	-0.773768	0.085149	-0.624486
07398		9.590277	-0.208622	-2.039556	0.006035	-0.004257	-0.023529	-0.868408	-0.093018	0.731201	-0.063592	-0.773828	0.084853	-0.624457
07399		9.584353	-0.095927	-2.103953	0.014729	-0.005757	-0.025991	-0.873779	-0.094238	0.737549	-0.063579	-0.773919	0.084526	-0.624390
07400		9.596040	-0.059728	-2.076041	-0.017823	-0.004471	-0.022784	-0.879150	-0.093750	0.730225	-0.063768	-0.773991	0.084392	-0.624300
07401		9.582540	-0.181626	-2.069838	-0.011166	-0.005215	-0.021131	-0.868408	-0.096191	0.723877	-0.063971	-0.773942	0.084348	-0.624346
07402		9.593138	-0.125527	-2.062840	0.010743	-0.005441	-0.022982	-0.878662	-0.089600	0.727051	-0.064141	-0.773938	0.084202	-0.624352
07403		9.591549	-0.095853	-2.076031	-0.002736	-0.003789	-0.019461	-0.863770	-0.090820	0.736816	-0.064178	-0.773853	0.084141	-0.624462
07404		9.573721	-0.140441	-2.097088	0.002870	-0.004116	-0.019872	-0.862793	-0.091064	0.733398	-0.064063	-0.774015	0.083873	-0.624309
07405		9.588065	-0.147688	-2.091987	0.015470	-0.004700	-0.020145	-0.875000	-0.102051	0.730225	-0.063890	-0.774156	0.083561	-0.624194
07406		9.587176	-0.131508	-2.099046	0.035738	-0.004428	-0.022666	-0.876709	-0.100342	0.735107	-0.063815	-0.774171	0.083127	-0.624241
07407		9.590024	-0.063434	-2.109500	0.030984	-0.002493	-0.019973	-0.871582	-0.093506	0.729004	-0.063646	-0.774202	0.082678	-0.624279
07408		9.578866	-0.106930	-2.109977	0.017530	-0.007002	-0.016353	-0.873291	-0.091553	0.728760	-0.063538	-0.774230	0.082469	-0.624283
07409		9.594895	-0.136969	-2.114821	0.027136	0.010312	-0.013775	-0.877686	-0.096191	0.735840	-0.063293	-0.774110	0.082197	-0.624493
07410		9.589155	-0.038790	-2.072862	0.034121	0.008131	-0.015933	-0.877930	-0.092285	0.735840	-0.062982	-0.774062	0.081742	-0.624644
07411		9.578572	-0.079562	-2.093885	0.006734	0.007524	-0.009957	-0.868652	-0.096924	0.726807	-0.062814	-0.773991	0.081557	-0.624772
07412		9.591157	-0.162229	-2.094243	0.010741	0.001378	-0.011584	-0.861328	-0.090576	0.733154	-0.062877	-0.773958	0.081464	-0.624820
07413		9.587189	-0.097296	-2.092413	0.019428	-0.002032	-0.016340	-0.869629	-0.091064	0.732422	-0.062676	-0.774089	0.081178	-0.624715
07414		9.590294	-0.033785	-2.111351	0.002910	-0.000149	-0.014661	-0.867920	-0.091797	0.731689	-0.062628	-0.774112	0.081040	-0.624709
07415		9.586028	-0.074389	-2.090349	-0.006560	-0.002730	-0.010461	-0.871826	-0.093262	0.735107	-0.062668	-0.774149	0.081030	-0.624660
07416		9.583217	-0.140087	-2.057666	-0.002987	-0.004525	-0.010343	-0.873047	-0.090820	0.728271	-0.062638	-0.774207	0.080941	-0.624603
07417		9.597024	-0.137091	-2.090972	0.007485	-0.003822	-0.012806	-0.865967	-0.095459	0.729248	-0.062573	-0.774186	0.080849	-0.624647
07418		9.579269	-0.077696	-2.099022	0.017207	-0.005242	-0.011254	-0.873779	-0.094727	0.730713	-0.062502	-0.774249	0.080687	-0.624598
07419		9.592490	-0.070440	-2.091343	0.003185	-0.004458	-0.010214	-0.873535	-0.087402	0.733887	-0.062501	-0.774246	0.080611	-0.624611
07420		9.570312	-0.153112	-2.105648	-0.004071	-0.003673	-0.010455	-0.877686	-0.089355	0.733154	-0.062379	-0.774266	0.080549	-0.624606
07421		9.595317	-0.114857	-2.068623	0.005793	-0.002743	-0.010858	-0.874756	-0.105957	0.725830	-0.062206	-0.774248	0.080411	-0.624664
07422		9.593938	-0.091977	-2.090271	-0.000377	-0.002817	-0.010987	-0.871338	-0.102539	0.731445	-0.062543	-0.774176	0.080419	-0.624718
07423		9.588906	-0.116917	-2.098751	-0.003856	0.001929	-0.010448	-0.869385	-0.098145	0.736084	-0.062764	-0.774148	0.080382	-0.624736
07424		9.576325	-0.131272	-2.068060	0.002235	0.006525	-0.011403	-0.873779	-0.096680	0.736328	-0.062790	-0.774150	0.080237	-0.624749
07425		9.580845	-0.088878	-2.064525	0.005483	0.004106	-0.010418	-0.872070	-0.084961	0.730225	-0.062718	-0.774144	0.080060	-0.624787
07426		9.567532	-0.091980	-2.072827	-0.002862	0.000201	-0.008057	-0.867432	-0.091797	0.733398	-0.062563	-0.774111	0.080064	-0.624842
07427		9.605011	-0.131658	-2.083709	0.001836	-0.000817	-0.006847	-0.874023	-0.098877	0.731934	-0.062465	-0.774155	0.080009	-0.624804
07428		9.597000	-0.111863	-2.092582	-0.001623	0.003622	-0.007615	-0.876953	-0.091064	0.732666	-0.062534	-0.774102	0.079960	-0.624870
07429		9.579740	-0.158646	-2.079140	-0.008038	0.003936	-0.008506	-0.870605	-0.089844	0.727295	-0.062505	-0.774030	0.079944	-0.624964
07430		9.572313	-0.145949	-2.072710	0.006631	0.002493	-0.013572	-0.864258	-0.092773	0.729004	-0.062442	-0.773981	0.079856	-0.625042
07431		9.596667	-0.087887	-2.119867	0.002482	0.004047	-0.013585	-0.872070	-0.093750	0.727051	-0.062477	-0.773978	0.079790	-0.625050
07432		9.593818	-0.144871	-2.067972	0.003476	0.002322	-0.011191	-0.876221	-0.092285	0.732910	-0.062489	-0.773917	0.079738	-0.625131
07433		9.578554	-0.118132	-2.079710	0.009229	0.002278	-0.016504	-0.874023	-0.093506	0.733154	-0.062365	-0.773896	0.079500	-0.625200
07434		9.581609	-0.058143	-2.074451	-0.000167	0.000849	-0.013275	-0.869873	-0.089844	0.728516	-0.062335	-0.773894	0.079371	-0.625222
07435		9.580391	-0.136506	-2.067056	-0.001394	-0.000641	-0.011431	-0.876221	-0.093506	0.739746	-0.062310	-0.773885	0.079347	-0.625239
07436		9.593282	-0.120596	-2.073488	0.014564	-0.002711	-0.013013	-0.869385	-0.085693	0.729980	-0.062034	-0.773969	0.079012	-0.625205
07437		9.596016	-0.057596	-2.092431	-0.000191	0.001151	-0.011972	-0.874512	-0.097656	0.732666	-0.061927	-0.773961	0.078969	-0.625231
07438		9.586871	-0.121318	-2.070554	-0.015382	-0.000352	-0.012351	-0.871826	-0.096680	0.726807	-0.062114	-0.773948	0.078966	-0.625229
07439		9.597091	-0.164567	-2.058092	-0.004122	-0.001406	-0.015146	-0.873047	-0.087402	0.730957	-0.062283	-0.773918	0.078948	-0.625251
07440		9.564954	-0.100140	-2.057189	0.007377	-0.004784	-0.019466	-0.869385	-0.095459	0.733643	-0.062144	-0.773958	0.078746	-0.625241
07441		9.583974	-0.072359	-2.090988	0.001975	-0.004424	-0.016329	-0.868896	-0.090576	0.734375	-0.062146	-0.774034	0.078578	-0.625168
07442		9.586342	-0.101773	-2.096780	-0.006871	0.000062	-0.015266	-0.871338	-0.093994	0.733887	-0.062142	-0.774074	0.078487	-0.625130
07443		9.581868	-0.132825	-2.057752	-0.012180	0.001288	-0.014413	-0.872559	-0.095947	0.730225	-0.062233	-0.774080	0.078439	-0.625120
07444		9.582293	-0.132868	-2.066484	0.003586	-0.000974	-0.019374	-0.870850	-0.100586	0.733398	-0.062283	-0.774080	0.078273	-0.625136
07445		9.606847	-0.085143	-2.076096	0.002731	-0.000362	-0.018071	-0.875244	-0.096924	0.722656	-0.062357	-0.774114	0.078069	-0.625112
07446		9.574639	-0.114398	-2.061153	0.007212	-0.001277	-0.018931	-0.875732	-0.095215	0.730225	-0.062473	-0.774036	0.077986	-0.625207
07447		9.593080	-0.077734	-2.076469	0.004462	0.000192	-0.019049	-0.881104	-0.088379	0.721436	-0.062472	-0.774011	0.077801	-0.625261
07448		9.590516	-0.130505	-2.081208	0.011997	0.000678	-0.017066	-0.869385	-0.098389	0.727539	-0.062369	-0.773880	0.077690	-0.625447
07449		9.585367	-0.056369	-2.093965	0.010429	0.002161	-0.019360	-0.865967	-0.091064	0.727051	-0.062428	-0.773864	0.077510	-0.625484
07450		9.581269	-0.088030	-2.086932	-0.002289	0.001935	-0.016134	-0.878662	-0.094727	0.724365	-0.062477	-0.773853	0.077474	-0.625496
07451		9.589990	-0.106401	-2.086232	0.002712	-0.000063	-0.016775	-0.872559	-0.095215	0.724609	-0.062517	-0.773769	0.077382	-0.625608
07452		9.583005	-0.104175	-2.042164	0.009768	-0.000875	-0.019262	-0.874268	-0.094727	0.725098	-0.062535	-0.773739	0.077228	-0.625662
07453		9.590910	-0.106889	-2.103394	0.010798	0.004269	-0.019913	-0.876221	-0.102295	0.725586	-0.062525	-0.773666	0.077036	-0.625777
07454		9.595068	-0.066421	-2.076838	0.010695	0.001619	-0.019263	-0.878174	-0.094482	0.734131	-0.062625	-0.773607	0.076856	-0.625862
07455		9.578896	-0.120047	-2.081669	0.010047	-0.001574	-0.019813	-0.872314	-0.101807	0.729980	-0.062475	-0.773637	0.076536	-0.625879
07456		9.588140	-0.056867	-2.088742	0.021951	0.000756	-0.021418	-0.866455	-0.095215	0.733643	-0.062431	-0.773656	0.076204	-0.625901
07457		9.598827	-0.010787	-2.097710	0.012968	0.004654	-0.016759	-0.867676	-0.096924	0.731445	-0.062313	-0.773694	0.075950	-0.625896
07458		9.586160	-0.020452	-2.057592	0.005711	0.009111	-0.013075	-0.873535	-0.089600	0.727051	-0.062291	-0.773664	0.075810	-0.625953
07459		9.581536	-0.041278	-2.055177	0.004736	0.007227	-0.010461	-0.873291	-0.093018	0.729004	-0.062155	-0.773582	0.075718	-0.626079
07460		9.595080	-0.119204	-2.046699	0.002809	-0.000568	-0.010463	-0.871826	-0.101807	0.730957	-0.062068	-0.773579	0.075628	-0.626102
07461		9.596462	-0.047924	-2.048118	0.028791	0.000627	-0.015081	-0.873291	-0.105957	0.732910	-0.061897	-0.773612	0.075286	-0.626119
07462		9.592554	-0.078796	-2.097126	0.014671	0.002230	-0.010108	-0.876709	-0.096924	0.736816	-0.061863	-0.773623	0.075074	-0.626134
07463		9.584049	-0.058638	-2.073789	0.007783	-0.000315	-0.007506	-0.875244	-0.090088	0.736328	-0.061666	-0.773661	0.074868	-0.626132
07464		9.578252	-0.071666	-2.055751	0.003651	0.000905	-0.008829	-0.873291	-0.097900	0.731445	-0.061434	-0.773690	0.074691	-0.626140
07465		9.584948	-0.063927	-2.090928	0.005027	0.001145	-0.007626	-0.867188	-0.098145	0.729492	-0.061364	-0.773689	0.074586	-0.626160
07466		9.594427	-0.092305	-2.074815	0.003491	0.004097	-0.009599	-0.867432	-0.095703	0.727539	-0.061388	-0.773682	0.074528	-0.626174
07467		9.587975	-0.093010	-2.061499	0.003802	0.008603	-0.005895	-0.873291	-0.098145	0.735107	-0.061373	-0.773620	0.074530	-0.626252
07468		9.585618	-0.058245	-2.054479	0.008333	0.007242	-0.008718	-0.874268	-0.098633	0.729980	-0.061243	-0.773605	0.074334	-0.626306
07469		9.594606	-0.075334	-2.075823	-0.001017	0.007089	-0.005799	-0.866211	-0.096191	0.737305	-0.061246	-0.773540	0.074301	-0.626390
07470		9.572511	-0.056476	-2.051576	0.008170	0.003424	-0.007076	-0.869141	-0.103760	0.730225	-0.061083	-0.773606	0.074130	-0.626344
07471		9.590679	-0.103825	-2.058230	0.005702	0.004031	-0.008395	-0.870361	-0.101318	0.736816	-0.061123	-0.773601	0.074031	-0.626358
07472		9.590486	-0.097725	-2.048541	0.003726	0.003860	-0.008182	-0.863770	-0.090820	0.727051	-0.061061	-0.773638	0.073860	-0.626339
07473		9.597522	-0.093806	-2.059319	0.013852	0.004327	-0.008482	-0.866455	-0.097168	0.729736	-0.060940	-0.773634	0.073809	-0.626362
07474		9.586195	-0.036833	-2.053582	0.011665	0.006022	-0.008712	-0.867920	-0.087646	0.731445	-0.060871	-0.773624	0.073699	-0.626393
07475		9.609235	-0.056742	-2.050628	-0.008828	0.012775	-0.001694	-0.875244	-0.097900	0.724609	-0.060817	-0.773543	0.073812	-0.626485
07476		9.588793	-0.136546	-2.019049	0.001087	0.015111	-0.002434	-0.871094	-0.092041	0.733887	-0.060830	-0.773376	0.073851	-0.626686
07477		9.606087	-0.087108	-2.029300	0.016283	0.005972	-0.003563	-0.873047	-0.088379	0.725830	-0.060544	-0.773380	0.073687	-0.626728
07478		9.596755	-0.053102	-2.067800	0.005418	-0.000341	-0.003147	-0.872559	-0.091553	0.715576	-0.060404	-0.773358	0.073721	-0.626764
07479		9.590766	-0.063820	-2.073645	-0.000280	-0.001090	-0.001090	-0.876221	-0.097900	0.726074	-0.060463	-0.773267	0.073946	-0.626844
07480		9.597799	-0.068669	-2.038301	-0.003737	-0.000423	0.002500	-0.875488	-0.097656	0.730713	-0.060454	-0.773227	0.074050	-0.626882
07481		9.589786	-0.055570	-2.056732	-0.002106	-0.002511	0.002183	-0.875732	-0.098389	0.727051	-0.060382	-0.773241	0.074090	-0.626867
07482		9.575424	-0.052933	-2.048882	-0.016309	-0.003876	0.006506	-0.871582	-0.091309	0.722656	-0.060459	-0.773225	0.074324	-0.626852
07483		9.590927	-0.162085	-2.005846	-0.012356	-0.003533	0.006080	-0.872070	-0.095459	0.725342	-0.060487	-0.773197	0.074611	-0.626850
07484		9.595005	-0.128187	-2.045809	0.006225	-0.003773	0.003849	-0.871094	-0.093506	0.732178	-0.060372	-0.773203	0.074691	-0.626844
07485		9.591905	-0.091931	-2.065004	-0.005421	-0.001446	0.001514	-0.869629	-0.095215	0.724609	-0.060310	-0.773233	0.074774	-0.626803
07486		9.585042	-0.094223	-2.053463	-0.008736	-0.000381	0.000845	-0.869385	-0.090332	0.722900	-0.060392	-0.773208	0.074965	-0.626803
07487		9.590930	-0.079150	-2.071160	-0.017076	0.002822	0.001465	-0.867920	-0.097168	0.732422	-0.060507	-0.773142	0.075245	-0.626841
07488		9.612342	-0.090408	-2.020616	-0.035050	-0.002233	0.006320	-0.874756	-0.094482	0.729248	-0.060760	-0.773166	0.075629	-0.626740
07489		9.596469	-0.233946	-2.027215	-0.020747	-0.003444	0.005386	-0.870361	-0.106689	0.725342	-0.060826	-0.773162	0.075878	-0.626708
07490		9.596208	-0.233772	-2.028469	0.000722	-0.006523	-0.002609	-0.875244	-0.093506	0.732666	-0.060953	-0.773199	0.075943	-0.626642
07491		9.588755	-0.145765	-2.040671	0.008779	-0.005588	-0.008366	-0.875244	-0.102783	0.727295	-0.060796	-0.773265	0.075803	-0.626593
07492		9.595134	-0.134181	-2.100518	0.004485	-0.001179	-0.010462	-0.873535	-0.097900	0.729492	-0.060853	-0.773262	0.075707	-0.626603
07493		9.583959	-0.087088	-2.025129	0.001742	0.000125	-0.011237	-0.869385	-0.104736	0.720459	-0.060880	-0.773267	0.075626	-0.626604
07494		9.596049	-0.144549	-2.038410	0.007344	0.000013	-0.011001	-0.870850	-0.093262	0.731201	-0.061028	-0.773237	0.075604	-0.626629
07495		9.578236	-0.175693	-2.055389	0.029056	0.000277	-0.014315	-0.868164	-0.097656	0.727295	-0.060770	-0.773284	0.075299	-0.626633
07496		9.583338	-0.069001	-2.063461	0.027655	0.000342	-0.014216	-0.876709	-0.093018	0.726562	-0.060626	-0.773315	0.075052	-0.626638
07497		9.593420	-0.101361	-2.055565	0.014955	0.008558	-0.013076	-0.871582	-0.090332	0.729492	-0.060492	-0.773236	0.074842	-0.626774
07498		9.600773	-0.100439	-2.041928	0.004086	0.005966	-0.008737	-0.879639	-0.093262	0.730225	-0.060419	-0.773202	0.074789	-0.626830
07499		9.585930	-0.167407	-2.007047	0.002136	0.001910	-0.013103	-0.868652	-0.110840	0.723145	-0.060365	-0.773178	0.074637	-0.626882
07500		9.602543	-0.112019	-2.043205	0.005097	0.000530	-0.010251	-0.871338	-0.092285	0.729736	-0.060588	-0.773165	0.074625	-0.626879
07501		9.613828	-0.079567	-2.046895	-0.011035	-0.001487	-0.007677	-0.877197	-0.099609	0.732178	-0.060669	-0.773180	0.074712	-0.626841
07502		9.574982	-0.349620	-2.044140	-0.004998	-0.002046	-0.012900	-0.875000	-0.098633	0.726318	-0.060752	-0.773202	0.074629	-0.626815
07503		9.592136	-0.223177	-2.050260	0.037499	-0.002173	-0.026206	-0.868408	-0.093506	0.727539	-0.060563	-0.773245	0.074140	-0.626839
07504		9.602873	-0.102057	-2.053188	0.019710	-0.000316	-0.029987	-0.875732	-0.099609	0.725098	-0.060570	-0.773291	0.073813	-0.626821
07505		9.609257	-0.165467	-2.038695	0.001440	0.007518	-0.031053	-0.871826	-0.092773	0.727539	-0.060787	-0.773224	0.073551	-0.626913
07506		9.587587	-0.218933	-2.062498	0.026272	0.003267	-0.039064	-0.874512	-0.093994	0.724609	-0.060762	-0.773244	0.073052	-0.626949
07507		9.602308	-0.065591	-2.024304	0.022180	0.000578	-0.044983	-0.874268	-0.102539	0.725586	-0.060823	-0.773263	0.072518	-0.626981
07508		9.584039	-0.004473	-2.073372	-0.012398	-0.004175	-0.038073	-0.870850	-0.093506	0.727295	-0.061248	-0.773293	0.072321	-0.626926
07509		9.594862	-0.115454	-2.068325	-0.001280	-0.005215	-0.035313	-0.867920	-0.103271	0.724854	-0.061450	-0.773357	0.072089	-0.626854
07510		9.596452	-0.050703	-2.064421	0.007215	0.000802	-0.032693	-0.872559	-0.097168	0.728271	-0.061694	-0.773373	0.071853	-0.626838
07511		9.607925	-0.016777	-2.043401	0.003648	0.007448	-0.029888	-0.868408	-0.091309	0.723145	-0.061825	-0.773335	0.071604	-0.626900
07512		9.594259	-0.084461	-2.016575	0.002799	0.004633	-0.022881	-0.871826	-0.097656	0.728516	-0.061893	-0.773300	0.071488	-0.626950
07513		9.578834	-0.057187	-2.060424	0.021036	0.004174	-0.022943	-0.870361	-0.099609	0.726807	-0.061803	-0.773300	0.071178	-0.626993
07514		9.592611	0.021209	-2.052750	0.021346	0.001687	-0.016808	-0.869629	-0.099365	0.721680	-0.061702	-0.773311	0.070950	-0.627016
07515		9.594033	0.008392	-2.022277	0.001602	0.003130	-0.012708	-0.870605	-0.092773	0.734863	-0.061788	-0.773267	0.070943	-0.627063
07516		9.585778	-0.041256	-2.060747	-0.002055	0.008762	-0.008254	-0.876465	-0.094727	0.720459	-0.061744	-0.773238	0.070939	-0.627104
07517		9.605932	-0.030431	-2.029372	-0.002719	0.007664	-0.005843	-0.874023	-0.098389	0.720215	-0.061716	-0.773124	0.070963	-0.627244
07518		9.594710	-0.127627	-1.989800	0.000262	0.006150	-0.003639	-0.872314	-0.098145	0.724365	-0.061706	-0.773031	0.071017	-0.627354
07519		9.580798	-0.117411	-2.059503	0.023751	0.005156	-0.010247	-0.877686	-0.098633	0.721924	-0.061515	-0.772997	0.070824	-0.627436
07520		9.593923	-0.033333	-2.066343	0.008819	0.004710	-0.008867	-0.876465	-0.095459	0.725586	-0.061433	-0.772926	0.070721	-0.627542
07521		9.603005	-0.053038	-2.031693	-0.000190	0.008242	-0.005516	-0.872070	-0.094482	0.719971	-0.061374	-0.772842	0.070712	-0.627653
07522		9.599871	-0.087350	-2.023095	0.002045	0.006250	-0.006595	-0.878174	-0.098633	0.718506	-0.061352	-0.772764	0.070743	-0.627748
07523		9.592700	-0.080608	-2.025028	0.010702	0.004040	-0.006778	-0.876709	-0.102295	0.725830	-0.061254	-0.772684	0.070666	-0.627864
07524		9.595902	-0.039170	-2.022267	-0.000832	0.003561	-0.006373	-0.874268	-0.092773	0.729248	-0.061291	-0.772640	0.070677	-0.627913
07525		9.616256	-0.029638	-2.023761	-0.011226	0.008627	-0.002598	-0.870605	-0.098389	0.729492	-0.061290	-0.772573	0.070782	-0.627984
07526		9.588549	-0.099648	-1.988097	-0.004357	0.004683	-0.000804	-0.874756	-0.101074	0.724365	-0.061303	-0.772552	0.070902	-0.627995
07527		9.611646	-0.044268	-2.034924	-0.001228	0.008621	0.000719	-0.882568	-0.099609	0.735107	-0.061300	-0.772464	0.071003	-0.628092
07528		9.618845	-0.041838	-2.044850	-0.018198	0.006817	0.003297	-0.873291	-0.105225	0.721924	-0.061310	-0.772406	0.071138	-0.628147
07529		9.606658	-0.131479	-1.987809	-0.018497	0.007669	0.004494	-0.879150	-0.102295	0.724365	-0.061514	-0.772303	0.071446	-0.628219
07530		9.608602	-0.144616	-2.011968	-0.004284	0.009120	0.000160	-0.871826	-0.100830	0.719971	-0.061520	-0.772201	0.071527	-0.628334
07531		9.589065	-0.155626	-1.983543	0.002848	0.006265	-0.005275	-0.875732	-0.107178	0.723877	-0.061563	-0.772134	0.071594	-0.628406
07532		9.600717	-0.124786	-2.018199	0.006015	0.004832	-0.008651	-0.877930	-0.093018	0.729004	-0.061624	-0.772090	0.071564	-0.628457
07533		9.594681	-0.129417	-2.014025	0.000467	0.004438	-0.010863	-0.876953	-0.095459	0.725098	-0.061559	-0.772069	0.071490	-0.628497
07534		9.609682	-0.133965	-2.030450	0.005876	0.002649	-0.014338	-0.881836	-0.099609	0.722900	-0.061518	-0.772054	0.071371	-0.628534
07535		9.619364	-0.090941	-1.983436	0.012683	0.004229	-0.015306	-0.882324	-0.096436	0.719727	-0.061431	-0.772009	0.071155	-0.628622
07536		9.590864	-0.074428	-2.012589	0.000087	0.004269	-0.016345	-0.874268	-0.099609	0.718262	-0.061452	-0.771939	0.071035	-0.628719
07537		9.600331	-0.096566	-1.987251	0.007572	0.003530	-0.014011	-0.871338	-0.095703	0.726318	-0.061492	-0.771895	0.070976	-0.628776
07538		9.593103	-0.088030	-1.989510	0.012704	0.004076	-0.015967	-0.870361	-0.102295	0.718018	-0.061443	-0.771899	0.070839	-0.628791
07539		9.611688	-0.060159	-1.988856	0.004194	0.005033	-0.012722	-0.874268	-0.101074	0.727539	-0.061571	-0.771849	0.070863	-0.628837
07540		9.608412	-0.089541	-2.004621	-0.005442	0.003714	-0.010893	-0.875000	-0.105713	0.727539	-0.061691	-0.771835	0.070902	-0.628839
07541		9.605820	-0.129948	-1.982137	-0.001434	0.001985	-0.014265	-0.875732	-0.102295	0.720459	-0.061839	-0.771837	0.070882	-0.628824
07542		9.607655	-0.074020	-1.985960	0.002274	0.002744	-0.015460	-0.865967	-0.095215	0.725098	-0.061936	-0.771805	0.070826	-0.628860
07543		9.609520	-0.083876	-2.011031	0.000282	0.005983	-0.012638	-0.875244	-0.099854	0.725586	-0.062033	-0.771790	0.070892	-0.628861
07544		9.598483	-0.109872	-1.974039	0.005963	0.002026	-0.016978	-0.875977	-0.103027	0.725098	-0.062069	-0.771793	0.070785	-0.628866
07545		9.614367	-0.053313	-2.010436	0.013240	-0.000265	-0.017703	-0.875000	-0.095947	0.726074	-0.062066	-0.771815	0.070614	-0.628858
07546		9.600079	-0.046870	-2.001985	-0.001509	-0.000667	-0.013599	-0.883789	-0.103271	0.719971	-0.062106	-0.771833	0.070599	-0.628834
07547		9.605425	-0.096860	-1.985751	0.000222	-0.000094	-0.014583	-0.877930	-0.088623	0.722412	-0.062139	-0.771800	0.070482	-0.628884
07548		9.605348	-0.089822	-2.009460	0.000243	-0.000251	-0.015241	-0.873291	-0.101318	0.724854	-0.062078	-0.771797	0.070401	-0.628904
07549		9.599146	-0.092831	-2.006281	-0.003347	0.001319	-0.016035	-0.877686	-0.107666	0.720215	-0.062224	-0.771798	0.070400	-0.628887
07550		9.599318	-0.092371	-1.982473	-0.000572	-0.000110	-0.015907	-0.873047	-0.104492	0.722656	-0.062374	-0.771782	0.070354	-0.628898
07551		9.614914	-0.103432	-1.984542	0.000971	0.002014	-0.018656	-0.877441	-0.095459	0.721924	-0.062534	-0.771775	0.070310	-0.628896
07552		9.615215	-0.102250	-1.960172	0.001354	0.003808	-0.020532	-0.875000	-0.099365	0.728516	-0.062574	-0.771744	0.070183	-0.628944
07553		9.607174	-0.080555	-2.001204	0.009283	0.002783	-0.023018	-0.876953	-0.101074	0.725098	-0.062604	-0.771762	0.069992	-0.628940
07554		9.601136	-0.082370	-1.997337	0.001947	0.003893	-0.021305	-0.869385	-0.093262	0.718018	-0.062697	-0.771745	0.069863	-0.628966
07555		9.625051	-0.105323	-1.980667	0.009122	0.002541	-0.026427	-0.874512	-0.093262	0.726074	-0.062764	-0.771739	0.069715	-0.628983
07556		9.609098	-0.079716	-1.969152	0.014241	0.001624	-0.028709	-0.872070	-0.100342	0.721680	-0.062735	-0.771767	0.069434	-0.628982
07557		9.602234	-0.068826	-2.004186	0.014912	0.002720	-0.031135	-0.874023	-0.101074	0.724609	-0.062817	-0.771776	0.069166	-0.628993
07558		9.609970	-0.071013	-1.976911	0.012011	0.000330	-0.029601	-0.878906	-0.099854	0.714355	-0.062894	-0.771807	0.068913	-0.628975
07559		9.606335	-0.031269	-1.971867	0.017107	0.001209	-0.030251	-0.880127	-0.102295	0.732910	-0.062889	-0.771783	0.068580	-0.629041
07560		9.599484	-0.024043	-1.983535	0.020171	0.000728	-0.029694	-0.878174	-0.107910	0.723633	-0.062824	-0.771836	0.068183	-0.629026
07561		9.627637	-0.022845	-1.968319	0.011031	-0.001402	-0.026316	-0.881104	-0.107178	0.727539	-0.062905	-0.771862	0.067935	-0.629012
07562		9.620975	-0.080789	-1.969113	0.025241	0.003408	-0.028719	-0.877686	-0.102051	0.723145	-0.062827	-0.771872	0.067508	-0.629054
07563		9.617769	0.017976	-1.982909	0.023464	0.004780	-0.025448	-0.875488	-0.101318	0.715332	-0.062737	-0.771858	0.067170	-0.629116
07564		9.618565	0.021492	-2.013716	0.011802	0.008279	-0.019809	-0.874268	-0.102051	0.718506	-0.062751	-0.771777	0.067021	-0.629230
07565		9.613325	-0.052758	-1.950209	0.011472	0.009290	-0.017953	-0.883789	-0.106445	0.717285	-0.062764	-0.771703	0.066896	-0.629333
07566		9.602977	-0.014953	-1.955334	0.021885	0.007729	-0.019114	-0.875977	-0.099609	0.717773	-0.062641	-0.771624	0.066590	-0.629474
07567		9.596187	-0.007258	-1.989823	0.023477	0.001539	-0.019060	-0.874268	-0.102539	0.727783	-0.062508	-0.771617	0.066351	-0.629521
07568		9.607348	0.018896	-1.978611	0.017236	-0.001327	-0.018512	-0.874023	-0.101562	0.718262	-0.062448	-0.771671	0.066162	-0.629482
07569		9.612927	0.033435	-1.972956	0.004993	0.001920	-0.012758	-0.870850	-0.101562	0.718262	-0.062480	-0.771646	0.066151	-0.629509
07570		9.609180	-0.048700	-1.984019	0.005830	0.004747	-0.011463	-0.882568	-0.106689	0.714355	-0.062523	-0.771607	0.066175	-0.629551
07571		9.625851	-0.072337	-1.946839	0.013981	0.000571	-0.013156	-0.879639	-0.100098	0.728516	-0.062446	-0.771568	0.066017	-0.629623
07572		9.610037	-0.051194	-1.968524	0.020554	-0.002175	-0.017181	-0.880615	-0.093994	0.722168	-0.062277	-0.771620	0.065763	-0.629602
07573		9.609374	-0.040123	-1.983271	0.013919	0.004279	-0.017600	-0.879883	-0.097168	0.720459	-0.062128	-0.771591	0.065549	-0.629675
07574		9.605636	-0.003145	-1.977537	0.009449	0.004791	-0.018063	-0.888916	-0.103271	0.721680	-0.062070	-0.771550	0.065385	-0.629748
07575		9.605137	0.004901	-1.968244	0.007605	0.000404	-0.015386	-0.882568	-0.104004	0.723389	-0.061980	-0.771524	0.065184	-0.629809
07576		9.605825	0.000356	-1.953474	0.004975	-0.002530	-0.013715	-0.885498	-0.098389	0.721924	-0.061957	-0.771539	0.065078	-0.629805
07577		9.632845	0.012737	-2.001401	-0.000584	-0.004581	-0.008540	-0.873535	-0.099854	0.724121	-0.061876	-0.771550	0.065042	-0.629803
07578		9.614513	-0.012178	-1.945022	-0.011452	0.001999	-0.008643	-0.870605	-0.106445	0.722412	-0.062009	-0.771535	0.065183	-0.629793
07579		9.617170	-0.027803	-1.979084	-0.006201	0.003157	-0.005886	-0.884033	-0.100830	0.710938	-0.062159	-0.771512	0.065354	-0.629789
07580		9.605789	-0.051089	-1.933794	0.009844	-0.000035	-0.007783	-0.875244	-0.106934	0.723877	-0.062049	-0.771455	0.065314	-0.629874
07581		9.605528	0.013522	-1.978018	0.013974	-0.005611	-0.007383	-0.875732	-0.101074	0.720703	-0.061972	-0.771514	0.065275	-0.629814
07582		9.611513	0.021593	-1.981972	-0.005205	-0.001479	-0.004074	-0.877441	-0.105957	0.717773	-0.062015	-0.771509	0.065419	-0.629800
07583		9.614301	-0.061918	-1.949482	-0.003288	0.000683	-0.001999	-0.874512	-0.102295	0.720947	-0.062065	-0.771472	0.065572	-0.629825
07584		9.601224	-0.063830	-1.981442	0.002502	0.003999	-0.005428	-0.873535	-0.102539	0.718018	-0.062070	-0.771434	0.065653	-0.629862
07585		9.606933	-0.054272	-1.951908	0.005067	-0.001792	-0.008333	-0.877930	-0.107422	0.715576	-0.062090	-0.771439	0.065713	-0.629848
07586		9.596450	-0.023267	-1.968620	0.013414	-0.004374	-0.006960	-0.874512	-0.107910	0.717529	-0.062028	-0.771449	0.065699	-0.629843
07587		9.606659	0.005210	-1.949800	0.008125	-0.003737	-0.008085	-0.879639	-0.098877	0.726074	-0.062060	-0.771465	0.065746	-0.629815
07588		9.620052	-0.048504	-1.954773	0.007199	-0.007412	-0.007059	-0.878906	-0.105469	0.720703	-0.061939	-0.771532	0.065714	-0.629749
07589		9.608155	-0.068520	-1.935333	0.016881	-0.007811	-0.010553	-0.880859	-0.104736	0.716064	-0.061832	-0.771591	0.065610	-0.629698
07590		9.615736	-0.013433	-1.986188	0.026450	-0.007412	-0.010757	-0.884521	-0.099854	0.719482	-0.061619	-0.771633	0.065420	-0.629687
07591		9.600280	0.055157	-1.990657	0.006070	-0.006428	-0.006523	-0.880127	-0.094971	0.718262	-0.061488	-0.771654	0.065372	-0.629679
07592		9.610445	-0.089977	-1.960154	-0.001870	-0.008571	-0.005306	-0.878662	-0.095703	0.728271	-0.061421	-0.771690	0.065437	-0.629635
07593		9.619494	-0.050598	-1.981193	0.009130	-0.008371	-0.006277	-0.873047	-0.099609	0.722656	-0.061250	-0.771772	0.065386	-0.629557
07594		9.619706	0.002954	-1.988135	0.005496	-0.008157	-0.006728	-0.875977	-0.103271	0.718994	-0.061223	-0.771837	0.065450	-0.629472
07595		9.594043	-0.015688	-1.992134	-0.002670	-0.003999	-0.005028	-0.876953	-0.099609	0.723145	-0.061285	-0.771842	0.065588	-0.629446
07596		9.613261	-0.061690	-1.967422	0.005146	-0.004017	-0.003582	-0.880615	-0.098633	0.717773	-0.061205	-0.771865	0.065642	-0.629420
07597		9.606257	-0.063534	-1.956809	0.007390	-0.005830	-0.003999	-0.880859	-0.101318	0.725098	-0.061079	-0.771879	0.065659	-0.629414
07598		9.611188	-0.045126	-1.999838	0.011942	-0.003850	-0.004896	-0.872314	-0.093994	0.721436	-0.060923	-0.771905	0.065608	-0.629402
07599		9.612584	-0.056599	-1.993638	0.011759	0.002132	-0.005735	-0.874268	-0.096680	0.726318	-0.060800	-0.771890	0.065623	-0.629431
07600		9.612042	-0.051346	-1.984579	0.010892	0.001100	-0.005395	-0.871338	-0.094727	0.722900	-0.060679	-0.771894	0.065620	-0.629437
07601		9.612866	-0.058435	-1.969454	0.007704	-0.000602	-0.003288	-0.877930	-0.103027	0.724854	-0.060592	-0.771902	0.065702	-0.629428
07602		9.606520	-0.061356	-1.990217	0.002159	-0.001077	-0.005493	-0.879150	-0.100342	0.723877	-0.060591	-0.771903	0.065761	-0.629420
07603		9.603759	-0.039268	-1.979638	0.006043	-0.001665	-0.004270	-0.881348	-0.102539	0.715088	-0.060511	-0.771905	0.065788	-0.629422
07604		9.604366	-0.042744	-1.988427	0.002755	0.000491	-0.005952	-0.886475	-0.101074	0.720947	-0.060504	-0.771854	0.065844	-0.629480
07605		9.603056	-0.032684	-1.971370	0.004359	-0.002569	-0.004592	-0.880859	-0.100586	0.720215	-0.060394	-0.771840	0.065825	-0.629510
07606		9.614002	-0.066007	-1.964677	0.004287	-0.003569	-0.002928	-0.875488	-0.095215	0.724365	-0.060322	-0.771839	0.065885	-0.629512
07607		9.618517	-0.103240	-1.979150	0.004821	-0.007605	-0.003321	-0.874268	-0.098389	0.715088	-0.060230	-0.771897	0.065957	-0.629442
07608		9.598341	-0.110974	-1.977830	0.013145	-0.006798	-0.007731	-0.879150	-0.104248	0.723877	-0.060166	-0.771926	0.065988	-0.629409
07609		9.618239	0.008072	-1.984062	0.020237	-0.007325	-0.009594	-0.874268	-0.094238	0.720947	-0.060034	-0.771985	0.065879	-0.629361
07610		9.620852	-0.015004	-1.972664	-0.007808	-0.004596	-0.003035	-0.876221	-0.098389	0.723877	-0.060081	-0.771998	0.066076	-0.629320
07611		9.606537	-0.124613	-1.972438	-0.002672	-0.005490	-0.005336	-0.878174	-0.093506	0.725342	-0.060110	-0.772028	0.066196	-0.629268
07612		9.602691	-0.094422	-1.978159	0.010622	-0.007412	-0.008061	-0.883301	-0.094238	0.718506	-0.059962	-0.772088	0.066143	-0.629214
07613		9.616995	-0.040005	-2.017024	0.005923	-0.005219	-0.009634	-0.875488	-0.092773	0.722412	-0.059856	-0.772095	0.066091	-0.629220
07614		9.613820	-0.072261	-1.978334	-0.006780	-0.003212	-0.007679	-0.881592	-0.101074	0.713135	-0.059904	-0.772103	0.066212	-0.629194
07615		9.586607	-0.074884	-2.012026	0.000830	-0.006129	-0.008965	-0.888184	-0.100342	0.721680	-0.059944	-0.772095	0.066285	-0.629192
07616		9.607845	-0.079340	-1.986347	-0.014717	-0.005366	-0.006443	-0.882080	-0.101074	0.720215	-0.060018	-0.772085	0.066391	-0.629186
07617		9.619074	-0.055388	-2.008524	-0.010662	-0.001147	-0.008588	-0.876465	-0.100586	0.718994	-0.060140	-0.772053	0.066516	-0.629201
07618		9.596899	-0.044032	-1.970195	-0.014148	0.006897	-0.003392	-0.877930	-0.097900	0.721191	-0.060310	-0.771956	0.066774	-0.629276
07619		9.607179	-0.120725	-1.971054	-0.010032	0.007671	-0.008141	-0.878174	-0.097168	0.721436	-0.060427	-0.771867	0.066910	-0.629359
07620		9.590120	-0.091466	-1.974294	0.003708	0.000885	-0.008938	-0.878906	-0.094482	0.720459	-0.060401	-0.771845	0.066929	-0.629387
07621		9.625780	-0.095602	-1.979421	0.002889	-0.000470	-0.009916	-0.876221	-0.093018	0.718262	-0.060360	-0.771830	0.066931	-0.629409
07622		9.599004	-0.101049	-1.988445	0.012595	-0.001011	-0.014095	-0.874512	-0.096680	0.717285	-0.060276	-0.771828	0.066848	-0.629428
07623		9.606856	-0.050943	-1.990903	0.002432	-0.004487	-0.013731	-0.878418	-0.099854	0.724609	-0.060343	-0.771844	0.066897	-0.629397
07624		9.622796	-0.065452	-1.969986	-0.003655	-0.000939	-0.015541	-0.884766	-0.102051	0.720947	-0.060454	-0.771845	0.066910	-0.629384
07625		9.611301	-0.080609	-1.972116	0.006075	0.002719	-0.011720	-0.878662	-0.102539	0.724854	-0.060421	-0.771798	0.066848	-0.629451
07626		9.605292	-0.084880	-1.968642	0.017714	-0.000249	-0.015432	-0.872314	-0.103760	0.721436	-0.060348	-0.771810	0.066706	-0.629459
07627		9.613530	-0.032919	-2.025917	0.007329	0.005374	-0.014623	-0.872803	-0.103027	0.713867	-0.060459	-0.771766	0.066742	-0.629497
07628		9.597113	-0.066261	-1.985773	0.000938	-0.000845	-0.010360	-0.881592	-0.100342	0.721191	-0.060605	-0.771739	0.066901	-0.629500
07629		9.604478	-0.065945	-2.006378	0.007713	-0.000498	-0.011024	-0.879883	-0.102295	0.720947	-0.060554	-0.771727	0.066854	-0.629525
07630		9.622391	-0.041522	-1.983242	0.011124	0.002479	-0.011392	-0.868652	-0.096436	0.719238	-0.060516	-0.771695	0.066809	-0.629573
07631		9.602526	-0.044532	-2.003264	0.002464	0.002755	-0.012833	-0.874512	-0.105469	0.719971	-0.060622	-0.771670	0.066909	-0.629582
07632		9.601854	-0.089675	-1.988636	0.006078	0.004199	-0.011417	-0.876221	-0.101318	0.714844	-0.060723	-0.771625	0.066988	-0.629620
07633		9.614295	-0.076285	-1.971113	0.001262	-0.003189	-0.011879	-0.879639	-0.091553	0.718994	-0.060810	-0.771619	0.067066	-0.629610
07634		9.599604	-0.067849	-1.986959	0.005172	-0.002441	-0.011005	-0.881104	-0.101318	0.723877	-0.060701	-0.771623	0.066999	-0.629622
07635		9.611095	-0.047004	-1.984782	0.004079	0.001183	-0.011162	-0.876709	-0.104248	0.717773	-0.060701	-0.771605	0.066988	-0.629646
07636		9.604052	-0.095991	-1.991272	0.001307	0.000933	-0.012264	-0.875977	-0.103760	0.716309	-0.060822	-0.771573	0.067075	-0.629664
07637		9.605655	-0.052940	-1.990489	0.008339	-0.005015	-0.013404	-0.875000	-0.093994	0.718018	-0.060879	-0.771592	0.067107	-0.629631
07638		9.614091	-0.063097	-1.972573	0.017109	0.001321	-0.013706	-0.886963	-0.092773	0.727295	-0.060752	-0.771581	0.066989	-0.629670
07639		9.607524	-0.007946	-1.988316	0.014527	0.009912	-0.010839	-0.879639	-0.102539	0.723389	-0.060498	-0.771509	0.066755	-0.629808
07640		9.611349	-0.083710	-2.000804	0.004395	0.004767	-0.011436	-0.878174	-0.105225	0.725830	-0.060535	-0.771464	0.066770	-0.629858
07641		9.585941	-0.047728	-1.975602	0.005769	-0.000874	-0.011473	-0.882324	-0.099121	0.723145	-0.060596	-0.771472	0.066810	-0.629838
07642		9.613925	-0.046320	-1.984379	0.009955	-0.002139	-0.010794	-0.873047	-0.099365	0.719482	-0.060504	-0.771483	0.066738	-0.629841
07643		9.629132	-0.054933	-1.978081	0.003032	-0.000045	-0.005853	-0.877686	-0.102539	0.726318	-0.060542	-0.771469	0.066885	-0.629838
07644		9.600165	-0.097567	-1.979468	0.011243	0.000118	-0.007292	-0.881836	-0.103271	0.720947	-0.060496	-0.771474	0.066913	-0.629834
07645		9.597490	-0.026087	-1.950403	0.007516	-0.002006	-0.005717	-0.870850	-0.097412	0.716797	-0.060444	-0.771469	0.066952	-0.629841
07646		9.610818	-0.072558	-1.969291	0.004378	-0.002560	-0.004605	-0.881348	-0.095459	0.720215	-0.060464	-0.771471	0.067121	-0.629818
07647		9.604680	-0.078623	-1.966535	0.012610	-0.001075	-0.006396	-0.878662	-0.099854	0.722900	-0.060289	-0.771467	0.067062	-0.629847
07648		9.609739	-0.063438	-1.985294	0.015911	-0.003211	-0.004712	-0.875488	-0.102783	0.719238	-0.060147	-0.771488	0.067062	-0.629834
07649		9.605065	-0.029849	-1.981892	0.001446	-0.004645	-0.001703	-0.880859	-0.102539	0.720459	-0.060190	-0.771499	0.067273	-0.629794
07650		9.609555	-0.118096	-1.958355	-0.002511	-0.005076	-0.001253	-0.876465	-0.095215	0.714844	-0.060208	-0.771506	0.067452	-0.629764
07651		9.613800	-0.098200	-1.969197	0.010938	-0.004954	-0.007339	-0.879639	-0.101807	0.717041	-0.060106	-0.771523	0.067461	-0.629753
07652		9.608158	-0.056206	-1.981174	0.008368	-0.005257	-0.006340	-0.881348	-0.099854	0.724609	-0.060066	-0.771536	0.067518	-0.629735
07653		9.592683	-0.096814	-1.983566	0.003660	-0.004572	-0.008225	-0.885254	-0.095947	0.724609	-0.060050	-0.771561	0.067559	-0.629701
07654		9.611609	-0.081893	-1.978821	0.000489	-0.001998	-0.005828	-0.876221	-0.087646	0.715332	-0.059963	-0.771559	0.067564	-0.629711
07655		9.608562	-0.059443	-1.968708	-0.003511	-0.003588	-0.004365	-0.874268	-0.107422	0.716797	-0.059903	-0.771556	0.067664	-0.629709
07656		9.611143	-0.128696	-1.998566	0.008952	-0.002202	-0.006497	-0.878906	-0.098633	0.723877	-0.059989	-0.771547	0.067837	-0.629694
07657		9.618883	-0.031022	-1.982514	0.001621	-0.000015	-0.005747	-0.875732	-0.102051	0.714600	-0.059992	-0.771534	0.067938	-0.629699
07658		9.595154	-0.111370	-1.996865	-0.003472	-0.000949	-0.005066	-0.873779	-0.093262	0.717285	-0.060107	-0.771501	0.068154	-0.629705
07659		9.613533	-0.092369	-1.982863	0.004669	-0.000292	-0.004532	-0.883301	-0.096191	0.724609	-0.060057	-0.771484	0.068256	-0.629719
07660		9.602763	-0.114201	-1.993868	0.004765	-0.000942	-0.007175	-0.879883	-0.097900	0.722656	-0.059969	-0.771481	0.068246	-0.629733
07661		9.616662	-0.113680	-1.970391	0.005111	-0.001965	-0.009040	-0.868652	-0.098145	0.724365	-0.059948	-0.771485	0.068276	-0.629727
07662		9.607724	-0.095821	-2.013081	-0.000775	-0.002942	-0.009683	-0.873535	-0.101807	0.716064	-0.060112	-0.771509	0.068493	-0.629658
07663		9.606841	-0.036627	-2.010378	-0.002759	-0.001677	-0.009146	-0.879639	-0.102539	0.720947	-0.060271	-0.771493	0.068691	-0.629641
07664		9.603227	-0.061447	-1.986243	-0.017386	-0.003470	-0.001809	-0.875732	-0.091309	0.722900	-0.060460	-0.771478	0.069009	-0.629607
07665		9.608046	-0.047395	-1.949220	-0.012066	-0.002742	-0.001053	-0.882080	-0.104248	0.728271	-0.060503	-0.771478	0.069242	-0.629577
07666		9.623311	-0.055708	-1.999497	-0.012796	-0.003339	0.003376	-0.885254	-0.093262	0.719727	-0.060612	-0.771475	0.069573	-0.629534
07667		9.619651	-0.082597	-1.975592	-0.021029	-0.003351	0.005483	-0.883789	-0.098877	0.719971	-0.060600	-0.771448	0.069822	-0.629540
07668		9.625079	-0.175709	-1.960483	-0.026029	-0.003455	0.003828	-0.878174	-0.097656	0.719482	-0.060734	-0.771417	0.070171	-0.629526
07669		9.607135	-0.197271	-1.984426	0.007826	-0.005658	-0.006896	-0.885498	-0.097168	0.721191	-0.060670	-0.771445	0.070214	-0.629493
07670		9.609702	-0.112371	-2.006465	0.005897	-0.000432	-0.007406	-0.886963	-0.093262	0.725098	-0.060551	-0.771427	0.070169	-0.629532
07671		9.593833	-0.095959	-2.004000	-0.003668	0.003387	-0.006894	-0.870117	-0.100586	0.718994	-0.060471	-0.771382	0.070154	-0.629596
07672		9.621185	-0.141494	-1.965213	-0.008543	0.005203	-0.004150	-0.870850	-0.096191	0.723145	-0.060677	-0.771315	0.070481	-0.629623
07673		9.613594	-0.135325	-1.968267	0.009728	-0.003469	-0.004827	-0.879150	-0.095703	0.727539	-0.060648	-0.771343	0.070616	-0.629575
07674		9.628605	-0.092349	-1.967706	0.026514	-0.002815	-0.009940	-0.876709	-0.094727	0.723633	-0.060413	-0.771385	0.070467	-0.629563
07675		9.614050	-0.034553	-2.021227	0.010119	-0.003333	-0.007706	-0.879395	-0.106201	0.724609	-0.060333	-0.771410	0.070492	-0.629537
07676		9.605418	-0.074579	-1.978739	-0.004654	-0.001128	-0.003517	-0.880371	-0.101074	0.721191	-0.060465	-0.771394	0.070738	-0.629516
07677		9.598762	-0.128600	-1.962336	-0.003345	-0.004797	-0.001258	-0.870605	-0.090088	0.727539	-0.060492	-0.771401	0.070937	-0.629484
07678		9.612568	-0.127664	-1.995881	0.008852	-0.005826	-0.004135	-0.880615	-0.103271	0.724609	-0.060417	-0.771459	0.071058	-0.629406
07679		9.610104	-0.110306	-1.994570	0.005242	-0.001517	-0.004962	-0.880371	-0.092285	0.723389	-0.060421	-0.771454	0.071174	-0.629398
07680		9.600723	-0.092161	-2.004805	-0.003829	-0.002733	-0.003164	-0.887207	-0.103516	0.718262	-0.060380	-0.771456	0.071290	-0.629387
07681		9.595550	-0.105973	-1.987092	-0.006154	-0.001931	-0.001071	-0.875977	-0.099854	0.721191	-0.060384	-0.771421	0.071436	-0.629412
07682		9.614061	-0.139508	-1.968020	-0.002653	-0.001073	-0.004404	-0.873047	-0.099609	0.720215	-0.060469	-0.771406	0.071647	-0.629399
07683		9.612751	-0.079056	-1.989099	-0.001162	-0.004626	0.000616	-0.879883	-0.103027	0.722168	-0.060524	-0.771416	0.071932	-0.629349
07684		9.609777	-0.159261	-1.992045	0.007739	-0.000720	-0.003983	-0.873535	-0.096924	0.721191	-0.060500	-0.771401	0.072043	-0.629357
07685		9.599006	-0.132351	-1.985252	0.001802	-0.005664	-0.003576	-0.870850	-0.099365	0.724609	-0.060529	-0.771428	0.072242	-0.629298
07686		9.601834	-0.152280	-1.996824	0.005354	-0.000845	-0.007959	-0.876465	-0.094482	0.725586	-0.060630	-0.771431	0.072438	-0.629262
07687		9.612604	-0.127469	-1.985782	0.007957	0.002104	-0.009663	-0.874512	-0.101562	0.725098	-0.060613	-0.771415	0.072484	-0.629279
07688		9.601978	-0.148650	-1.996406	0.002259	-0.000248	-0.007852	-0.871338	-0.092285	0.714355	-0.060733	-0.771406	0.072684	-0.629254
07689		9.624753	-0.109776	-1.991857	0.005120	0.000847	-0.009089	-0.876465	-0.098633	0.727539	-0.060720	-0.771381	0.072745	-0.629279
07690		9.592343	-0.126035	-1.973883	0.003182	-0.002502	-0.010147	-0.884277	-0.102295	0.725586	-0.060810	-0.771398	0.072885	-0.629234
07691		9.606580	-0.126441	-1.983134	0.005712	-0.003350	-0.010140	-0.875000	-0.095703	0.724121	-0.060813	-0.771411	0.072912	-0.629215
07692		9.617594	-0.102984	-2.004874	0.009895	0.001168	-0.008884	-0.881348	-0.097412	0.718262	-0.060799	-0.771399	0.072982	-0.629222
07693		9.607302	-0.078161	-1.973396	0.003938	0.000668	-0.007539	-0.876709	-0.096924	0.724121	-0.060742	-0.771369	0.072991	-0.629263
07694		9.607350	-0.126098	-1.991596	-0.000682	0.000626	-0.004322	-0.877686	-0.101318	0.719971	-0.060790	-0.771347	0.073177	-0.629264
07695		9.606351	-0.168013	-1.968940	0.001669	-0.000339	-0.007079	-0.879883	-0.099365	0.728760	-0.060850	-0.771326	0.073314	-0.629268
07696		9.610350	-0.144426	-2.002612	0.008139	-0.002063	-0.007178	-0.881836	-0.099609	0.728271	-0.060852	-0.771339	0.073422	-0.629240
07697		9.607925	-0.126360	-2.000970	0.009598	-0.002420	-0.008615	-0.877686	-0.103516	0.719971	-0.060831	-0.771354	0.073477	-0.629217
07698		9.594845	-0.131181	-2.010142	0.007912	-0.001856	-0.008621	-0.879883	-0.093994	0.720703	-0.060862	-0.771349	0.073567	-0.629209
07699		9.606383	-0.114107	-1.984832	0.006739	-0.003517	-0.007378	-0.876221	-0.097168	0.728271	-0.060772	-0.771362	0.073572	-0.629201
07700		9.614590	-0.122036	-1.990980	0.002279	-0.003219	-0.008480	-0.875244	-0.100830	0.723633	-0.060863	-0.771383	0.073753	-0.629146
07701		9.604782	-0.150876	-1.987602	0.003651	-0.004406	-0.007581	-0.866455	-0.094482	0.724854	-0.060950	-0.771403	0.073936	-0.629091
07702		9.596529	-0.142323	-1.959768	0.001480	-0.006067	-0.009766	-0.875977	-0.092041	0.724121	-0.061124	-0.771448	0.074210	-0.628987
07703		9.616619	-0.135785	-1.972955	0.006256	-0.005741	-0.009562	-0.876953	-0.094727	0.718506	-0.061101	-0.771488	0.074271	-0.628933
07704		9.609698	-0.134508	-2.018587	-0.002160	-0.005890	-0.010203	-0.877197	-0.093750	0.722412	-0.061128	-0.771513	0.074331	-0.628892
07705		9.596109	-0.137106	-1.996286	0.006848	-0.005651	-0.010342	-0.877686	-0.094482	0.720703	-0.061090	-0.771549	0.074350	-0.628850
07706		9.612171	-0.101689	-2.013566	-0.001035	-0.003904	-0.010125	-0.875488	-0.101807	0.725830	-0.061113	-0.771562	0.074409	-0.628825
07707		9.624438	-0.139258	-1.959527	0.006524	-0.004790	-0.009138	-0.873047	-0.093750	0.722900	-0.061200	-0.771589	0.074573	-0.628763
07708		9.599485	-0.110124	-1.976855	0.001991	-0.004006	-0.008251	-0.874268	-0.102051	0.727051	-0.061244	-0.771609	0.074713	-0.628718
07709		9.609036	-0.127014	-2.000359	0.003944	-0.003619	-0.007820	-0.876953	-0.093750	0.724121	-0.061375	-0.771626	0.074946	-0.628657
07710		9.595902	-0.131731	-2.009802	0.004259	-0.002996	-0.008717	-0.873047	-0.099609	0.727539	-0.061362	-0.771639	0.075014	-0.628634
07711		9.611679	-0.192006	-1.998546	0.003489	-0.003206	-0.010705	-0.884033	-0.093994	0.718018	-0.061515	-0.771656	0.075228	-0.628572
07712		9.621825	-0.163255	-2.012166	0.010654	-0.002681	-0.014280	-0.883057	-0.105957	0.720703	-0.061331	-0.771667	0.074989	-0.628606
07713		9.607410	-0.157864	-2.004136	0.011198	-0.002265	-0.013736	-0.871338	-0.093018	0.714844	-0.061311	-0.771668	0.074920	-0.628615
07714		9.588897	-0.123487	-2.000323	0.009054	-0.001292	-0.016625	-0.885254	-0.094971	0.723877	-0.061286	-0.771671	0.074834	-0.628623
07715		9.608489	-0.111006	-2.003938	0.004785	-0.002366	-0.015267	-0.873291	-0.102539	0.719482	-0.061229	-0.771680	0.074712	-0.628633
07716		9.600211	-0.147331	-2.017644	0.005921	-0.004663	-0.015460	-0.880127	-0.090088	0.722900	-0.061346	-0.771703	0.074784	-0.628584
07717		9.595197	-0.110773	-2.014430	0.011856	-0.003985	-0.016158	-0.877197	-0.102295	0.729980	-0.061223	-0.771736	0.074618	-0.628575
07718		9.603907	-0.072457	-2.010782	-0.004648	-0.001107	-0.011268	-0.874023	-0.102051	0.727051	-0.061445	-0.771731	0.074860	-0.628531
07719		9.605601	-0.129579	-1.990423	-0.004443	-0.001149	-0.009163	-0.883545	-0.098633	0.732178	-0.061660	-0.771722	0.075136	-0.628488
07720		9.605623	-0.127037	-1.990480	-0.002707	0.000767	-0.010529	-0.879639	-0.097168	0.723633	-0.061770	-0.771704	0.075274	-0.628483
07721		9.609843	-0.153439	-1.986144	0.003408	-0.001232	-0.008416	-0.883789	-0.096680	0.722900	-0.061752	-0.771698	0.075322	-0.628487
07722		9.607317	-0.134925	-1.984556	0.000878	-0.003197	-0.008378	-0.870605	-0.101807	0.726807	-0.061694	-0.771703	0.075315	-0.628487
07723		9.602622	-0.242690	-2.026990	0.002738	-0.002100	-0.013057	-0.881836	-0.096680	0.726074	-0.061901	-0.771712	0.075542	-0.628428
07724		9.609953	-0.194960	-2.006091	0.018183	-0.003163	-0.019752	-0.871826	-0.095215	0.720703	-0.061818	-0.771745	0.075359	-0.628418
07725		9.607583	-0.126320	-2.017749	0.006398	0.006024	-0.021180	-0.877197	-0.098877	0.723633	-0.061919	-0.771698	0.075318	-0.628470
07726		9.600623	-0.167259	-1.982099	0.011788	0.002169	-0.022032	-0.881836	-0.099854	0.719482	-0.061975	-0.771685	0.075219	-0.628493
07727		9.613509	-0.108226	-1.987800	0.021734	-0.003941	-0.024088	-0.882568	-0.103027	0.726074	-0.061858	-0.771722	0.074909	-0.628496
07728		9.601377	-0.070209	-1.996309	0.011138	-0.003038	-0.019185	-0.881104	-0.101562	0.725098	-0.061892	-0.771743	0.074832	-0.628476
07729		9.601592	-0.067612	-2.029226	0.000701	-0.001805	-0.018609	-0.881104	-0.102783	0.726318	-0.062015	-0.771747	0.074837	-0.628458
07730		9.617526	-0.124536	-1.985426	0.005867	-0.004174	-0.013492	-0.866943	-0.102295	0.721680	-0.062066	-0.771770	0.074875	-0.628421
07731		9.616336	-0.114421	-2.001129	0.005757	-0.000712	-0.010886	-0.876221	-0.102051	0.731689	-0.062217	-0.771764	0.075086	-0.628388
07732		9.604775	-0.127477	-2.027220	0.007296	-0.001559	-0.014319	-0.877930	-0.097412	0.725586	-0.062370	-0.771775	0.075249	-0.628340
07733		9.601058	-0.146248	-1.994010	-0.002019	-0.001143	-0.013621	-0.873047	-0.097412	0.723877	-0.062476	-0.771772	0.075336	-0.628323
07734		9.621982	-0.188817	-1.968226	0.012201	-0.002031	-0.017444	-0.879639	-0.098389	0.723877	-0.062511	-0.771791	0.075325	-0.628297
07735		9.595910	-0.105953	-1.990726	0.019313	-0.002474	-0.019359	-0.878174	-0.099609	0.721436	-0.062422	-0.771817	0.075143	-0.628296
07736		9.592158	-0.122283	-2.013395	0.004500	0.001158	-0.022572	-0.870117	-0.100098	0.728027	-0.062505	-0.771804	0.075039	-0.628316
07737		9.605577	-0.113472	-1.981009	0.005029	-0.001061	-0.021321	-0.880859	-0.105225	0.721680	-0.062746	-0.771816	0.075175	-0.628261
07738		9.606233	-0.113256	-1.990167	0.005018	-0.003700	-0.020614	-0.879883	-0.109131	0.720947	-0.062823	-0.771835	0.075093	-0.628239
07739		9.607996	-0.120736	-1.984321	0.013472	-0.002344	-0.021013	-0.871094	-0.100586	0.726074	-0.062863	-0.771848	0.074977	-0.628234
07740		9.591270	-0.098708	-2.006664	0.013012	-0.003261	-0.023554	-0.883057	-0.095703	0.730469	-0.063007	-0.771883	0.074986	-0.628175
07741		9.620650	-0.058543	-2.023527	0.007266	-0.001199	-0.020787	-0.870850	-0.095947	0.725098	-0.063045	-0.771897	0.074902	-0.628164
07742		9.614238	-0.147354	-1.974591	0.007781	-0.000613	-0.019581	-0.879639	-0.094238	0.715820	-0.063151	-0.771906	0.074928	-0.628139
07743		9.591019	-0.128526	-1.984403	0.030385	0.000387	-0.021830	-0.876709	-0.096191	0.715820	-0.062811	-0.771920	0.074435	-0.628215
07744		9.603816	-0.072013	-2.022278	0.027876	0.001046	-0.022503	-0.879150	-0.095215	0.728271	-0.062574	-0.771925	0.074040	-0.628279
07745		9.601905	-0.055656	-2.029075	0.010996	-0.003177	-0.022009	-0.883057	-0.096924	0.720459	-0.062594	-0.771959	0.073930	-0.628248
07746		9.606619	-0.082388	-2.002123	0.010164	-0.008343	-0.021249	-0.876221	-0.095215	0.720703	-0.062501	-0.772022	0.073684	-0.628209
07747		9.609641	-0.099248	-2.014585	0.007800	-0.007385	-0.018477	-0.875732	-0.096680	0.721680	-0.062474	-0.772077	0.073572	-0.628157
07748		9.603977	-0.105039	-1.988949	0.011198	-0.004529	-0.019552	-0.878174	-0.095459	0.722900	-0.062451	-0.772114	0.073450	-0.628128
07749		9.600735	-0.081590	-2.011545	0.019398	-0.002788	-0.020749	-0.876709	-0.101074	0.721191	-0.062332	-0.772145	0.073220	-0.628129
07750		9.597901	-0.060887	-2.010511	0.017190	-0.005467	-0.021248	-0.879395	-0.098633	0.723633	-0.062292	-0.772190	0.073056	-0.628096
07751		9.614743	-0.075586	-2.022195	0.005271	-0.003934	-0.019203	-0.874512	-0.101074	0.717041	-0.062319	-0.772215	0.072971	-0.628073
07752		9.607252	-0.069509	-2.002671	-0.002802	-0.003893	-0.014259	-0.872559	-0.101074	0.730713	-0.062408	-0.772222	0.073017	-0.628050
07753		9.599727	-0.064158	-1.983294	0.011300	-0.005212	-0.014439	-0.876953	-0.094971	0.715820	-0.062479	-0.772269	0.073106	-0.627976
07754		9.615040	-0.070953	-1.978119	0.009915	-0.006681	-0.014627	-0.878174	-0.100098	0.730713	-0.062343	-0.772309	0.072940	-0.627958
07755		9.591806	-0.055520	-2.020991	0.011144	0.001062	-0.011889	-0.871582	-0.097412	0.730469	-0.062329	-0.772301	0.072962	-0.627967
07756		9.606998	-0.103017	-2.014978	0.009812	-0.000742	-0.013406	-0.876465	-0.104492	0.725342	-0.062380	-0.772313	0.073041	-0.627938
07757		9.603100	-0.118982	-2.005373	0.010230	-0.002108	-0.016612	-0.867676	-0.096191	0.726807	-0.062432	-0.772324	0.073040	-0.627919
07758		9.602208	-0.110582	-1.997724	0.009802	-0.005838	-0.019101	-0.878906	-0.102783	0.723633	-0.062525	-0.772379	0.073075	-0.627838
07759		9.607698	-0.099375	-2.002869	0.012403	-0.009628	-0.019718	-0.862793	-0.090332	0.719971	-0.062514	-0.772452	0.072963	-0.627763
07760		9.589678	-0.073198	-2.018303	0.015366	-0.009178	-0.023649	-0.875977	-0.104980	0.731445	-0.062516	-0.772541	0.072840	-0.627668
07761		9.590100	-0.073050	-2.028585	0.009321	-0.005284	-0.021346	-0.873779	-0.092041	0.719238	-0.062658	-0.772586	0.072865	-0.627595
07762		9.624295	-0.107092	-1.995242	0.021565	-0.008811	-0.023602	-0.871094	-0.096436	0.725586	-0.062487	-0.772668	0.072545	-0.627548
07763		9.603299	-0.021310	-2.031725	0.026684	-0.007977	-0.025003	-0.879883	-0.100342	0.725586	-0.062400	-0.772754	0.072313	-0.627478
07764		9.595012	-0.012198	-2.037270	0.004733	-0.010806	-0.017312	-0.878174	-0.103516	0.722656	-0.062411	-0.772829	0.072253	-0.627391
07765		9.605495	-0.072989	-2.014537	0.013918	-0.005048	-0.016169	-0.879639	-0.101318	0.719482	-0.062350	-0.772861	0.072143	-0.627371
07766		9.600488	-0.041476	-2.020284	0.017539	-0.003692	-0.015450	-0.875977	-0.103516	0.723145	-0.062192	-0.772880	0.071944	-0.627385
07767		9.596299	-0.014818	-2.034184	0.012957	-0.001470	-0.014234	-0.876465	-0.099854	0.737305	-0.062157	-0.772882	0.071896	-0.627392
07768		9.608762	-0.045649	-2.027108	0.008111	-0.006623	-0.010968	-0.869141	-0.099365	0.726807	-0.062191	-0.772938	0.072000	-0.627308
07769		9.600347	-0.079126	-2.032774	0.013184	-0.009398	-0.009954	-0.876709	-0.098389	0.728027	-0.062161	-0.773010	0.072069	-0.627214
07770		9.581139	-0.049190	-2.007745	0.011242	-0.012448	-0.009653	-0.874023	-0.104492	0.721924	-0.062071	-0.773101	0.072068	-0.627111
07771		9.600671	-0.042420	-2.022699	0.006206	-0.012478	-0.010611	-0.884277	-0.098389	0.729492	-0.062074	-0.773179	0.072125	-0.627008
07772		9.597797	-0.068972	-2.032914	0.010630	-0.013686	-0.007843	-0.868164	-0.101807	0.727051	-0.061906	-0.773273	0.072061	-0.626916
07773		9.614565	-0.046137	-2.045692	0.006626	-0.008741	-0.008132	-0.868652	-0.101807	0.734375	-0.061950	-0.773331	0.072221	-0.626822
07774		9.595318	-0.138887	-2.053164	0.005504	-0.004159	-0.010001	-0.875488	-0.096191	0.729736	-0.062066	-0.773361	0.072425	-0.626750
07775		9.585690	-0.122241	-2.040888	0.029292	-0.009113	-0.018611	-0.872559	-0.092529	0.727295	-0.061867	-0.773450	0.072188	-0.626687
07776		9.601322	-0.050125	-2.068141	0.024855	-0.010376	-0.019996	-0.865234	-0.086914	0.733398	-0.061695	-0.773547	0.071950	-0.626611
07777		9.608013	-0.086679	-2.058225	0.014614	-0.003015	-0.020387	-0.877686	-0.094482	0.722168	-0.061689	-0.773594	0.071868	-0.626563
07778		9.595032	-0.089604	-2.067412	0.028817	-0.003465	-0.022988	-0.878174	-0.096924	0.726807	-0.061440	-0.773632	0.071472	-0.626587
07779		9.604216	-0.057237	-2.049062	0.029659	-0.001103	-0.023728	-0.875000	-0.099365	0.729492	-0.061247	-0.773655	0.071125	-0.626616
07780		9.588470	-0.003424	-2.055756	0.020534	-0.002107	-0.020488	-0.875977	-0.095215	0.721191	-0.061184	-0.773680	0.070962	-0.626610
07781		9.601324	-0.033039	-2.047532	0.013561	0.002385	-0.016833	-0.863770	-0.099365	0.730469	-0.061070	-0.773652	0.070776	-0.626677
07782		9.599873	-0.020309	-2.030208	0.018443	-0.000359	-0.017945	-0.878906	-0.093750	0.727539	-0.061110	-0.773669	0.070778	-0.626652
07783		9.595618	-0.033868	-2.044059	0.015770	-0.001332	-0.013878	-0.873779	-0.087646	0.727539	-0.060948	-0.773676	0.070608	-0.626678
07784		9.588224	-0.029534	-2.024256	0.016250	-0.004338	-0.010245	-0.880127	-0.096191	0.724121	-0.060741	-0.773711	0.070474	-0.626670
07785		9.602461	0.007896	-2.066098	0.010877	-0.004830	-0.009615	-0.875000	-0.101318	0.722900	-0.060595	-0.773730	0.070388	-0.626670
07786		9.598521	-0.047449	-2.025009	-0.003637	-0.005015	-0.006092	-0.874023	-0.097168	0.729248	-0.060648	-0.773735	0.070548	-0.626641
07787		9.601934	-0.107047	-2.037059	0.011570	-0.007886	-0.011676	-0.871582	-0.099854	0.725098	-0.060589	-0.773791	0.070535	-0.626579
07788		9.605227	-0.047575	-2.081110	0.003949	-0.006958	-0.011943	-0.874023	-0.096680	0.722412	-0.060634	-0.773828	0.070609	-0.626520
07789		9.602109	-0.106210	-2.048628	-0.000806	-0.003757	-0.014530	-0.870117	-0.102539	0.726318	-0.060689	-0.773835	0.070625	-0.626505
07790		9.594581	-0.060261	-2.028969	0.010833	-0.004523	-0.016107	-0.872803	-0.099365	0.730713	-0.060740	-0.773863	0.070646	-0.626463
07791		9.603589	0.009384	-2.043179	0.003377	-0.002126	-0.013952	-0.872070	-0.096191	0.726318	-0.060813	-0.773871	0.070706	-0.626439
07792		9.600754	-0.010986	-2.041745	-0.007143	0.000472	-0.012992	-0.875244	-0.102783	0.728271	-0.060940	-0.773846	0.070808	-0.626446
07793		9.580318	-0.128890	-2.021875	0.004433	-0.002406	-0.011839	-0.876709	-0.102783	0.728760	-0.060986	-0.773848	0.070875	-0.626432
07794		9.582190	-0.061908	-2.080687	0.019103	-0.008155	-0.016578	-0.877441	-0.097168	0.731689	-0.060912	-0.773910	0.070774	-0.626374
07795		9.579395	-0.004430	-2.056519	0.006852	-0.004856	-0.014942	-0.868408	-0.097412	0.721680	-0.060899	-0.773942	0.070731	-0.626341
07796		9.626150	-0.067584	-2.061138	0.003821	0.000134	-0.011784	-0.880859	-0.095459	0.729004	-0.060930	-0.773922	0.070782	-0.626357
07797		9.591220	-0.064923	-2.063622	0.006923	0.004684	-0.014056	-0.877686	-0.101318	0.723877	-0.060865	-0.773873	0.070678	-0.626435
07798		9.599062	-0.026665	-2.059478	0.014573	0.001136	-0.013064	-0.871582	-0.100342	0.731934	-0.060782	-0.773848	0.070601	-0.626483
07799		9.605247	0.020571	-2.038706	0.006846	0.001422	-0.010292	-0.872803	-0.098389	0.737305	-0.060813	-0.773830	0.070686	-0.626492
07800		9.571426	-0.024704	-2.082190	-0.000272	0.002940	-0.009345	-0.874512	-0.101318	0.724854	-0.060896	-0.773803	0.070823	-0.626502
07801		9.593765	-0.027489	-2.054248	-0.005264	0.005044	-0.005198	-0.870605	-0.093994	0.726318	-0.060974	-0.773730	0.071007	-0.626564
07802		9.611146	-0.042475	-2.031560	-0.003480	0.001536	-0.005806	-0.871338	-0.091064	0.731201	-0.061003	-0.773696	0.071142	-0.626587
07803		9.592795	-0.055109	-2.035833	-0.010611	0.004367	-0.005227	-0.871338	-0.095215	0.724609	-0.061082	-0.773644	0.071318	-0.626624
07804		9.597001	-0.076758	-2.077079	-0.004379	0.007065	-0.007271	-0.869873	-0.102539	0.727051	-0.061139	-0.773564	0.071444	-0.626703
07805		9.596395	-0.067423	-2.034823	-0.007055	0.004902	-0.009982	-0.873535	-0.097168	0.730713	-0.061326	-0.773502	0.071663	-0.626736
07806		9.588078	-0.093482	-1.996428	0.004283	0.003544	-0.010647	-0.870850	-0.094971	0.720703	-0.061342	-0.773467	0.071711	-0.626772
07807		9.607363	-0.043488	-2.031548	0.008888	0.001342	-0.011881	-0.875244	-0.091064	0.725098	-0.061292	-0.773443	0.071682	-0.626811
07808		9.590454	-0.062434	-2.020572	0.012852	0.004314	-0.013793	-0.878906	-0.091553	0.719727	-0.061168	-0.773406	0.071539	-0.626885
07809		9.589599	-0.016906	-2.043868	0.005059	-0.001174	-0.013677	-0.871582	-0.101074	0.737305	-0.061086	-0.773393	0.071431	-0.626920
07810		9.591356	-0.061352	-2.028744	0.002721	0.000755	-0.012579	-0.874023	-0.092041	0.728760	-0.061187	-0.773392	0.071536	-0.626900
07811		9.597398	-0.091464	-2.032318	0.014178	-0.001283	-0.015915	-0.871826	-0.102539	0.729492	-0.061090	-0.773408	0.071400	-0.626906
07812		9.595440	-0.038732	-2.015328	0.021247	0.000012	-0.016933	-0.875000	-0.090576	0.729004	-0.061046	-0.773415	0.071322	-0.626909
07813		9.594836	-0.033723	-2.039026	0.019124	0.000614	-0.013346	-0.874023	-0.105957	0.722412	-0.060867	-0.773418	0.071151	-0.626943
07814		9.620304	-0.017044	-2.022719	0.012129	-0.004802	-0.011893	-0.875977	-0.100098	0.722168	-0.060879	-0.773436	0.071211	-0.626913
07815		9.594095	-0.064842	-2.032253	0.019529	-0.005519	-0.013091	-0.880127	-0.105225	0.723877	-0.060760	-0.773468	0.071125	-0.626894
07816		9.584094	-0.010637	-2.051985	0.013822	-0.004018	-0.012275	-0.879150	-0.102051	0.725830	-0.060716	-0.773479	0.071116	-0.626886
07817		9.607720	-0.022384	-2.042539	0.005772	-0.000589	-0.010357	-0.872314	-0.098389	0.728516	-0.060719	-0.773461	0.071163	-0.626903
07818		9.612126	-0.044195	-2.029443	0.013114	-0.003416	-0.008815	-0.878662	-0.102539	0.721924	-0.060650	-0.773482	0.071189	-0.626881
07819		9.588182	-0.028605	-2.040398	0.002391	-0.004619	-0.008195	-0.884033	-0.100342	0.723145	-0.060668	-0.773485	0.071292	-0.626864
07820		9.609445	-0.028842	-2.038308	-0.006701	-0.004692	-0.006617	-0.876465	-0.098145	0.732666	-0.060707	-0.773479	0.071417	-0.626853
07821		9.611417	-0.076697	-2.055791	-0.001717	0.000642	-0.007158	-0.871338	-0.095703	0.722656	-0.060748	-0.773459	0.071540	-0.626860
07822		9.578472	-0.085023	-2.019780	0.003342	-0.000599	-0.005850	-0.866455	-0.097900	0.727295	-0.060727	-0.773441	0.071641	-0.626872
07823		9.601800	-0.059649	-2.042641	0.006323	-0.003926	-0.008044	-0.864014	-0.101807	0.726562	-0.060749	-0.773463	0.071767	-0.626829
07824		9.606993	-0.086231	-2.038302	0.004631	-0.002255	-0.009073	-0.867188	-0.097900	0.725098	-0.060849	-0.773469	0.071956	-0.626789
07825		9.593314	-0.086367	-2.038765	0.007352	-0.002771	-0.013464	-0.872314	-0.100830	0.724365	-0.060896	-0.773484	0.072011	-0.626761
07826		9.599516	-0.078754	-2.019073	0.013019	-0.002779	-0.013990	-0.878662	-0.094238	0.727051	-0.060885	-0.773496	0.072005	-0.626748
07827		9.599027	-0.038044	-2.052016	0.014770	-0.002339	-0.015709	-0.875977	-0.101074	0.720459	-0.060771	-0.773511	0.071850	-0.626758
07828		9.593589	-0.007018	-2.057448	0.006367	-0.000502	-0.011163	-0.877197	-0.099854	0.728516	-0.060777	-0.773488	0.071891	-0.626781
07829		9.597866	-0.064149	-2.035466	0.006266	-0.001124	-0.008122	-0.874268	-0.094727	0.736572	-0.060756	-0.773479	0.071955	-0.626786
07830		9.596370	-0.017487	-2.027696	0.008629	-0.004365	-0.008854	-0.879883	-0.093262	0.727295	-0.060698	-0.773517	0.071977	-0.626742
07831		9.609900	-0.016033	-2.060975	0.007338	-0.002708	-0.005632	-0.870361	-0.102783	0.728760	-0.060565	-0.773520	0.071964	-0.626753
07832		9.595969	-0.053071	-2.052830	0.004214	-0.002180	-0.005491	-0.877441	-0.098877	0.724854	-0.060615	-0.773520	0.072158	-0.626727
07833		9.591777	-0.066246	-2.034278	0.001578	0.000272	-0.004511	-0.875244	-0.094971	0.723389	-0.060599	-0.773488	0.072277	-0.626754
07834		9.588832	-0.050932	-2.064785	0.004774	0.000538	-0.007028	-0.869873	-0.096680	0.729248	-0.060548	-0.773461	0.072321	-0.626787
07835		9.600620	-0.072978	-2.039067	0.009861	0.001587	-0.007802	-0.873535	-0.100586	0.728271	-0.060513	-0.773443	0.072384	-0.626806
07836		9.611770	-0.092698	-2.036996	0.011872	0.001675	-0.008730	-0.869629	-0.097412	0.726318	-0.060482	-0.773418	0.072441	-0.626832
07837		9.600180	-0.067590	-2.061869	0.008197	0.003080	-0.009501	-0.871826	-0.090088	0.730225	-0.060486	-0.773384	0.072512	-0.626866
07838		9.603528	-0.044208	-2.039158	0.001966	0.002818	-0.008846	-0.875732	-0.094482	0.734375	-0.060469	-0.773356	0.072546	-0.626898
07839		9.593200	-0.061670	-2.040199	0.005873	0.001236	-0.006618	-0.873535	-0.088135	0.728760	-0.060421	-0.773341	0.072599	-0.626915
07840		9.592496	-0.055901	-2.031197	0.017133	0.002897	-0.006714	-0.876953	-0.103760	0.726807	-0.060214	-0.773320	0.072502	-0.626972
07841		9.597604	-0.007945	-2.034300	0.005421	0.001491	-0.002361	-0.877686	-0.099121	0.726318	-0.060210	-0.773279	0.072690	-0.627001
07842		9.584740	-0.088673	-2.057183	0.001642	0.002277	-0.000087	-0.866943	-0.096924	0.724609	-0.060180	-0.773230	0.072873	-0.627043
07843		9.599278	-0.015276	-2.018117	0.018638	0.001136	-0.000637	-0.880127	-0.103027	0.725098	-0.060032	-0.773210	0.072971	-0.627070
07844		9.583884	-0.120196	-2.039301	-0.006281	0.001226	0.000953	-0.869873	-0.088379	0.732178	-0.060096	-0.773155	0.073258	-0.627098
07845		9.588679	-0.145841	-2.057868	0.007831	-0.000784	-0.004799	-0.875488	-0.094238	0.721191	-0.060002	-0.773162	0.073304	-0.627094
07846		9.602595	-0.068772	-2.042421	0.002042	0.005961	-0.005465	-0.867920	-0.098389	0.732910	-0.059984	-0.773086	0.073395	-0.627178
07847		9.597264	-0.074447	-2.037599	-0.002683	0.005175	-0.006944	-0.869141	-0.095947	0.728027	-0.060121	-0.773036	0.073626	-0.627200
07848		9.598136	-0.075023	-2.012870	0.000188	0.002547	-0.006463	-0.876709	-0.095703	0.720459	-0.060189	-0.773001	0.073800	-0.627216
07849		9.599056	-0.078192	-2.020970	0.003956	0.000622	-0.007697	-0.879639	-0.093750	0.725342	-0.060168	-0.772969	0.073861	-0.627250
07850		9.611133	-0.067089	-2.036467	0.004235	-0.001043	-0.006533	-0.865723	-0.096436	0.720459	-0.060110	-0.772956	0.073902	-0.627268
07851		9.598294	-0.073627	-2.045333	0.005828	-0.003324	-0.002457	-0.866943	-0.096680	0.726318	-0.060101	-0.772959	0.074094	-0.627242
07852		9.619162	0.038497	-2.027845	-0.015301	-0.000532	0.001581	-0.877197	-0.099121	0.721436	-0.060273	-0.772928	0.074494	-0.627216
07853		9.597906	-0.144403	-2.028392	-0.015240	0.001477	0.006006	-0.877197	-0.092285	0.725586	-0.060364	-0.772860	0.074875	-0.627246
07854		9.601868	-0.090453	-1.991217	0.003586	-0.000879	0.002776	-0.876709	-0.097656	0.731201	-0.060240	-0.772840	0.075012	-0.627266
07855		9.597161	-0.105313	-2.028841	-0.005361	-0.001842	0.001025	-0.873291	-0.092773	0.715332	-0.060284	-0.772826	0.075285	-0.627246
07856		9.607643	-0.124153	-2.050672	-0.002949	0.004290	0.000483	-0.868164	-0.090332	0.720459	-0.060258	-0.772750	0.075461	-0.627321
07857		9.588677	-0.133776	-2.046033	-0.005190	0.004378	-0.000048	-0.867920	-0.097412	0.731689	-0.060275	-0.772686	0.075674	-0.627373
07858		9.599943	-0.154399	-2.043533	0.009746	0.002287	-0.005134	-0.874512	-0.088867	0.730957	-0.060276	-0.772665	0.075829	-0.627380
07859		9.592963	-0.115750	-2.031111	0.010904	0.002638	-0.006058	-0.881836	-0.095215	0.724365	-0.060159	-0.772643	0.075826	-0.627418
07860		9.586804	-0.081539	-2.027198	0.005295	0.002287	-0.006866	-0.869873	-0.095459	0.722900	-0.060111	-0.772601	0.075871	-0.627469
07861		9.604318	-0.096542	-2.004550	0.002369	0.002809	-0.004597	-0.870850	-0.091553	0.728271	-0.060142	-0.772557	0.076042	-0.627500
07862		9.603856	-0.093446	-2.027475	0.003708	0.004472	-0.003766	-0.874023	-0.090576	0.720703	-0.060122	-0.772511	0.076171	-0.627543
07863		9.597048	-0.092777	-2.037939	-0.005428	0.007006	-0.002925	-0.870117	-0.094971	0.724121	-0.060148	-0.772425	0.076331	-0.627627
07864		9.593293	-0.106155	-2.017376	0.001339	0.007711	-0.003040	-0.871582	-0.093262	0.726562	-0.060181	-0.772343	0.076521	-0.627702
07865		9.605728	-0.095506	-2.031184	-0.005044	0.005957	-0.004808	-0.883789	-0.093262	0.729248	-0.060270	-0.772276	0.076724	-0.627751
07866		9.608230	-0.141804	-2.014229	0.002211	0.006135	-0.002671	-0.878662	-0.097656	0.733154	-0.060214	-0.772205	0.076818	-0.627832
07867		9.608632	-0.105586	-2.021671	0.001759	0.004034	-0.004175	-0.875732	-0.100098	0.722168	-0.060248	-0.772158	0.076996	-0.627864
07868		9.593613	-0.097593	-2.003546	-0.002190	0.004645	-0.004700	-0.875244	-0.091797	0.719482	-0.060345	-0.772090	0.077223	-0.627911
07869		9.596060	-0.108428	-1.996160	-0.004451	-0.000002	-0.001733	-0.877441	-0.100098	0.722412	-0.060355	-0.772056	0.077401	-0.627929
07870		9.611177	-0.150099	-2.004658	-0.000699	-0.000610	-0.003337	-0.883057	-0.093262	0.721680	-0.060415	-0.772028	0.077625	-0.627931
07871		9.618617	-0.116050	-2.033791	-0.001281	0.000441	-0.003583	-0.874512	-0.094482	0.724854	-0.060387	-0.771992	0.077732	-0.627965
07872		9.598522	-0.155284	-2.012904	-0.008857	0.000961	-0.005178	-0.879883	-0.092285	0.722900	-0.060510	-0.771957	0.077964	-0.627967
07873		9.609080	-0.099131	-2.019866	0.002774	0.000448	-0.006106	-0.874512	-0.091553	0.724365	-0.060475	-0.771931	0.078030	-0.627994
07874		9.598586	-0.078939	-1.997869	-0.008288	-0.001230	-0.003891	-0.874023	-0.093994	0.724121	-0.060552	-0.771915	0.078237	-0.627981
07875		9.596335	-0.103968	-2.028517	-0.006660	-0.000091	-0.002936	-0.874756	-0.090088	0.724121	-0.060631	-0.771888	0.078468	-0.627978
07876		9.612863	-0.114230	-1.998048	-0.015164	-0.000102	-0.002149	-0.879639	-0.092041	0.720215	-0.060745	-0.771856	0.078724	-0.627973
07877		9.587987	-0.165697	-1.982360	-0.010410	0.000515	-0.001334	-0.878906	-0.095459	0.724365	-0.060794	-0.771812	0.078933	-0.627996
07878		9.611376	-0.140880	-2.004372	0.005465	0.002466	-0.004067	-0.875732	-0.093506	0.730225	-0.060757	-0.771772	0.079042	-0.628036
07879		9.595798	-0.060091	-2.027828	-0.002519	0.001751	-0.001698	-0.877197	-0.094482	0.725342	-0.060783	-0.771740	0.079245	-0.628046
07880		9.610817	-0.172642	-2.018835	-0.010347	0.000166	-0.002672	-0.885254	-0.091064	0.721924	-0.060888	-0.771708	0.079497	-0.628044
07881		9.606809	-0.150281	-2.008641	0.001585	0.000273	-0.004515	-0.874512	-0.092041	0.723633	-0.060818	-0.771677	0.079545	-0.628083
07882		9.578974	-0.114187	-2.008423	-0.002957	0.000792	-0.004245	-0.874023	-0.094482	0.727539	-0.060853	-0.771649	0.079709	-0.628093
07883		9.620542	-0.110233	-2.017090	-0.009617	0.000599	-0.000003	-0.873047	-0.088867	0.720459	-0.060946	-0.771617	0.080001	-0.628086
07884		9.593919	-0.152832	-1.984737	0.002706	-0.002794	-0.002314	-0.873047	-0.092285	0.732422	-0.060881	-0.771619	0.080111	-0.628077
07885		9.609202	-0.088299	-2.019790	-0.001849	-0.003416	-0.001003	-0.876709	-0.097168	0.721191	-0.060893	-0.771635	0.080322	-0.628029
07886		9.606652	-0.111888	-2.018615	-0.013924	-0.001516	0.003141	-0.873779	-0.097168	0.721924	-0.061009	-0.771599	0.080687	-0.628015
07887		9.612890	-0.144958	-2.022619	-0.020698	-0.003368	0.004287	-0.877930	-0.096436	0.719238	-0.061193	-0.771575	0.081134	-0.627969
07888		9.598218	-0.251596	-2.021585	-0.014051	-0.004314	0.001084	-0.882080	-0.091064	0.726318	-0.061307	-0.771561	0.081462	-0.627933
07889		9.592334	-0.220643	-1.995167	0.013719	-0.002075	-0.002814	-0.877686	-0.094238	0.723633	-0.061127	-0.771565	0.081461	-0.627945
07890		9.607576	-0.117598	-2.006083	-0.001367	-0.001386	-0.007348	-0.879395	-0.095459	0.722656	-0.061177	-0.771553	0.081594	-0.627938
07891		9.590801	-0.175478	-2.019892	-0.005660	-0.002361	-0.005246	-0.877930	-0.089355	0.723145	-0.061253	-0.771540	0.081784	-0.627921
07892		9.605741	-0.178596	-2.005350	0.009655	-0.003121	-0.006436	-0.878662	-0.090820	0.722656	-0.061141	-0.771553	0.081784	-0.627916
07893		9.611269	-0.134892	-2.018166	0.019897	-0.003801	-0.007901	-0.875488	-0.091064	0.718506	-0.060953	-0.771578	0.081704	-0.627915
07894		9.602427	-0.089417	-2.022143	0.008064	-0.000942	-0.003335	-0.878906	-0.101074	0.719971	-0.060862	-0.771562	0.081778	-0.627933
07895		9.606301	-0.217082	-2.006504	0.017340	0.000475	-0.003163	-0.882324	-0.096924	0.718994	-0.060763	-0.771533	0.081877	-0.627965
07896		9.586433	-0.260733	-2.018037	0.045437	-0.001573	-0.005177	-0.885742	-0.094482	0.722412	-0.060356	-0.771543	0.081676	-0.628019
07897		9.612598	-0.142556	-2.003628	0.056620	-0.001726	-0.009048	-0.872803	-0.093750	0.736572	-0.059846	-0.771569	0.081319	-0.628082
07898		9.604698	-0.138047	-2.006721	0.035636	0.002611	-0.009788	-0.877686	-0.088379	0.725098	-0.059613	-0.771577	0.081197	-0.628110
07899		9.600127	-0.184553	-2.002041	0.024047	0.004075	-0.010568	-0.876465	-0.088379	0.720947	-0.059427	-0.771549	0.081070	-0.628179
07900		9.601273	-0.116902	-2.026990	0.030380	0.003824	-0.013240	-0.879150	-0.093506	0.721924	-0.059206	-0.771525	0.080872	-0.628254
07901		9.603623	-0.088901	-1.995845	0.007345	0.002199	-0.008480	-0.875732	-0.093750	0.729736	-0.059209	-0.771487	0.080950	-0.628291
07902		9.604852	-0.129971	-2.027095	-0.005472	0.003660	-0.006989	-0.875244	-0.088135	0.718262	-0.059349	-0.771440	0.081173	-0.628307
07903		9.596244	-0.190022	-2.003520	-0.012460	0.004172	-0.002189	-0.882568	-0.094727	0.723145	-0.059456	-0.771368	0.081419	-0.628352
07904		9.611718	-0.266801	-2.002174	0.008637	0.002907	-0.005937	-0.869873	-0.089600	0.729248	-0.059425	-0.771322	0.081507	-0.628401
07905		9.622043	-0.208216	-1.976277	0.014688	0.004321	-0.009773	-0.871094	-0.088623	0.735596	-0.059380	-0.771296	0.081531	-0.628434
07906		9.610402	-0.218154	-1.992453	0.011324	0.000366	-0.014770	-0.883057	-0.095703	0.722412	-0.059403	-0.771311	0.081538	-0.628413
07907		9.591521	-0.156586	-2.038622	0.004265	0.000171	-0.014776	-0.881348	-0.088867	0.725586	-0.059487	-0.771290	0.081584	-0.628424
07908		9.602587	-0.241927	-1.987291	-0.008527	-0.003198	-0.017631	-0.879395	-0.087646	0.722656	-0.059666	-0.771300	0.081651	-0.628387
07909		9.593916	-0.195077	-2.023836	0.016528	-0.001461	-0.023332	-0.870117	-0.095703	0.723389	-0.059638	-0.771320	0.081450	-0.628391
07910		9.599852	-0.111529	-1.988850	0.000820	0.001464	-0.021285	-0.881348	-0.088379	0.717285	-0.059855	-0.771304	0.081521	-0.628380
07911		9.604359	-0.198353	-1.980836	-0.009629	0.002124	-0.021941	-0.874756	-0.092285	0.720215	-0.060056	-0.771267	0.081513	-0.628408
07912		9.598313	-0.126407	-1.963239	0.004258	-0.006668	-0.023565	-0.878418	-0.093018	0.719238	-0.060190	-0.771316	0.081467	-0.628340
07913		9.612775	-0.125940	-2.005343	-0.007034	-0.003558	-0.019115	-0.876709	-0.095703	0.722656	-0.060387	-0.771324	0.081533	-0.628303
07914		9.598055	-0.154701	-2.044495	0.000911	-0.000199	-0.022259	-0.878174	-0.088867	0.727783	-0.060569	-0.771318	0.081544	-0.628292
07915		9.608754	-0.129803	-1.987144	-0.011072	-0.001304	-0.018681	-0.881836	-0.093506	0.722900	-0.060778	-0.771319	0.081614	-0.628261
07916		9.590145	-0.139898	-2.048273	-0.013931	-0.000005	-0.018794	-0.869629	-0.097656	0.735107	-0.061030	-0.771296	0.081718	-0.628252
07917		9.611275	-0.131182	-1.980513	-0.015347	-0.000013	-0.018665	-0.873779	-0.087402	0.721680	-0.061393	-0.771293	0.081961	-0.628188
07918		9.605920	-0.136231	-2.009787	-0.004554	-0.003806	-0.017136	-0.870117	-0.089600	0.721191	-0.061502	-0.771316	0.081971	-0.628149
07919		9.608736	-0.077393	-2.029372	-0.016633	0.000329	-0.015064	-0.876465	-0.090332	0.723633	-0.061744	-0.771295	0.082127	-0.628130
07920		9.582836	-0.118973	-2.028932	-0.034945	-0.000566	-0.008820	-0.878418	-0.096680	0.725098	-0.062098	-0.771258	0.082467	-0.628095
07921		9.608195	-0.133051	-1.971207	-0.031038	0.001471	-0.009055	-0.878906	-0.089600	0.725830	-0.062462	-0.771205	0.082824	-0.628078
07922		9.601171	-0.130049	-1.982908	-0.014624	0.000347	-0.008805	-0.878174	-0.093994	0.717285	-0.062599	-0.771179	0.082979	-0.628075
07923		9.594982	-0.132533	-2.003337	-0.002433	-0.000976	-0.008824	-0.874268	-0.101074	0.724365	-0.062642	-0.771161	0.083065	-0.628082
07924		9.598029	-0.111601	-2.013911	-0.011372	-0.000949	-0.004428	-0.875244	-0.087891	0.724121	-0.062819	-0.771137	0.083365	-0.628054
07925		9.596978	-0.173909	-2.012301	-0.017872	-0.002043	-0.003522	-0.876221	-0.103516	0.724609	-0.062934	-0.771125	0.083587	-0.628028
07926		9.598249	-0.143529	-2.005805	-0.007665	0.001092	-0.006789	-0.876221	-0.093506	0.725586	-0.063105	-0.771088	0.083844	-0.628022
07927		9.608476	-0.122335	-2.004101	-0.015087	0.000602	-0.004538	-0.872559	-0.094971	0.725586	-0.063247	-0.771056	0.084084	-0.628015
07928		9.586384	-0.149994	-1.990148	-0.001840	0.000166	-0.003467	-0.880127	-0.093750	0.722656	-0.063274	-0.771038	0.084257	-0.628011
07929		9.602353	-0.124598	-2.024236	-0.005424	0.001020	-0.006256	-0.881104	-0.095703	0.722656	-0.063322	-0.771005	0.084384	-0.628029
07930		9.608285	-0.150959	-2.018764	-0.016528	0.001904	-0.004783	-0.871094	-0.097412	0.723633	-0.063480	-0.770952	0.084627	-0.628045
07931		9.608942	-0.219947	-2.001570	-0.004710	-0.001862	-0.007649	-0.875977	-0.095947	0.725098	-0.063584	-0.770951	0.084805	-0.628013
07932		9.600261	-0.175387	-1.982066	0.009649	-0.005083	-0.010901	-0.873535	-0.098145	0.728516	-0.063546	-0.770988	0.084812	-0.627970
07933		9.591382	-0.097475	-2.003858	0.013741	-0.005225	-0.014104	-0.878418	-0.099121	0.719238	-0.063523	-0.771038	0.084790	-0.627914
07934		9.613634	-0.032843	-2.003458	-0.007284	-0.002237	-0.006591	-0.878906	-0.097656	0.715088	-0.063630	-0.771022	0.084980	-0.627897
07935		9.596123	-0.116987	-1.991498	-0.020534	-0.000766	-0.001504	-0.879639	-0.099121	0.721924	-0.063807	-0.770974	0.085296	-0.627895
07936		9.613865	-0.134458	-2.002202	-0.012369	-0.002284	0.000340	-0.877441	-0.097412	0.722412	-0.063906	-0.770951	0.085589	-0.627874
07937		9.593186	-0.170144	-1.973939	-0.010898	-0.004901	0.000954	-0.870605	-0.096436	0.726074	-0.063975	-0.770952	0.085870	-0.627827
07938		9.606989	-0.136380	-1.992469	-0.004640	-0.005904	0.000672	-0.876709	-0.098877	0.721191	-0.063998	-0.770977	0.086118	-0.627760
07939		9.585703	-0.104052	-2.014208	-0.007279	-0.005928	0.003071	-0.885010	-0.093506	0.718750	-0.064027	-0.770984	0.086405	-0.627709
07940		9.598044	-0.165476	-2.013897	-0.011792	-0.005611	0.002672	-0.873047	-0.095947	0.722412	-0.064036	-0.770979	0.086641	-0.627681
07941		9.615701	-0.148222	-1.978071	-0.012614	-0.005529	0.002004	-0.880371	-0.099609	0.717529	-0.064111	-0.770987	0.086945	-0.627622
07942		9.591395	-0.203544	-1.996169	-0.005267	-0.005824	0.002138	-0.879883	-0.093018	0.724121	-0.064123	-0.770987	0.087199	-0.627586
07943		9.598054	-0.169976	-2.026624	-0.001968	-0.006053	-0.002401	-0.875732	-0.098877	0.720215	-0.064092	-0.771010	0.087331	-0.627542
07944		9.604812	-0.168955	-2.016549	-0.003560	-0.008516	-0.002990	-0.879883	-0.094971	0.724365	-0.064133	-0.771045	0.087537	-0.627466
07945		9.616537	-0.191464	-1.992995	0.002048	-0.006984	-0.003219	-0.869629	-0.095947	0.734375	-0.064084	-0.771078	0.087649	-0.627415
07946		9.602581	-0.193194	-1.995040	0.012578	-0.011446	-0.008648	-0.875488	-0.095459	0.727051	-0.064004	-0.771182	0.087673	-0.627292
07947		9.597233	-0.170719	-2.043530	0.007968	-0.010610	-0.007033	-0.877441	-0.094482	0.720215	-0.063941	-0.771259	0.087725	-0.627197
07948		9.601639	-0.190442	-1.999833	0.013615	-0.008110	-0.008981	-0.874023	-0.100342	0.717041	-0.063828	-0.771311	0.087695	-0.627148
07949		9.607765	-0.188681	-2.046268	0.014036	-0.010469	-0.010502	-0.872559	-0.093018	0.726074	-0.063774	-0.771378	0.087712	-0.627069
07950		9.600842	-0.189329	-2.036970	0.020688	-0.012515	-0.012686	-0.878418	-0.101318	0.733887	-0.063618	-0.771487	0.087598	-0.626967
07951		9.587567	-0.126057	-2.041488	0.012126	-0.011098	-0.011589	-0.873291	-0.096191	0.722168	-0.063594	-0.771575	0.087627	-0.626856
07952		9.603859	-0.135378	-2.013544	0.004022	-0.010031	-0.007558	-0.876465	-0.087158	0.721436	-0.063585	-0.771637	0.087717	-0.626769
07953		9.600966	-0.190624	-2.029343	0.005505	-0.010368	-0.009036	-0.880127	-0.090088	0.729492	-0.063497	-0.771705	0.087691	-0.626697
07954		9.596213	-0.167828	-2.021490	0.017902	-0.009387	-0.009029	-0.883301	-0.103027	0.725830	-0.063310	-0.771781	0.087591	-0.626637
07955		9.588556	-0.166624	-2.035843	0.012951	-0.012320	-0.009889	-0.880615	-0.095215	0.716309	-0.063270	-0.771859	0.087635	-0.626539
07956		9.588080	-0.167270	-2.070966	0.004714	-0.011604	-0.009331	-0.864014	-0.098877	0.726074	-0.063254	-0.771918	0.087686	-0.626461
07957		9.597318	-0.242881	-2.029269	0.016712	-0.011760	-0.012561	-0.875244	-0.092529	0.720947	-0.063197	-0.772018	0.087676	-0.626345
07958		9.587779	-0.165203	-2.052593	0.024132	-0.011256	-0.014840	-0.877686	-0.092285	0.727783	-0.063023	-0.772108	0.087507	-0.626275
07959		9.600196	-0.124532	-2.064390	0.010548	-0.013570	-0.012192	-0.876709	-0.090332	0.722412	-0.062953	-0.772209	0.087467	-0.626162
07960		9.600287	-0.223917	-2.032819	0.013322	-0.012056	-0.012170	-0.874512	-0.098633	0.730713	-0.062847	-0.772295	0.087391	-0.626078
07961		9.591946	-0.183995	-2.024033	0.030465	-0.013738	-0.015462	-0.874268	-0.094238	0.736328	-0.062662	-0.772418	0.087226	-0.625967
07962		9.578174	-0.156201	-2.076446	0.018598	-0.013151	-0.015956	-0.871826	-0.102783	0.730469	-0.062563	-0.772539	0.087110	-0.625845
07963		9.589119	-0.174138	-2.077550	0.010855	-0.010686	-0.015217	-0.872070	-0.095459	0.726807	-0.062606	-0.772620	0.087142	-0.625736
07964		9.591736	-0.215626	-2.032422	0.017778	-0.013073	-0.016630	-0.872803	-0.092285	0.716797	-0.062537	-0.772726	0.087045	-0.625625
07965		9.574209	-0.201534	-2.065840	0.034598	-0.012911	-0.020441	-0.868652	-0.091309	0.721436	-0.062313	-0.772835	0.086751	-0.625553
07966		9.603769	-0.142767	-2.096808	0.019531	-0.011488	-0.019424	-0.868408	-0.095215	0.729492	-0.062228	-0.772931	0.086584	-0.625467
07967		9.578671	-0.187131	-2.074626	0.016368	-0.009683	-0.019647	-0.873291	-0.094238	0.722900	-0.062204	-0.773018	0.086472	-0.625377
