// Start Time: Unknown
// Update Rate: 40.0Hz
// Filter Profile: human (46.1)
// Firmware Version: 4.6.0
PacketCounter	SampleTimeFine	Acc_X	Acc_Y	Acc_Z	Gyr_X	Gyr_Y	Gyr_Z	Mag_X	Mag_Y	Mag_Z	Quat_q0	Quat_q1	Quat_q2	Quat_q3
07338		4.776821	1.645251	8.353540	0.002634	-0.002447	-0.001145	-0.544678	0.469238	-0.719238	0.590332	-0.147088	-0.224760	-0.761154
07339		4.755789	1.646353	8.348739	0.002593	-0.000743	0.000912	-0.544434	0.464844	-0.711182	0.590344	-0.147078	-0.224788	-0.761139
07340		4.768961	1.642595	8.350133	0.004541	-0.001908	-0.002110	-0.546387	0.465576	-0.716064	0.590282	-0.147104	-0.224888	-0.761152
07341		4.767291	1.641454	8.359010	0.003884	-0.002112	-0.001582	-0.540527	0.464600	-0.721191	0.590239	-0.147122	-0.224969	-0.761159
07342		4.769925	1.631669	8.366892	0.004630	-0.000058	-0.001292	-0.540039	0.463135	-0.718506	0.590268	-0.147050	-0.224986	-0.761145
07343		4.761243	1.641771	8.346286	0.002976	-0.002826	-0.003039	-0.542725	0.468262	-0.712891	0.590258	-0.147023	-0.225019	-0.761148
07344		4.765891	1.642339	8.367337	0.004565	-0.000131	-0.000673	-0.541016	0.467285	-0.731445	0.590248	-0.147001	-0.225070	-0.761145
07345		4.773102	1.623868	8.374083	0.003437	-0.002840	-0.001709	-0.542969	0.473389	-0.709961	0.590301	-0.146921	-0.225060	-0.761122
07346		4.770964	1.635570	8.365538	0.002474	-0.001107	-0.002312	-0.544922	0.470459	-0.703613	0.590265	-0.146930	-0.225099	-0.761137
07347		4.760307	1.643340	8.354215	0.005002	-0.001922	-0.000781	-0.543457	0.475830	-0.723389	0.590208	-0.146962	-0.225194	-0.761147
07348		4.767140	1.638137	8.343400	0.004541	-0.001908	-0.002111	-0.547119	0.477295	-0.707031	0.590230	-0.146925	-0.225200	-0.761135
07349		4.769402	1.649529	8.356215	0.003081	-0.001718	-0.001018	-0.535889	0.469238	-0.721924	0.590185	-0.146978	-0.225247	-0.761146
07350		4.763297	1.648501	8.343788	0.003607	-0.001660	-0.000308	-0.547119	0.463623	-0.718018	0.590241	-0.146859	-0.225254	-0.761123
07351		4.768155	1.640893	8.342278	0.004160	-0.002564	-0.002857	-0.537109	0.457031	-0.717285	0.590176	-0.146816	-0.225350	-0.761153
07352		4.774912	1.643627	8.353997	0.002870	-0.001194	-0.000363	-0.541992	0.466553	-0.716309	0.590176	-0.146698	-0.225413	-0.761157
07353		4.762764	1.627457	8.347068	0.001159	-0.001515	-0.001255	-0.544678	0.473389	-0.710205	0.590167	-0.146689	-0.225418	-0.761165
07354		4.758429	1.636650	8.347966	0.002854	-0.000451	-0.001567	-0.540283	0.468262	-0.722656	0.590146	-0.146736	-0.225411	-0.761174
07355		4.767095	1.641469	8.350477	0.002700	-0.002374	-0.001764	-0.544678	0.479004	-0.708984	0.590175	-0.146689	-0.225405	-0.761163
07356		4.760937	1.648485	8.360551	0.001751	-0.001384	-0.001164	-0.537598	0.467529	-0.718262	0.590170	-0.146789	-0.225364	-0.761159
07357		4.757172	1.636268	8.356470	0.001014	-0.000918	-0.001220	-0.533936	0.465576	-0.713867	0.590196	-0.146729	-0.225338	-0.761158
07358		4.772208	1.634309	8.348739	0.000026	-0.000963	-0.003260	-0.544922	0.467529	-0.716064	0.590197	-0.146664	-0.225316	-0.761177
07359		4.767816	1.643346	8.349697	0.001606	-0.000787	-0.001129	-0.543457	0.474854	-0.717529	0.590173	-0.146666	-0.225320	-0.761194
07360		4.751516	1.622723	8.361443	0.002197	-0.000655	-0.001038	-0.542236	0.472900	-0.721924	0.590201	-0.146689	-0.225274	-0.761181
07361		4.759728	1.648543	8.368941	0.001451	-0.002709	-0.001326	-0.537842	0.467773	-0.714600	0.590237	-0.146690	-0.225233	-0.761165
07362		4.768994	1.631842	8.366482	0.001671	-0.000714	-0.001748	-0.539062	0.479248	-0.712402	0.590242	-0.146650	-0.225218	-0.761173
07363		4.771244	1.634506	8.356963	0.000714	-0.002244	-0.001381	-0.538330	0.473145	-0.712158	0.590291	-0.146730	-0.225135	-0.761145
07364		4.773669	1.637060	8.347364	0.001240	-0.002185	-0.000671	-0.546875	0.476562	-0.709961	0.590316	-0.146764	-0.225098	-0.761130
07365		4.761586	1.628951	8.362881	0.002213	-0.001397	0.000165	-0.541504	0.464844	-0.721191	0.590307	-0.146882	-0.225080	-0.761119
07366		4.750869	1.636410	8.351644	0.003065	-0.000976	-0.002222	-0.548096	0.463379	-0.712646	0.590296	-0.146784	-0.225107	-0.761139
07367		4.781407	1.619648	8.353636	0.004791	-0.001396	-0.000128	-0.547607	0.469727	-0.711914	0.590209	-0.146783	-0.225212	-0.761175
07368		4.770751	1.635697	8.364728	0.004475	-0.001979	-0.001493	-0.538330	0.476318	-0.720215	0.590144	-0.146839	-0.225265	-0.761199
07369		4.764816	1.635357	8.352069	0.007029	-0.003756	-0.003222	-0.546387	0.473145	-0.718018	0.590215	-0.146805	-0.225240	-0.761158
07370		4.776130	1.630039	8.362552	0.004710	-0.000726	-0.000712	-0.537842	0.476074	-0.714111	0.590222	-0.146818	-0.225242	-0.761149
07371		4.744660	1.625515	8.364155	0.005950	-0.002910	-0.001383	-0.547607	0.465820	-0.718994	0.590286	-0.146834	-0.225206	-0.761108
07372		4.772475	1.641505	8.362606	0.007790	-0.002443	-0.001732	-0.541748	0.467773	-0.720703	0.590233	-0.146779	-0.225325	-0.761124
07373		4.764402	1.639328	8.359249	0.008236	-0.001714	-0.001606	-0.541748	0.467041	-0.722168	0.590257	-0.146669	-0.225386	-0.761109
07374		4.760697	1.636809	8.377304	0.008236	-0.001714	-0.001606	-0.539795	0.468018	-0.710938	0.590285	-0.146541	-0.225452	-0.761092
07375		4.763171	1.632471	8.344971	0.006477	-0.002850	-0.000673	-0.537354	0.478027	-0.718506	0.590277	-0.146546	-0.225498	-0.761084
07376		4.769500	1.657163	8.361438	0.006590	-0.001965	-0.003117	-0.540283	0.468506	-0.722412	0.590390	-0.146526	-0.225419	-0.761023
07377		4.755452	1.639774	8.363606	0.004750	-0.002432	-0.002768	-0.539307	0.468750	-0.713379	0.590424	-0.146422	-0.225437	-0.761011
07378		4.764426	1.645212	8.365805	0.006096	-0.003507	-0.001419	-0.543701	0.465576	-0.719971	0.590431	-0.146416	-0.225474	-0.760996
07379		4.758506	1.644954	8.353120	0.005682	-0.002682	-0.004572	-0.545654	0.464600	-0.713379	0.590378	-0.146331	-0.225562	-0.761027
07380		4.765343	1.648490	8.364638	0.005617	-0.002754	-0.003953	-0.538086	0.465332	-0.713623	0.590262	-0.146336	-0.225677	-0.761083
07381		4.768209	1.639333	8.372325	0.006525	-0.002036	-0.002498	-0.536133	0.469727	-0.716309	0.590261	-0.146268	-0.225725	-0.761082
07382		4.768062	1.653842	8.354301	0.004750	-0.002432	-0.002769	-0.543457	0.464111	-0.718018	0.590335	-0.146210	-0.225691	-0.761046
07383		4.755895	1.638401	8.347307	0.004839	-0.000581	-0.001954	-0.545654	0.468506	-0.717773	0.590294	-0.146129	-0.225764	-0.761072
07384		4.779463	1.649331	8.364591	0.002108	-0.002506	-0.001854	-0.544434	0.467529	-0.715820	0.590255	-0.146159	-0.225790	-0.761089
07385		4.767371	1.633332	8.357668	0.002472	-0.001109	-0.002314	-0.541260	0.466797	-0.717773	0.590210	-0.146176	-0.225812	-0.761114
07386		4.765070	1.645396	8.349079	0.006063	-0.002025	-0.003829	-0.547363	0.466064	-0.714844	0.590205	-0.146106	-0.225858	-0.761117
07387		4.760820	1.663491	8.372198	0.002553	-0.001777	-0.001729	-0.547363	0.472656	-0.713867	0.590107	-0.146162	-0.225922	-0.761163
07388		4.778553	1.642926	8.350049	0.003210	-0.001574	-0.002259	-0.536377	0.464355	-0.710938	0.590056	-0.146294	-0.225910	-0.761182
07389		4.763845	1.646099	8.357374	0.002934	-0.001120	-0.000985	-0.543457	0.469238	-0.718750	0.590079	-0.146261	-0.225896	-0.761174
07390		4.768484	1.638153	8.356090	0.002197	-0.000655	-0.001040	-0.545654	0.469482	-0.711914	0.590102	-0.146248	-0.225875	-0.761165
07391		4.764543	1.634249	8.374581	0.000932	-0.000250	-0.001804	-0.540039	0.469971	-0.712402	0.590037	-0.146364	-0.225853	-0.761199
07392		4.768634	1.639037	8.355831	0.000632	-0.001577	-0.001964	-0.542969	0.474365	-0.715332	0.590053	-0.146432	-0.225780	-0.761196
07393		4.766793	1.637273	8.364966	0.000615	-0.000836	-0.003169	-0.538086	0.464844	-0.711426	0.590076	-0.146527	-0.225675	-0.761191
07394		4.749317	1.650564	8.364342	-0.001792	0.000343	-0.001474	-0.544189	0.466553	-0.714844	0.590074	-0.146524	-0.225617	-0.761210
07395		4.756371	1.631300	8.371447	0.001224	-0.001444	-0.001874	-0.543945	0.471924	-0.709961	0.590023	-0.146549	-0.225638	-0.761239
07396		4.747694	1.640799	8.350875	0.002489	-0.001848	-0.001110	-0.538818	0.474854	-0.708496	0.589991	-0.146706	-0.225592	-0.761246
07397		4.763101	1.639407	8.342800	0.005821	-0.003050	-0.000145	-0.544678	0.470215	-0.710938	0.590057	-0.146849	-0.225494	-0.761196
07398		4.764156	1.627712	8.359782	0.005804	-0.002310	-0.001350	-0.536621	0.468262	-0.714355	0.590013	-0.146949	-0.225520	-0.761204
07399		4.768511	1.641813	8.363097	0.006396	-0.002177	-0.001261	-0.542969	0.468018	-0.710693	0.590096	-0.146876	-0.225498	-0.761160
07400		4.767004	1.632667	8.349445	0.005148	-0.002513	-0.000821	-0.548828	0.468994	-0.718018	0.590059	-0.146943	-0.225531	-0.761166
07401		4.767587	1.642376	8.371258	0.006899	-0.003897	-0.001985	-0.537598	0.464355	-0.722656	0.589994	-0.146969	-0.225640	-0.761179
07402		4.748771	1.646325	8.356922	0.003818	-0.002181	-0.000965	-0.547607	0.473145	-0.717773	0.590096	-0.146753	-0.225657	-0.761136
07403		4.776672	1.661926	8.355301	0.006242	-0.004100	-0.001455	-0.534424	0.471924	-0.711914	0.590085	-0.146833	-0.225687	-0.761121
07404		4.756539	1.642412	8.345324	0.003712	-0.003293	-0.002984	-0.534912	0.468262	-0.713867	0.590189	-0.146850	-0.225572	-0.761071
07405		4.761477	1.643157	8.366224	0.003355	-0.002170	-0.002295	-0.546631	0.460449	-0.715088	0.590277	-0.146791	-0.225505	-0.761034
07406		4.759348	1.646785	8.335112	0.004222	-0.002493	-0.003480	-0.549316	0.460693	-0.713379	0.590128	-0.146743	-0.225675	-0.761109
07407		4.768385	1.651971	8.337301	0.004193	-0.004042	-0.000450	-0.542236	0.467773	-0.715820	0.589960	-0.146779	-0.225866	-0.761175
07408		4.751937	1.653081	8.353788	0.003127	-0.000906	-0.002846	-0.545410	0.474121	-0.720215	0.589965	-0.146755	-0.225858	-0.761178
07409		4.772092	1.630116	8.362362	0.004199	-0.001522	-0.000222	-0.548828	0.463867	-0.709229	0.590032	-0.146779	-0.225808	-0.761136
07410		4.765442	1.650504	8.354767	0.003566	-0.002696	-0.002950	-0.549805	0.473145	-0.709717	0.589856	-0.146894	-0.225930	-0.761215
07411		4.766303	1.630399	8.349495	0.004456	-0.001237	-0.002702	-0.538818	0.464600	-0.716797	0.589754	-0.147098	-0.225928	-0.761254
07412		4.776858	1.646169	8.365037	0.003865	-0.001370	-0.002792	-0.531006	0.470459	-0.710449	0.589799	-0.146975	-0.225938	-0.761241
07413		4.762246	1.641208	8.349869	0.003291	-0.002241	-0.001675	-0.541748	0.469238	-0.716309	0.589958	-0.146954	-0.225785	-0.761167
07414		4.771170	1.638038	8.329709	0.004304	-0.003161	-0.002895	-0.540527	0.472900	-0.712646	0.589981	-0.146942	-0.225782	-0.761152
07415		4.763132	1.643333	8.348946	0.003672	-0.001583	-0.000932	-0.540039	0.468506	-0.708740	0.590047	-0.147011	-0.225694	-0.761114
07416		4.780884	1.639529	8.371620	0.004474	-0.001976	-0.001497	-0.542725	0.469727	-0.718018	0.590049	-0.147078	-0.225672	-0.761106
07417		4.763703	1.645510	8.348192	0.004456	-0.001237	-0.002703	-0.535645	0.462891	-0.717041	0.590081	-0.147034	-0.225663	-0.761092
07418		4.757463	1.644749	8.335783	0.002892	-0.002161	-0.003625	-0.544922	0.467041	-0.714355	0.590131	-0.146874	-0.225670	-0.761082
07419		4.773375	1.638889	8.367673	0.004767	-0.003169	-0.001566	-0.541748	0.472900	-0.714844	0.590091	-0.146904	-0.225729	-0.761090
07420		4.767335	1.638058	8.355166	0.003736	-0.001511	-0.001552	-0.546875	0.470703	-0.715820	0.590151	-0.146949	-0.225661	-0.761055
07421		4.757180	1.632762	8.361406	0.003736	-0.001511	-0.001552	-0.545654	0.458008	-0.721924	0.590130	-0.147006	-0.225671	-0.761057
07422		4.756908	1.646739	8.343466	0.003946	-0.002037	-0.002207	-0.541504	0.458252	-0.713379	0.590055	-0.146824	-0.225840	-0.761101
07423		4.768187	1.641019	8.354099	0.003144	-0.001644	-0.001641	-0.542480	0.462891	-0.715332	0.589987	-0.146737	-0.225943	-0.761140
07424		4.764006	1.650692	8.354755	0.004221	-0.002493	-0.003481	-0.544434	0.465088	-0.710938	0.589942	-0.146680	-0.226015	-0.761164
07425		4.760404	1.639080	8.350566	0.003144	-0.001644	-0.001642	-0.538818	0.480225	-0.717285	0.589876	-0.146737	-0.226049	-0.761194
07426		4.773102	1.656942	8.356687	0.004748	-0.002431	-0.002772	-0.539551	0.469727	-0.713379	0.590044	-0.146799	-0.225878	-0.761103
07427		4.779922	1.651765	8.345876	0.004010	-0.001967	-0.002827	-0.541504	0.463867	-0.715332	0.590087	-0.146811	-0.225833	-0.761080
07428		4.776446	1.648545	8.364024	0.004175	-0.003301	-0.001655	-0.547607	0.469727	-0.714600	0.590076	-0.146768	-0.225888	-0.761081
07429		4.759463	1.654437	8.340485	0.004538	-0.001904	-0.002118	-0.538330	0.470215	-0.718506	0.590031	-0.146839	-0.225918	-0.761093
07430		4.766731	1.644487	8.369781	0.003589	-0.000914	-0.001519	-0.535645	0.472900	-0.718994	0.590142	-0.146769	-0.225848	-0.761041
07431		4.757877	1.654310	8.349181	0.003272	-0.001503	-0.002882	-0.544678	0.468750	-0.721436	0.590292	-0.146702	-0.225730	-0.760973
07432		4.761297	1.631336	8.374723	0.001306	-0.002113	-0.001288	-0.543457	0.467041	-0.712646	0.590317	-0.146671	-0.225726	-0.760961
07433		4.765647	1.636664	8.355655	0.005550	-0.002824	-0.003339	-0.542236	0.467773	-0.708496	0.590275	-0.146700	-0.225773	-0.760974
07434		4.754807	1.652944	8.366739	0.003360	0.000350	-0.002071	-0.538086	0.470459	-0.717773	0.590246	-0.146771	-0.225750	-0.760989
07435		4.759390	1.645192	8.365484	0.002553	-0.001777	-0.001731	-0.546143	0.470947	-0.707031	0.590341	-0.146731	-0.225677	-0.760945
07436		4.757222	1.648523	8.334403	0.004093	-0.002634	-0.002242	-0.539795	0.479492	-0.716064	0.590276	-0.146906	-0.225683	-0.760960
07437		4.753609	1.653687	8.375048	0.003863	-0.001370	-0.002794	-0.547363	0.467041	-0.714111	0.590404	-0.146970	-0.225537	-0.760891
07438		4.756249	1.635797	8.360618	0.004899	-0.000507	-0.002583	-0.541992	0.467041	-0.719727	0.590341	-0.146989	-0.225598	-0.760919
07439		4.766075	1.664566	8.358590	0.003716	-0.000773	-0.002760	-0.543701	0.473633	-0.718262	0.590361	-0.146901	-0.225606	-0.760918
07440		4.764824	1.642101	8.362832	0.004053	-0.000921	-0.000191	-0.541016	0.471191	-0.714600	0.590433	-0.146917	-0.225555	-0.760874
07441		4.768974	1.655658	8.366300	0.003144	-0.001643	-0.001642	-0.540527	0.469727	-0.715820	0.590475	-0.146942	-0.225508	-0.760851
07442		4.760708	1.644094	8.340894	0.002597	-0.000969	-0.003558	-0.544434	0.468750	-0.711182	0.590497	-0.146926	-0.225468	-0.760848
07443		4.763531	1.634176	8.348854	0.003163	-0.002380	-0.000436	-0.543213	0.468262	-0.716064	0.590476	-0.147009	-0.225479	-0.760846
07444		4.774304	1.641001	8.341930	0.001687	-0.001453	-0.000545	-0.542969	0.463135	-0.713135	0.590486	-0.147016	-0.225466	-0.760840
07445		4.761591	1.646069	8.340001	0.002934	-0.001117	-0.000988	-0.544922	0.470215	-0.722656	0.590443	-0.146999	-0.225514	-0.760863
07446		4.760487	1.640273	8.389003	0.003418	-0.002100	-0.002917	-0.544434	0.468506	-0.715332	0.590463	-0.146945	-0.225524	-0.760855
07447		4.762824	1.634982	8.356880	0.003227	-0.002310	-0.001056	-0.550781	0.475342	-0.722900	0.590456	-0.146971	-0.225538	-0.760851
07448		4.765833	1.625191	8.364717	0.004093	-0.002633	-0.002242	-0.540039	0.465332	-0.714111	0.590466	-0.147008	-0.225551	-0.760832
07449		4.759051	1.637108	8.334716	0.002469	-0.001110	-0.002318	-0.535645	0.474121	-0.714355	0.590461	-0.146976	-0.225548	-0.760843
07450		4.759354	1.646234	8.356802	0.002636	-0.002443	-0.001144	-0.547363	0.468506	-0.718018	0.590571	-0.146999	-0.225433	-0.760787
07451		4.764233	1.638396	8.355408	0.002616	-0.001706	-0.002351	-0.543701	0.468506	-0.719238	0.590537	-0.147009	-0.225466	-0.760802
07452		4.785867	1.638895	8.359490	0.003207	-0.001573	-0.002263	-0.544434	0.469971	-0.724609	0.590544	-0.146972	-0.225475	-0.760801
07453		4.760317	1.648917	8.355725	0.004621	-0.002570	-0.001534	-0.547607	0.464355	-0.720947	0.590584	-0.146895	-0.225497	-0.760778
07454		4.760765	1.649878	8.355279	0.002699	-0.002373	-0.001765	-0.547363	0.470215	-0.712158	0.590535	-0.146850	-0.225575	-0.760802
07455		4.750703	1.644544	8.361519	0.004327	-0.001376	-0.001467	-0.540527	0.466309	-0.715332	0.590506	-0.146928	-0.225596	-0.760803
07456		4.772409	1.636841	8.343117	0.003037	-0.002760	-0.003660	-0.538330	0.471924	-0.712158	0.590492	-0.146906	-0.225606	-0.760815
07457		4.758001	1.640058	8.350305	0.002255	-0.003103	-0.001887	-0.538086	0.468994	-0.714600	0.590539	-0.146963	-0.225538	-0.760788
07458		4.766842	1.644915	8.352639	0.002088	-0.001770	-0.003060	-0.541260	0.477539	-0.717529	0.590568	-0.146952	-0.225490	-0.760782
07459		4.758759	1.641766	8.349538	0.004093	-0.002633	-0.002243	-0.542725	0.471191	-0.717041	0.590652	-0.146995	-0.225413	-0.760731
07460		4.774060	1.640537	8.341446	0.003946	-0.002036	-0.002209	-0.541016	0.463379	-0.710938	0.590676	-0.146997	-0.225401	-0.760716
07461		4.765879	1.646002	8.360763	0.004453	-0.001236	-0.002708	-0.543945	0.458252	-0.708984	0.590632	-0.146979	-0.225443	-0.760741
07462		4.768122	1.649325	8.351038	0.003564	-0.002696	-0.002952	-0.545166	0.471191	-0.711182	0.590512	-0.146983	-0.225552	-0.760801
07463		4.766658	1.639800	8.337483	0.004494	-0.002708	-0.000294	-0.546631	0.472656	-0.709961	0.590512	-0.147072	-0.225557	-0.760782
07464		4.765092	1.638665	8.346392	0.003798	-0.001439	-0.002176	-0.543457	0.466309	-0.710938	0.590489	-0.147180	-0.225546	-0.760783
07465		4.776428	1.633116	8.356995	0.003564	-0.002696	-0.002952	-0.537354	0.467773	-0.715088	0.590443	-0.147217	-0.225578	-0.760802
07466		4.768449	1.629893	8.353856	0.002636	-0.002443	-0.001145	-0.537598	0.469971	-0.716797	0.590491	-0.147190	-0.225543	-0.760780
07467		4.759651	1.648043	8.355586	0.004834	-0.000575	-0.001967	-0.542480	0.468018	-0.711670	0.590558	-0.147128	-0.225501	-0.760752
07468		4.757895	1.638599	8.342185	0.003882	-0.002105	-0.001589	-0.543457	0.468506	-0.714844	0.590549	-0.147161	-0.225509	-0.760750
07469		4.764614	1.641582	8.353886	0.003651	-0.000842	-0.002143	-0.535400	0.468018	-0.705566	0.590546	-0.147158	-0.225511	-0.760753
07470		4.762264	1.653324	8.345258	0.003882	-0.002105	-0.001589	-0.538330	0.463379	-0.713623	0.590570	-0.147205	-0.225468	-0.760738
07471		4.771485	1.637131	8.342908	0.003504	-0.000246	-0.002110	-0.539062	0.462891	-0.708496	0.590573	-0.147138	-0.225474	-0.760747
07472		4.758616	1.651026	8.363384	0.002742	-0.001568	-0.003593	-0.536133	0.474854	-0.717041	0.590525	-0.147139	-0.225490	-0.760779
07473		4.765952	1.624223	8.347946	0.004200	-0.001514	-0.000227	-0.536133	0.464355	-0.713379	0.590652	-0.147122	-0.225400	-0.760710
07474		4.765581	1.646492	8.352368	0.003270	-0.001503	-0.002885	-0.537109	0.476562	-0.714111	0.590666	-0.147064	-0.225394	-0.760713
07475		4.770475	1.638887	8.350939	0.003966	-0.002771	-0.001002	-0.543945	0.465820	-0.716797	0.590771	-0.147107	-0.225307	-0.760648
07476		4.766333	1.648422	8.351558	0.003207	-0.001573	-0.002265	-0.538818	0.472656	-0.713623	0.590745	-0.147081	-0.225340	-0.760664
07477		4.773734	1.630117	8.358475	0.003945	-0.002035	-0.002210	-0.541016	0.474854	-0.715820	0.590796	-0.147101	-0.225295	-0.760634
07478		4.760941	1.635795	8.356470	0.004897	-0.000505	-0.002589	-0.540283	0.472656	-0.722412	0.590854	-0.147106	-0.225247	-0.760602
07479		4.771562	1.643384	8.349434	0.004366	-0.003090	-0.003518	-0.541992	0.467285	-0.715820	0.590908	-0.147054	-0.225233	-0.760574
07480		4.757017	1.646908	8.356653	0.003798	-0.001439	-0.002177	-0.544189	0.468262	-0.712402	0.590904	-0.147032	-0.225247	-0.760577
07481		4.763601	1.641803	8.345969	0.005761	-0.000828	-0.003776	-0.543457	0.461426	-0.712646	0.590867	-0.147037	-0.225282	-0.760594
07482		4.770339	1.645198	8.357579	0.004621	-0.002567	-0.001536	-0.537354	0.471924	-0.722656	0.590806	-0.147021	-0.225362	-0.760621
07483		4.768830	1.635802	8.344041	0.004684	-0.002497	-0.002156	-0.539062	0.466064	-0.718750	0.590896	-0.146944	-0.225332	-0.760575
07484		4.764714	1.645752	8.344555	0.006395	-0.002164	-0.001273	-0.538818	0.468750	-0.713135	0.590930	-0.146863	-0.225366	-0.760554
07485		4.777943	1.651224	8.368175	0.005106	-0.001032	-0.003244	-0.541260	0.466553	-0.719482	0.590946	-0.146845	-0.225359	-0.760548
07486		4.761852	1.622965	8.357734	0.004389	-0.001304	-0.002090	-0.536377	0.472412	-0.718750	0.590959	-0.146781	-0.225379	-0.760544
07487		4.761312	1.645307	8.362201	0.003440	-0.000315	-0.001491	-0.534180	0.465576	-0.707031	0.591055	-0.146734	-0.225311	-0.760499
07488		4.769740	1.641887	8.342326	0.002065	-0.001037	-0.004269	-0.542480	0.469238	-0.714844	0.591045	-0.146746	-0.225271	-0.760516
07489		4.761563	1.647152	8.361695	0.003819	-0.002173	-0.000970	-0.536133	0.459473	-0.714844	0.591056	-0.146766	-0.225277	-0.760502
07490		4.751349	1.633126	8.345731	0.000990	-0.000186	-0.002428	-0.544189	0.468994	-0.712158	0.591035	-0.146685	-0.225277	-0.760534
07491		4.770311	1.643908	8.341601	0.000187	-0.002313	-0.002081	-0.545410	0.460938	-0.719971	0.591002	-0.146764	-0.225259	-0.760549
07492		4.760283	1.637920	8.348002	0.000039	-0.001717	-0.002048	-0.538818	0.463379	-0.711914	0.590936	-0.146724	-0.225305	-0.760595
07493		4.766323	1.653002	8.342204	-0.000108	-0.001120	-0.002015	-0.534668	0.461426	-0.724365	0.590913	-0.146728	-0.225285	-0.760618
07494		4.767042	1.631648	8.337450	-0.002768	-0.000465	-0.002299	-0.541504	0.469482	-0.709961	0.590955	-0.146600	-0.225238	-0.760624
07495		4.771518	1.631393	8.358881	-0.000613	0.000600	-0.001296	-0.537842	0.463135	-0.718018	0.590952	-0.146666	-0.225170	-0.760634
07496		4.760677	1.646238	8.370194	-0.001986	-0.002396	0.000172	-0.542725	0.470703	-0.718262	0.590971	-0.146643	-0.225141	-0.760631
07497		4.764829	1.650321	8.351396	-0.000318	-0.000593	-0.001362	-0.538818	0.472412	-0.711914	0.590994	-0.146659	-0.225091	-0.760625
07498		4.761128	1.637728	8.347558	-0.000023	-0.001786	-0.001428	-0.545898	0.472412	-0.711670	0.591031	-0.146726	-0.225018	-0.760605
07499		4.752900	1.633884	8.344700	0.000546	-0.000917	-0.002549	-0.534424	0.455078	-0.720947	0.591001	-0.146817	-0.224983	-0.760622
07500		4.766220	1.629876	8.346080	0.001073	-0.003371	-0.002061	-0.537109	0.469971	-0.711670	0.590987	-0.146681	-0.225036	-0.760643
07501		4.758256	1.634928	8.365377	0.003735	-0.001506	-0.001558	-0.542480	0.465088	-0.711182	0.591027	-0.146694	-0.225006	-0.760618
07502		4.755831	1.638002	8.334404	0.002405	-0.001179	-0.001700	-0.543457	0.465088	-0.717285	0.590984	-0.146718	-0.225019	-0.760643
07503		4.760622	1.638737	8.355465	0.004263	-0.001441	-0.000850	-0.533203	0.467773	-0.714600	0.590969	-0.146687	-0.225060	-0.760649
07504		4.754526	1.646053	8.365436	0.003166	-0.002375	-0.000437	-0.541748	0.460449	-0.720703	0.591048	-0.146656	-0.225028	-0.760603
07505		4.757588	1.636388	8.373294	0.005804	-0.002296	-0.001363	-0.540283	0.470703	-0.714355	0.591026	-0.146558	-0.225116	-0.760613
07506		4.761933	1.641808	8.354115	0.004496	-0.002703	-0.000296	-0.541260	0.469727	-0.721436	0.591064	-0.146582	-0.225112	-0.760580
07507		4.764951	1.632301	8.361970	0.005719	-0.001630	-0.001951	-0.541504	0.461670	-0.713135	0.591105	-0.146523	-0.225133	-0.760553
07508		4.773765	1.637904	8.364144	0.006014	-0.002823	-0.002017	-0.537598	0.470947	-0.716553	0.591055	-0.146498	-0.225209	-0.760574
07509		4.767794	1.637266	8.351555	0.004831	-0.003092	-0.002191	-0.535889	0.457520	-0.712402	0.591109	-0.146488	-0.225203	-0.760536
07510		4.751452	1.638855	8.368020	0.006395	-0.002161	-0.001277	-0.538818	0.470459	-0.715820	0.591088	-0.146410	-0.225276	-0.760546
07511		4.770751	1.642330	8.341048	0.006371	-0.003947	-0.002704	-0.538330	0.475342	-0.718018	0.591121	-0.146407	-0.225299	-0.760514
07512		4.769458	1.650334	8.372090	0.006076	-0.002754	-0.002638	-0.538574	0.467529	-0.711914	0.591202	-0.146402	-0.225282	-0.760457
07513		4.769846	1.643284	8.349200	0.004746	-0.002427	-0.002780	-0.535645	0.465088	-0.715332	0.591202	-0.146410	-0.225292	-0.760452
07514		4.772835	1.634022	8.357040	0.005928	-0.002157	-0.002606	-0.537354	0.467773	-0.717285	0.591230	-0.146352	-0.225318	-0.760434
07515		4.751868	1.635851	8.352156	0.006542	-0.002756	-0.001310	-0.539062	0.474365	-0.707520	0.591280	-0.146309	-0.225344	-0.760396
07516		4.758868	1.639358	8.363597	0.004427	-0.003021	-0.004141	-0.543457	0.473389	-0.720459	0.591288	-0.146396	-0.225315	-0.760381
07517		4.771592	1.649211	8.347034	0.005547	-0.002820	-0.003347	-0.541016	0.467773	-0.719971	0.591314	-0.146391	-0.225331	-0.760358
07518		4.755906	1.629612	8.358816	0.004956	-0.002955	-0.003434	-0.539551	0.469971	-0.717529	0.591318	-0.146354	-0.225365	-0.760351
07519		4.762832	1.633083	8.370308	0.004808	-0.002358	-0.003401	-0.544922	0.468994	-0.719727	0.591342	-0.146335	-0.225371	-0.760334
07520		4.767142	1.638592	8.351102	0.004769	-0.003160	-0.001571	-0.544678	0.471680	-0.715820	0.591339	-0.146335	-0.225409	-0.760325
07521		4.761133	1.646411	8.360922	0.004870	-0.002290	-0.004022	-0.538330	0.470215	-0.726318	0.591322	-0.146362	-0.225426	-0.760329
07522		4.763377	1.650038	8.351093	0.005928	-0.002156	-0.002607	-0.544922	0.466553	-0.722900	0.591396	-0.146266	-0.225441	-0.760285
07523		4.769527	1.666370	8.344915	0.005337	-0.002291	-0.002694	-0.543701	0.463867	-0.714111	0.591383	-0.146216	-0.225495	-0.760289
07524		4.768719	1.644193	8.349100	0.004559	-0.002631	-0.000918	-0.540039	0.474365	-0.710693	0.591346	-0.146226	-0.225542	-0.760301
07525		4.749581	1.656145	8.357403	0.003648	-0.000841	-0.002149	-0.536377	0.466797	-0.714111	0.591384	-0.146283	-0.225494	-0.760276
07526		4.750429	1.635972	8.352420	0.004597	-0.001830	-0.002748	-0.541992	0.465820	-0.716553	0.591406	-0.146259	-0.225494	-0.760263
07527		4.761061	1.651942	8.367712	0.003796	-0.001437	-0.002182	-0.545654	0.465576	-0.705566	0.591393	-0.146243	-0.225512	-0.760271
07528		4.759454	1.642273	8.354317	0.002909	-0.002900	-0.002419	-0.537598	0.462402	-0.718750	0.591305	-0.146342	-0.225538	-0.760313
07529		4.776551	1.642999	8.336933	0.003648	-0.000841	-0.002149	-0.542969	0.462891	-0.716064	0.591317	-0.146267	-0.225553	-0.760313
07530		4.768462	1.648702	8.356196	0.006604	-0.002685	-0.001933	-0.537598	0.464111	-0.719971	0.591283	-0.146237	-0.225625	-0.760324
07531		4.766914	1.648114	8.365037	0.005188	-0.001695	-0.002663	-0.540527	0.460938	-0.714600	0.591307	-0.146160	-0.225654	-0.760312
07532		4.767279	1.640850	8.342205	0.004769	-0.003159	-0.001571	-0.543701	0.472656	-0.712158	0.591275	-0.146140	-0.225709	-0.760324
07533		4.754984	1.654912	8.362310	0.004115	-0.003362	-0.001037	-0.543701	0.472168	-0.712646	0.591281	-0.146218	-0.225703	-0.760306
07534		4.765796	1.662246	8.355131	0.004006	-0.001965	-0.002836	-0.547607	0.465576	-0.717773	0.591273	-0.146272	-0.225693	-0.760305
07535		4.766979	1.642113	8.349972	0.004917	-0.003755	-0.001604	-0.548828	0.465332	-0.720459	0.591226	-0.146288	-0.225757	-0.760319
07536		4.761033	1.650116	8.359719	0.007639	-0.001817	-0.001730	-0.541504	0.465088	-0.721924	0.591190	-0.146250	-0.225840	-0.760330
07537		4.769997	1.655678	8.361785	0.003734	-0.004025	-0.001776	-0.535156	0.471436	-0.711426	0.591199	-0.146220	-0.225879	-0.760317
07538		4.764027	1.654640	8.349269	0.003943	-0.002033	-0.002215	-0.535889	0.464355	-0.721436	0.591253	-0.146242	-0.225838	-0.760284
07539		4.769093	1.655742	8.370137	0.003710	-0.003293	-0.002986	-0.539062	0.464600	-0.710693	0.591287	-0.146177	-0.225857	-0.760264
07540		4.764943	1.656813	8.348315	0.003881	-0.002101	-0.001594	-0.537109	0.461182	-0.712402	0.591278	-0.146192	-0.225865	-0.760265
07541		4.774486	1.640667	8.345892	0.004029	-0.002697	-0.001626	-0.543457	0.465576	-0.720459	0.591270	-0.146174	-0.225891	-0.760267
07542		4.766467	1.646181	8.365165	0.004386	-0.001301	-0.002097	-0.533203	0.470215	-0.715088	0.591267	-0.146135	-0.225918	-0.760268
07543		4.759601	1.657975	8.335003	0.004707	-0.003225	-0.000951	-0.539551	0.464355	-0.715576	0.591353	-0.146129	-0.225897	-0.760210
07544		4.771157	1.652557	8.345524	0.003414	-0.002101	-0.002923	-0.538330	0.464355	-0.715332	0.591343	-0.146113	-0.225910	-0.760217
07545		4.767819	1.649530	8.363735	0.005298	-0.003090	-0.000866	-0.541260	0.469238	-0.712891	0.591361	-0.146095	-0.225941	-0.760197
07546		4.761789	1.648475	8.351257	0.002761	-0.002304	-0.002387	-0.549072	0.464600	-0.720215	0.591358	-0.146136	-0.225926	-0.760196
07547		4.777019	1.646958	8.343203	0.003080	-0.001707	-0.001027	-0.542236	0.478760	-0.718506	0.591314	-0.146136	-0.225963	-0.760219
07548		4.762461	1.650215	8.350530	0.003943	-0.002033	-0.002216	-0.537109	0.469238	-0.716064	0.591376	-0.146177	-0.225917	-0.760177
07549		4.767388	1.642851	8.349096	0.005273	-0.002358	-0.002076	-0.541992	0.460938	-0.715820	0.591420	-0.146161	-0.225917	-0.760145
07550		4.769778	1.654820	8.361572	0.004682	-0.002493	-0.002162	-0.537842	0.461426	-0.714600	0.591383	-0.146135	-0.225968	-0.760163
07551		4.774048	1.660052	8.342382	0.003438	-0.002832	-0.001712	-0.542725	0.471680	-0.716797	0.591377	-0.146116	-0.225993	-0.760165
07552		4.758381	1.639962	8.354401	0.003413	-0.002101	-0.002923	-0.537842	0.467773	-0.711914	0.591386	-0.146140	-0.225980	-0.760157
07553		4.773724	1.638766	8.346215	0.005298	-0.003089	-0.000866	-0.543213	0.467529	-0.715820	0.591413	-0.146158	-0.225987	-0.760130
07554		4.761324	1.652611	8.366427	0.001836	-0.002046	-0.000577	-0.533691	0.474121	-0.718018	0.591414	-0.146188	-0.225976	-0.760128
07555		4.761809	1.644618	8.343666	0.003463	-0.003563	-0.000502	-0.538330	0.470947	-0.710449	0.591520	-0.146198	-0.225932	-0.760056
07556		4.769074	1.647666	8.355047	0.004325	-0.003889	-0.001691	-0.537354	0.469238	-0.718506	0.591542	-0.146253	-0.225924	-0.760030
07557		4.760660	1.657160	8.334051	0.003082	-0.004227	-0.001241	-0.538330	0.468262	-0.714600	0.591589	-0.146259	-0.225920	-0.759994
07558		4.751878	1.638801	8.357953	0.002071	-0.003305	-0.000020	-0.541260	0.468506	-0.722412	0.591624	-0.146291	-0.225901	-0.759966
07559		4.784307	1.645420	8.354987	0.002933	-0.003631	-0.001209	-0.542480	0.468994	-0.706055	0.591653	-0.146281	-0.225912	-0.759942
07560		4.761750	1.644462	8.359466	0.004264	-0.003956	-0.001070	-0.542969	0.462891	-0.714355	0.591628	-0.146371	-0.225921	-0.759942
07561		4.768821	1.638804	8.348611	0.002637	-0.002439	-0.001146	-0.543945	0.465088	-0.712158	0.591596	-0.146382	-0.225942	-0.759958
07562		4.758389	1.654822	8.359410	0.003857	-0.003890	-0.003020	-0.539062	0.468750	-0.718994	0.591542	-0.146419	-0.225979	-0.759982
07563		4.775829	1.646936	8.319393	0.004141	-0.004090	0.000172	-0.540283	0.468750	-0.722168	0.591592	-0.146420	-0.225990	-0.759940
07564		4.768381	1.652111	8.338431	0.002959	-0.004362	0.000002	-0.537354	0.469238	-0.716553	0.591638	-0.146418	-0.225999	-0.759901
07565		4.767186	1.650927	8.347218	0.004620	-0.002560	-0.001543	-0.548584	0.464844	-0.722656	0.591682	-0.146407	-0.225997	-0.759870
07566		4.772420	1.651840	8.368053	0.003192	-0.003100	0.000772	-0.539307	0.470215	-0.718750	0.591667	-0.146406	-0.226040	-0.759869
07567		4.756171	1.635090	8.340056	0.000557	-0.003182	0.001706	-0.540039	0.468018	-0.707031	0.591731	-0.146439	-0.226002	-0.759825
07568		4.795077	1.643663	8.349105	0.003967	-0.002763	-0.001008	-0.541260	0.466064	-0.715332	0.591724	-0.146496	-0.225998	-0.759820
07569		4.765800	1.640548	8.341737	0.003315	-0.002966	-0.000471	-0.532715	0.469238	-0.718018	0.591728	-0.146508	-0.226009	-0.759811
07570		4.782985	1.649703	8.346626	0.003904	-0.000310	-0.000175	-0.547363	0.461182	-0.722656	0.591824	-0.146459	-0.225972	-0.759757
07571		4.785842	1.639848	8.354753	0.002549	-0.001776	-0.001736	-0.544678	0.470215	-0.708740	0.591777	-0.146423	-0.226017	-0.759787
07572		4.777780	1.636654	8.351734	0.004680	-0.002493	-0.002165	-0.544434	0.473389	-0.717773	0.591745	-0.146485	-0.226024	-0.759798
07573		4.781903	1.641978	8.332572	0.004002	-0.001966	-0.002840	-0.543213	0.473633	-0.716797	0.591751	-0.146505	-0.226017	-0.759792
07574		4.780336	1.641049	8.341530	0.003941	-0.002033	-0.002219	-0.554199	0.470947	-0.713623	0.591769	-0.146529	-0.226003	-0.759777
07575		4.783303	1.631424	8.349556	0.003202	-0.001573	-0.002272	-0.545410	0.467285	-0.718262	0.591697	-0.146599	-0.226017	-0.759816
07576		4.761916	1.632564	8.345103	0.002818	0.000282	-0.002799	-0.548096	0.472168	-0.713379	0.591677	-0.146581	-0.226012	-0.759836
07577		4.776251	1.652699	8.341621	0.004360	-0.003091	-0.003525	-0.536377	0.468994	-0.711426	0.591633	-0.146637	-0.226027	-0.759855
07578		4.774848	1.652022	8.350437	0.006862	-0.002149	0.000038	-0.535889	0.463867	-0.714355	0.591682	-0.146632	-0.226034	-0.759815
07579		4.768676	1.651202	8.337990	0.004532	-0.001897	-0.002134	-0.550781	0.469482	-0.729004	0.591699	-0.146598	-0.226047	-0.759806
07580		4.770936	1.663069	8.350542	0.004853	-0.001298	-0.000775	-0.540039	0.459229	-0.714844	0.591706	-0.146554	-0.226085	-0.759797
07581		4.772662	1.629955	8.363453	0.002931	-0.001110	-0.000998	-0.540039	0.468994	-0.718506	0.591690	-0.146521	-0.226106	-0.759810
07582		4.772187	1.643509	8.345334	0.003498	-0.002765	-0.002335	-0.540771	0.465088	-0.716309	0.591707	-0.146516	-0.226107	-0.759797
07583		4.764092	1.640405	8.342323	0.004384	-0.001301	-0.002103	-0.539307	0.469482	-0.713623	0.591706	-0.146490	-0.226122	-0.759798
07584		4.777583	1.645630	8.365852	0.002785	-0.003035	-0.001177	-0.536377	0.467285	-0.718018	0.591724	-0.146523	-0.226106	-0.759783
07585		4.764852	1.642130	8.341550	0.003522	-0.000974	-0.000914	-0.542236	0.466064	-0.720215	0.591774	-0.146489	-0.226090	-0.759755
07586		4.771933	1.653860	8.375394	0.004116	-0.003358	-0.001039	-0.536865	0.463379	-0.717041	0.591782	-0.146476	-0.226120	-0.759742
07587		4.782510	1.652384	8.345928	0.003583	-0.000907	-0.001536	-0.545898	0.469238	-0.711914	0.591804	-0.146431	-0.226123	-0.759733
07588		4.779010	1.649025	8.364368	0.001897	-0.001979	-0.001199	-0.543213	0.466309	-0.717529	0.591777	-0.146490	-0.226105	-0.759748
07589		4.768113	1.647215	8.330794	0.001627	-0.001516	0.000075	-0.542725	0.465576	-0.722412	0.591783	-0.146500	-0.226093	-0.759745
07590		4.776743	1.652081	8.333146	0.003644	-0.000841	-0.002157	-0.546387	0.470459	-0.717041	0.591789	-0.146452	-0.226108	-0.759746
07591		4.786150	1.644352	8.353275	0.001219	-0.001452	-0.001874	-0.544434	0.474121	-0.718750	0.591771	-0.146488	-0.226084	-0.759759
07592		4.769347	1.636551	8.347930	0.001635	0.000009	-0.002970	-0.542969	0.473145	-0.707275	0.591779	-0.146503	-0.226037	-0.759765
07593		4.771318	1.648135	8.360697	0.003644	-0.000841	-0.002158	-0.539795	0.468506	-0.711426	0.591767	-0.146563	-0.226000	-0.759773
07594		4.773300	1.651085	8.351090	0.002462	-0.001113	-0.002327	-0.541260	0.464355	-0.717285	0.591763	-0.146584	-0.225974	-0.759780
07595		4.781719	1.656082	8.353534	0.002225	0.000145	-0.002886	-0.539551	0.467529	-0.713623	0.591750	-0.146552	-0.225965	-0.759799
07596		4.754478	1.642344	8.354979	0.003495	-0.000245	-0.002127	-0.547852	0.470215	-0.720947	0.591757	-0.146541	-0.225948	-0.759801
07597		4.769248	1.641120	8.347089	0.003678	-0.000045	-0.003991	-0.545166	0.465820	-0.712158	0.591729	-0.146522	-0.225950	-0.759826
07598		4.775491	1.635768	8.336646	0.003468	0.000484	-0.003339	-0.538086	0.476074	-0.719971	0.591683	-0.146520	-0.225946	-0.759863
07599		4.775409	1.636824	8.336486	0.003113	-0.000910	-0.002864	-0.540039	0.474854	-0.710449	0.591734	-0.146515	-0.225899	-0.759838
07600		4.762452	1.650964	8.356963	0.003999	0.000555	-0.002633	-0.537354	0.474365	-0.713867	0.591752	-0.146537	-0.225847	-0.759835
07601		4.762318	1.652248	8.356785	0.004947	-0.000435	-0.003232	-0.544189	0.467285	-0.715332	0.591784	-0.146534	-0.225814	-0.759821
07602		4.770819	1.657673	8.359096	0.003262	-0.001506	-0.002895	-0.543945	0.468750	-0.714355	0.591756	-0.146540	-0.225819	-0.759840
07603		4.775574	1.650181	8.357823	0.003853	-0.001370	-0.002811	-0.549561	0.464111	-0.720703	0.591734	-0.146550	-0.225820	-0.759855
07604		4.767308	1.647174	8.354902	0.004444	-0.001233	-0.002726	-0.551514	0.465332	-0.713623	0.591687	-0.146522	-0.225865	-0.759884
07605		4.755177	1.640044	8.370799	0.003025	-0.000248	-0.003455	-0.546631	0.468018	-0.717529	0.591607	-0.146538	-0.225880	-0.759938
07606		4.780344	1.644928	8.356103	0.003053	-0.000977	-0.002242	-0.540283	0.470947	-0.713867	0.591582	-0.146541	-0.225880	-0.759957
07607		4.769241	1.652116	8.344924	0.002634	0.000083	-0.000937	-0.543213	0.468262	-0.721680	0.591605	-0.146552	-0.225835	-0.759950
07608		4.767342	1.650994	8.354128	0.003235	-0.000778	-0.004108	-0.545410	0.463867	-0.714600	0.591594	-0.146518	-0.225837	-0.759965
07609		4.771908	1.643738	8.352924	0.006008	-0.000293	-0.001821	-0.540527	0.472412	-0.716309	0.591567	-0.146488	-0.225871	-0.759982
07610		4.761685	1.638858	8.359394	0.004444	-0.001233	-0.002727	-0.541260	0.466797	-0.715088	0.591581	-0.146488	-0.225853	-0.759976
07611		4.772115	1.646123	8.352336	0.002462	-0.001113	-0.002327	-0.545898	0.475342	-0.714111	0.591572	-0.146489	-0.225840	-0.759987
07612		4.763748	1.642730	8.349553	0.002374	-0.000451	-0.002918	-0.547852	0.471924	-0.720703	0.591556	-0.146532	-0.225793	-0.760005
07613		4.753554	1.637435	8.356092	0.003792	-0.001435	-0.002189	-0.542236	0.474365	-0.715088	0.591545	-0.146537	-0.225793	-0.760013
07614		4.772439	1.649042	8.351575	0.004444	-0.001233	-0.002727	-0.546387	0.464111	-0.724854	0.591550	-0.146554	-0.225770	-0.760012
07615		4.772650	1.650178	8.351229	0.004793	-0.001359	-0.000156	-0.552246	0.465332	-0.721924	0.591559	-0.146504	-0.225810	-0.760003
07616		4.768254	1.651062	8.329528	0.003411	-0.002102	-0.002926	-0.546875	0.462402	-0.718262	0.591503	-0.146498	-0.225851	-0.760036
07617		4.749766	1.650227	8.355758	0.002164	0.000078	-0.002266	-0.541748	0.466797	-0.718506	0.591467	-0.146474	-0.225858	-0.760066
07618		4.764782	1.648713	8.347783	0.003820	-0.002163	-0.000977	-0.544678	0.467285	-0.717529	0.591478	-0.146464	-0.225867	-0.760057
07619		4.767816	1.639027	8.355849	0.002671	-0.001643	-0.002979	-0.542969	0.469971	-0.717041	0.591452	-0.146466	-0.225866	-0.760076
07620		4.770832	1.629385	8.363918	0.003881	-0.002097	-0.001599	-0.544189	0.471680	-0.719971	0.591455	-0.146476	-0.225863	-0.760074
07621		4.750852	1.653839	8.354426	0.003141	-0.001638	-0.001652	-0.541260	0.471680	-0.724365	0.591462	-0.146482	-0.225848	-0.760071
07622		4.761326	1.660959	8.347356	0.003052	-0.000976	-0.002243	-0.540039	0.469238	-0.723145	0.591491	-0.146455	-0.225830	-0.760059
07623		4.757599	1.649073	8.343588	0.003052	-0.000976	-0.002243	-0.543701	0.466553	-0.716553	0.591517	-0.146421	-0.225818	-0.760049
07624		4.767254	1.641372	8.363620	0.001605	-0.003307	-0.001343	-0.548096	0.464111	-0.715820	0.591501	-0.146451	-0.225816	-0.760057
07625		4.771468	1.646006	8.344481	0.003020	-0.001769	-0.000409	-0.543945	0.465576	-0.715332	0.591471	-0.146463	-0.225832	-0.760073
07626		4.755063	1.647310	8.361205	0.005123	-0.001757	-0.002053	-0.535889	0.462402	-0.717041	0.591453	-0.146452	-0.225856	-0.760082
07627		4.772179	1.648106	8.343660	0.002908	-0.002901	-0.002419	-0.537109	0.465576	-0.722656	0.591460	-0.146429	-0.225870	-0.760077
07628		4.764242	1.644677	8.340648	0.002638	-0.002436	-0.001145	-0.543701	0.468262	-0.713867	0.591497	-0.146397	-0.225872	-0.760054
07629		4.769377	1.645644	8.361570	0.003290	-0.002234	-0.001683	-0.543213	0.466064	-0.720703	0.591480	-0.146421	-0.225868	-0.760063
07630		4.756795	1.650769	8.359538	0.002108	-0.002508	-0.001851	-0.535889	0.469482	-0.720703	0.591474	-0.146418	-0.225872	-0.760067
07631		4.761770	1.643071	8.358205	0.003941	-0.002031	-0.002221	-0.535156	0.462891	-0.719482	0.591514	-0.146390	-0.225865	-0.760043
07632		4.770431	1.639525	8.338119	0.003289	-0.002234	-0.001683	-0.541748	0.467773	-0.723145	0.591542	-0.146350	-0.225877	-0.760026
07633		4.769298	1.647232	8.369221	0.004798	-0.003878	-0.000364	-0.541748	0.473633	-0.719482	0.591568	-0.146337	-0.225908	-0.759999
07634		4.763291	1.645862	8.356789	0.001959	-0.001912	-0.001820	-0.546143	0.462402	-0.714111	0.591587	-0.146359	-0.225873	-0.759990
07635		4.773200	1.674496	8.354011	0.006863	-0.002137	0.000032	-0.538574	0.465088	-0.720703	0.591567	-0.146344	-0.225925	-0.759993
07636		4.762186	1.637298	8.342970	0.003969	-0.002758	-0.001008	-0.541260	0.466553	-0.718750	0.591592	-0.146319	-0.225944	-0.759973
07637		4.769183	1.640597	8.354458	0.005062	-0.001822	-0.001433	-0.538086	0.471191	-0.719238	0.591602	-0.146295	-0.225962	-0.759964
07638		4.779957	1.647884	8.347160	0.003527	-0.003491	-0.001122	-0.554199	0.476807	-0.713379	0.591637	-0.146306	-0.225956	-0.759937
07639		4.763763	1.649198	8.363785	0.004471	-0.001959	-0.001517	-0.544922	0.468994	-0.716064	0.591595	-0.146375	-0.225943	-0.759961
07640		4.768599	1.641595	8.362519	0.002991	-0.001042	-0.001623	-0.543701	0.460205	-0.712646	0.591583	-0.146386	-0.225928	-0.759972
07641		4.776497	1.659401	8.346865	0.004238	-0.003223	-0.002283	-0.545898	0.467773	-0.714355	0.591538	-0.146387	-0.225970	-0.759994
07642		4.773979	1.635018	8.360744	0.003140	-0.001638	-0.001653	-0.534180	0.471680	-0.717285	0.591513	-0.146407	-0.225964	-0.760011
07643		4.754570	1.638280	8.346846	0.004562	-0.001102	-0.003975	-0.540527	0.466309	-0.714600	0.591543	-0.146380	-0.225945	-0.759999
07644		4.769629	1.637350	8.338713	0.004269	-0.002431	-0.004119	-0.547852	0.461914	-0.715820	0.591518	-0.146375	-0.225959	-0.760016
07645		4.766189	1.634596	8.357074	0.003851	-0.001370	-0.002814	-0.533447	0.466797	-0.722412	0.591465	-0.146362	-0.225986	-0.760051
07646		4.776756	1.642022	8.349856	0.004680	-0.002489	-0.002169	-0.544189	0.469727	-0.716309	0.591515	-0.146314	-0.226000	-0.760017
07647		4.766218	1.658178	8.360610	0.002847	-0.002966	-0.001797	-0.541504	0.466553	-0.712891	0.591502	-0.146344	-0.225994	-0.760023
07648		4.758967	1.633623	8.353191	0.004591	-0.001828	-0.002762	-0.541260	0.465332	-0.719238	0.591484	-0.146344	-0.226001	-0.760035
07649		4.764985	1.658495	8.369179	0.004442	-0.001232	-0.002732	-0.543457	0.465332	-0.714600	0.591482	-0.146310	-0.226015	-0.760039
07650		4.763131	1.640185	8.333663	0.004740	-0.002423	-0.002792	-0.538818	0.470459	-0.723633	0.591454	-0.146308	-0.226037	-0.760055
07651		4.768156	1.641589	8.354581	0.003260	-0.001507	-0.002898	-0.544922	0.463867	-0.719482	0.591482	-0.146281	-0.226027	-0.760041
07652		4.755396	1.647035	8.352586	0.004531	-0.001893	-0.002140	-0.546143	0.464355	-0.718262	0.591464	-0.146257	-0.226055	-0.760052
07653		4.768669	1.643613	8.353890	0.002340	-0.001244	-0.001085	-0.547607	0.469482	-0.709717	0.591446	-0.146255	-0.226054	-0.760066
07654		4.760433	1.640093	8.351088	0.002991	-0.001041	-0.001624	-0.540771	0.473145	-0.718994	0.591406	-0.146299	-0.226029	-0.760097
07655		4.773696	1.636428	8.352447	0.001367	-0.002050	-0.001903	-0.541504	0.459717	-0.718018	0.591422	-0.146324	-0.225988	-0.760091
07656		4.762617	1.643704	8.341196	0.004793	0.000162	-0.003211	-0.541992	0.466309	-0.713135	0.591404	-0.146260	-0.226014	-0.760109
07657		4.773663	1.629770	8.329725	0.003260	-0.001507	-0.002898	-0.542969	0.462402	-0.724854	0.591381	-0.146266	-0.226007	-0.760129
07658		4.754610	1.641554	8.337995	0.003319	-0.002958	-0.000470	-0.538574	0.470947	-0.723633	0.591394	-0.146237	-0.226039	-0.760114
07659		4.768052	1.646837	8.361544	0.002370	-0.000454	-0.002922	-0.548340	0.469482	-0.713135	0.591426	-0.146208	-0.226010	-0.760104
07660		4.780986	1.634526	8.340740	0.002991	-0.001041	-0.001624	-0.543701	0.469238	-0.713135	0.591391	-0.146240	-0.225990	-0.760131
07661		4.757120	1.654924	8.350044	0.003791	-0.001434	-0.002193	-0.532471	0.471924	-0.717529	0.591373	-0.146256	-0.225977	-0.760145
07662		4.764596	1.636861	8.357305	0.003170	-0.000847	-0.003491	-0.538330	0.465332	-0.719971	0.591414	-0.146237	-0.225941	-0.760128
07663		4.768523	1.650710	8.360511	0.002728	-0.001580	-0.003604	-0.545166	0.461670	-0.717041	0.591415	-0.146210	-0.225940	-0.760133
07664		4.779822	1.636629	8.348932	0.004471	-0.001956	-0.001519	-0.538574	0.474121	-0.718018	0.591390	-0.146192	-0.225970	-0.760147
07665		4.755008	1.625142	8.340788	0.005420	-0.002945	-0.002118	-0.546631	0.459473	-0.709961	0.591419	-0.146199	-0.225968	-0.760124
07666		4.763931	1.639421	8.365126	0.003259	-0.001507	-0.002899	-0.547607	0.474854	-0.717529	0.591351	-0.146204	-0.225985	-0.760171
07667		4.767878	1.644621	8.345966	0.004800	-0.002358	-0.003415	-0.548828	0.467285	-0.717041	0.591325	-0.146229	-0.225981	-0.760187
07668		4.771967	1.658651	8.349033	0.003259	-0.001507	-0.002899	-0.541992	0.469238	-0.718994	0.591282	-0.146238	-0.225983	-0.760218
07669		4.772948	1.638298	8.344340	0.003259	-0.001507	-0.002899	-0.548584	0.468750	-0.716064	0.591279	-0.146232	-0.225973	-0.760224
07670		4.754659	1.637805	8.370500	0.004590	-0.001827	-0.002764	-0.551758	0.472412	-0.714355	0.591241	-0.146242	-0.225982	-0.760249
07671		4.760494	1.653923	8.364212	0.004500	-0.001166	-0.003356	-0.532715	0.461182	-0.718506	0.591187	-0.146268	-0.225975	-0.760288
07672		4.756718	1.633348	8.338210	0.002609	-0.001710	-0.002360	-0.534424	0.467041	-0.715088	0.591216	-0.146228	-0.225976	-0.760274
07673		4.764638	1.659935	8.344767	0.003940	-0.002029	-0.002224	-0.542969	0.469727	-0.712402	0.591240	-0.146216	-0.225969	-0.760259
07674		4.762165	1.635702	8.358718	0.004621	-0.002551	-0.001549	-0.541016	0.470459	-0.717529	0.591230	-0.146241	-0.225966	-0.760263
07675		4.770851	1.641026	8.360895	0.003109	-0.000912	-0.002870	-0.543457	0.460205	-0.715820	0.591232	-0.146238	-0.225942	-0.760269
07676		4.766369	1.650656	8.361528	0.003850	-0.001369	-0.002817	-0.542725	0.466797	-0.717529	0.591201	-0.146212	-0.225965	-0.760291
07677		4.758094	1.647424	8.358705	0.003050	-0.000976	-0.002248	-0.538818	0.476074	-0.710693	0.591195	-0.146203	-0.225954	-0.760301
07678		4.760906	1.637823	8.366973	0.003491	-0.000242	-0.002136	-0.543945	0.462402	-0.715332	0.591209	-0.146231	-0.225896	-0.760302
07679		4.766563	1.653612	8.360833	0.003109	-0.000912	-0.002870	-0.547607	0.471924	-0.716553	0.591178	-0.146216	-0.225900	-0.760328
07680		4.769548	1.644122	8.368983	0.004471	-0.001955	-0.001520	-0.548828	0.460938	-0.722656	0.591162	-0.146237	-0.225894	-0.760338
07681		4.758589	1.651566	8.357606	0.003378	-0.001378	-0.004144	-0.539062	0.464844	-0.722168	0.591113	-0.146200	-0.225928	-0.760374
07682		4.765029	1.645943	8.347121	0.002160	0.000077	-0.002271	-0.537598	0.461670	-0.716553	0.591132	-0.146158	-0.225911	-0.760372
07683		4.758713	1.653227	8.357207	0.003021	-0.001764	-0.000410	-0.544434	0.459473	-0.716064	0.591152	-0.146141	-0.225913	-0.760359
07684		4.757172	1.652129	8.366257	0.004322	-0.001359	-0.001490	-0.536133	0.467285	-0.719727	0.591129	-0.146114	-0.225940	-0.760374
07685		4.770248	1.640083	8.345333	0.004381	-0.001295	-0.002113	-0.536621	0.464355	-0.716064	0.591162	-0.146082	-0.225939	-0.760355
07686		4.751096	1.652170	8.353585	0.004680	-0.002486	-0.002172	-0.538574	0.470703	-0.711182	0.591174	-0.146063	-0.225954	-0.760344
07687		4.768204	1.617131	8.358837	0.003708	-0.003294	-0.002988	-0.536621	0.464355	-0.714355	0.591165	-0.146097	-0.225941	-0.760349
07688		4.761520	1.682074	8.350054	0.003027	-0.002773	-0.003664	-0.536133	0.474854	-0.722412	0.591155	-0.146095	-0.225943	-0.760357
07689		4.755347	1.644911	8.360587	0.003440	-0.002826	-0.001714	-0.542480	0.464111	-0.709229	0.591205	-0.146099	-0.225922	-0.760323
07690		4.777279	1.645914	8.364260	0.004621	-0.002549	-0.001550	-0.545654	0.462402	-0.715088	0.591179	-0.146117	-0.225932	-0.760337
07691		4.756255	1.647009	8.359657	0.003349	-0.002167	-0.002307	-0.537842	0.467285	-0.717773	0.591141	-0.146118	-0.225946	-0.760362
07692		4.758407	1.649838	8.349912	0.002549	-0.001774	-0.001738	-0.545898	0.466797	-0.718750	0.591159	-0.146115	-0.225929	-0.760353
07693		4.756845	1.648776	8.358973	0.004321	-0.001358	-0.001492	-0.540039	0.467285	-0.714600	0.591149	-0.146106	-0.225936	-0.760361
07694		4.763631	1.643230	8.348276	0.003499	-0.002762	-0.002337	-0.544189	0.461670	-0.720215	0.591143	-0.146118	-0.225933	-0.760364
07695		4.768662	1.635661	8.346941	0.003349	-0.002167	-0.002308	-0.546143	0.465820	-0.709961	0.591123	-0.146097	-0.225955	-0.760377
07696		4.767154	1.634823	8.355931	0.004589	-0.001825	-0.002766	-0.542480	0.464844	-0.712646	0.591075	-0.146114	-0.225960	-0.760410
07697		4.764661	1.646539	8.347036	0.003940	-0.002028	-0.002226	-0.541260	0.461182	-0.718506	0.591053	-0.146120	-0.225962	-0.760425
07698		4.761269	1.643571	8.365486	0.003521	-0.000965	-0.000922	-0.543457	0.470215	-0.719727	0.591060	-0.146089	-0.225971	-0.760423
07699		4.768627	1.652525	8.327662	0.004880	-0.000496	-0.002626	-0.541016	0.469727	-0.711914	0.591062	-0.146067	-0.225966	-0.760427
07700		4.754829	1.643431	8.353059	0.002990	-0.001040	-0.001627	-0.538086	0.464600	-0.716553	0.591060	-0.146088	-0.225932	-0.760435
07701		4.771865	1.652809	8.357819	0.003140	-0.001635	-0.001656	-0.531982	0.470215	-0.712891	0.591072	-0.146076	-0.225927	-0.760429
07702		4.770173	1.642739	8.344688	0.002549	-0.001774	-0.001738	-0.541504	0.471680	-0.713135	0.591110	-0.146088	-0.225888	-0.760409
07703		4.763989	1.649999	8.354702	0.001808	-0.001317	-0.001791	-0.541504	0.468506	-0.720947	0.591107	-0.146121	-0.225843	-0.760418
07704		4.760614	1.646899	8.373175	0.003408	-0.002103	-0.002930	-0.541504	0.471436	-0.717529	0.591108	-0.146111	-0.225843	-0.760419
07705		4.769161	1.643224	8.353138	0.003140	-0.001635	-0.001656	-0.544434	0.468262	-0.715576	0.591118	-0.146123	-0.225820	-0.760416
07706		4.768505	1.656563	8.334891	0.002758	-0.002305	-0.002390	-0.540527	0.460449	-0.716309	0.591096	-0.146144	-0.225810	-0.760433
07707		4.759438	1.638549	8.359417	0.002040	-0.000051	-0.001029	-0.536133	0.469238	-0.715820	0.591097	-0.146119	-0.225797	-0.760440
07708		4.763408	1.652088	8.362590	0.002758	-0.002305	-0.002390	-0.538818	0.460205	-0.711182	0.591114	-0.146127	-0.225777	-0.760432
07709		4.776596	1.639736	8.341667	0.002608	-0.001710	-0.002361	-0.538818	0.472168	-0.716553	0.591093	-0.146123	-0.225776	-0.760449
07710		4.747282	1.654045	8.379134	0.001867	-0.001254	-0.002414	-0.534668	0.465332	-0.713379	0.591106	-0.146139	-0.225734	-0.760448
07711		4.777841	1.628885	8.359096	0.003548	-0.000178	-0.002762	-0.548340	0.471191	-0.720215	0.591120	-0.146113	-0.225716	-0.760447
07712		4.757572	1.653104	8.349588	0.002109	-0.002508	-0.001849	-0.546631	0.459229	-0.717773	0.591099	-0.146142	-0.225701	-0.760463
07713		4.760615	1.643310	8.357812	0.002840	-0.000444	-0.001599	-0.539551	0.469482	-0.724609	0.591069	-0.146116	-0.225709	-0.760489
07714		4.777676	1.652373	8.362605	0.000659	-0.002318	-0.000739	-0.546875	0.469482	-0.717529	0.591103	-0.146123	-0.225682	-0.760468
07715		4.766611	1.649936	8.329163	0.000950	-0.000988	-0.000599	-0.537109	0.463379	-0.717529	0.591094	-0.146150	-0.225643	-0.760483
07716		4.769831	1.648776	8.359634	0.001427	-0.001988	-0.002525	-0.545898	0.475098	-0.718262	0.591097	-0.146143	-0.225631	-0.760485
07717		4.770981	1.627996	8.355035	0.001958	-0.001913	-0.001820	-0.541260	0.462402	-0.709717	0.591090	-0.146181	-0.225594	-0.760494
07718		4.745452	1.646243	8.373625	0.003822	-0.002154	-0.000982	-0.539307	0.462158	-0.712646	0.591073	-0.146191	-0.225599	-0.760504
07719		4.765330	1.636430	8.364517	0.004148	-0.002559	-0.002879	-0.548340	0.466797	-0.709717	0.591052	-0.146183	-0.225616	-0.760516
07720		4.770330	1.628806	8.363229	0.002490	-0.001837	-0.001116	-0.542725	0.468994	-0.712402	0.591008	-0.146225	-0.225596	-0.760549
07721		4.751046	1.631650	8.349328	0.005003	-0.001876	-0.000819	-0.547852	0.465088	-0.713135	0.591006	-0.146237	-0.225593	-0.760549
07722		4.766535	1.639208	8.363286	0.003322	-0.002952	-0.000470	-0.534912	0.465576	-0.713135	0.590974	-0.146267	-0.225599	-0.760566
07723		4.777173	1.646520	8.355948	0.005179	-0.001685	-0.002687	-0.544922	0.468262	-0.712891	0.590986	-0.146245	-0.225606	-0.760559
07724		4.758881	1.637321	8.359878	0.004680	-0.002483	-0.002175	-0.536133	0.469482	-0.720215	0.590959	-0.146261	-0.225612	-0.760575
07725		4.769651	1.644827	8.352423	0.004980	-0.003674	-0.002233	-0.541992	0.466553	-0.716309	0.590988	-0.146252	-0.225631	-0.760549
07726		4.774933	1.637404	8.350937	0.003590	-0.003420	-0.001744	-0.544189	0.465576	-0.716309	0.590980	-0.146265	-0.225641	-0.760550
07727		4.753873	1.638332	8.346410	0.003580	-0.000900	-0.001548	-0.546875	0.463623	-0.714844	0.590969	-0.146256	-0.225636	-0.760561
07728		4.757999	1.651973	8.349448	0.001727	-0.003179	-0.002582	-0.544434	0.463623	-0.715088	0.590921	-0.146283	-0.225637	-0.760593
07729		4.774270	1.637962	8.359191	0.003139	-0.001634	-0.001658	-0.543945	0.462402	-0.716553	0.590900	-0.146283	-0.225638	-0.760609
07730		4.761742	1.643126	8.357109	0.002677	-0.004168	-0.003181	-0.533203	0.463135	-0.715576	0.590861	-0.146297	-0.225661	-0.760630
07731		4.765176	1.633598	8.365084	0.003498	-0.002761	-0.002338	-0.541992	0.462646	-0.710693	0.590883	-0.146281	-0.225670	-0.760613
07732		4.754411	1.640876	8.353594	0.004089	-0.002622	-0.002257	-0.543945	0.469482	-0.715576	0.590854	-0.146287	-0.225682	-0.760631
07733		4.765315	1.657059	8.368387	0.003913	-0.002812	-0.000389	-0.538818	0.466797	-0.714355	0.590855	-0.146310	-0.225679	-0.760627
07734		4.766595	1.636462	8.363715	0.002549	-0.001773	-0.001740	-0.545410	0.469238	-0.715576	0.590860	-0.146317	-0.225660	-0.760626
07735		4.762248	1.645884	8.364269	0.004262	-0.001418	-0.000873	-0.543457	0.465332	-0.718262	0.590855	-0.146324	-0.225652	-0.760632
07736		4.749479	1.642163	8.340027	0.003590	-0.003420	-0.001744	-0.538330	0.464600	-0.710693	0.590844	-0.146330	-0.225669	-0.760634
07737		4.763949	1.626363	8.359153	0.003521	-0.000962	-0.000926	-0.550049	0.461426	-0.716797	0.590851	-0.146328	-0.225653	-0.760634
07738		4.773492	1.645803	8.333968	0.002259	-0.003103	-0.001878	-0.546631	0.456543	-0.718262	0.590799	-0.146345	-0.225668	-0.760667
07739		4.750067	1.630177	8.366107	0.003323	-0.002951	-0.000470	-0.537842	0.469482	-0.712402	0.590776	-0.146332	-0.225704	-0.760676
07740		4.764344	1.641153	8.339957	0.003348	-0.002166	-0.002310	-0.547852	0.470947	-0.709961	0.590779	-0.146347	-0.225686	-0.760676
07741		4.756406	1.646841	8.359279	0.003788	-0.001431	-0.002201	-0.539551	0.471680	-0.714844	0.590737	-0.146379	-0.225662	-0.760710
07742		4.766122	1.630639	8.357081	0.002941	-0.003622	-0.001203	-0.545410	0.471924	-0.720459	0.590747	-0.146415	-0.225647	-0.760700
07743		4.766694	1.631419	8.356603	0.003231	-0.002292	-0.001065	-0.543457	0.471924	-0.723389	0.590751	-0.146429	-0.225635	-0.760697
07744		4.759615	1.651191	8.348596	0.002490	-0.001836	-0.001117	-0.546631	0.468994	-0.713135	0.590771	-0.146433	-0.225616	-0.760687
07745		4.764537	1.643363	8.347407	0.002074	-0.001787	-0.003067	-0.548828	0.473145	-0.717285	0.590728	-0.146460	-0.225592	-0.760722
07746		4.764891	1.644105	8.347059	0.002640	-0.002432	-0.001146	-0.541016	0.471924	-0.717041	0.590709	-0.146498	-0.225569	-0.760737
07747		4.766309	1.632465	8.364619	0.003671	-0.001557	-0.000956	-0.542480	0.469482	-0.717285	0.590727	-0.146505	-0.225549	-0.760727
07748		4.763813	1.643838	8.355726	0.003289	-0.002229	-0.001688	-0.544922	0.472168	-0.717529	0.590728	-0.146513	-0.225540	-0.760727
07749		4.762444	1.642678	8.364736	0.002108	-0.002508	-0.001850	-0.544434	0.468018	-0.718018	0.590717	-0.146543	-0.225516	-0.760737
07750		4.770432	1.624331	8.371956	0.002791	-0.003027	-0.001174	-0.546143	0.465576	-0.717285	0.590711	-0.146561	-0.225514	-0.760739
07751		4.763291	1.635104	8.341695	0.003173	-0.002355	-0.000442	-0.539307	0.469238	-0.721191	0.590703	-0.146570	-0.225516	-0.760743
07752		4.768786	1.636320	8.362454	0.004157	-0.004063	0.000176	-0.537842	0.466797	-0.712402	0.590740	-0.146577	-0.225531	-0.760708
07753		4.774853	1.652155	8.355916	0.004436	-0.001229	-0.002744	-0.543457	0.472168	-0.725586	0.590741	-0.146564	-0.225527	-0.760711
07754		4.756549	1.642595	8.359994	0.002640	-0.002431	-0.001146	-0.542969	0.468750	-0.710938	0.590763	-0.146566	-0.225518	-0.760696
07755		4.767905	1.628173	8.348518	0.002988	-0.001039	-0.001632	-0.539307	0.468506	-0.710693	0.590750	-0.146582	-0.225491	-0.760712
07756		4.761847	1.635637	8.358427	0.003914	-0.002810	-0.000390	-0.541016	0.462646	-0.714111	0.590759	-0.146606	-0.225482	-0.760703
07757		4.764318	1.638668	8.348415	0.005130	-0.004268	-0.002264	-0.534912	0.472900	-0.714844	0.590742	-0.146606	-0.225522	-0.760704
07758		4.771539	1.642157	8.359739	0.003289	-0.002229	-0.001689	-0.543213	0.462158	-0.717285	0.590773	-0.146619	-0.225497	-0.760685
07759		4.773720	1.644972	8.349932	0.003289	-0.002229	-0.001689	-0.529053	0.478760	-0.722900	0.590762	-0.146608	-0.225510	-0.760692
07760		4.766811	1.629067	8.364990	0.003173	-0.002354	-0.000443	-0.541260	0.462646	-0.711426	0.590854	-0.146611	-0.225476	-0.760629
07761		4.764419	1.640450	8.356017	0.003555	-0.002699	-0.002963	-0.539551	0.472656	-0.723877	0.590825	-0.146614	-0.225487	-0.760648
07762		4.768675	1.654316	8.358890	0.003439	-0.002824	-0.001717	-0.540283	0.471436	-0.715088	0.590855	-0.146612	-0.225485	-0.760626
07763		4.768156	1.631802	8.363691	0.002015	-0.001851	-0.002444	-0.547119	0.468750	-0.717773	0.590854	-0.146631	-0.225455	-0.760632
07764		4.772279	1.645474	8.366676	0.003821	-0.002151	-0.000986	-0.545898	0.465088	-0.717529	0.590844	-0.146640	-0.225456	-0.760638
07765		4.766066	1.643936	8.354393	0.002698	-0.002369	-0.001769	-0.545410	0.465820	-0.720459	0.590823	-0.146645	-0.225458	-0.760652
07766		4.760837	1.629866	8.360135	0.002872	-0.001163	-0.000387	-0.544678	0.465088	-0.714844	0.590829	-0.146635	-0.225452	-0.760652
07767		4.773094	1.638679	8.343496	0.003022	-0.001758	-0.000415	-0.542969	0.468750	-0.704834	0.590822	-0.146642	-0.225446	-0.760657
07768		4.771620	1.637511	8.352581	0.002605	-0.001711	-0.002364	-0.536377	0.468262	-0.715576	0.590786	-0.146681	-0.225414	-0.760687
07769		4.765408	1.636115	8.340270	0.004238	-0.003217	-0.002288	-0.543457	0.467773	-0.709961	0.590800	-0.146681	-0.225423	-0.760674
07770		4.774158	1.641307	8.342370	0.002721	-0.000568	-0.000359	-0.539795	0.463135	-0.719482	0.590795	-0.146697	-0.225390	-0.760684
07771		4.757726	1.642487	8.359339	0.003196	-0.001571	-0.002284	-0.548584	0.468750	-0.711670	0.590799	-0.146671	-0.225398	-0.760684
07772		4.762574	1.634772	8.358188	0.002930	-0.001101	-0.001010	-0.535645	0.468750	-0.717773	0.590771	-0.146694	-0.225374	-0.760708
07773		4.762737	1.635533	8.357946	0.002454	-0.001116	-0.002336	-0.536377	0.466309	-0.710449	0.590795	-0.146682	-0.225353	-0.760698
07774		4.771261	1.640531	8.360212	0.002188	-0.000646	-0.001062	-0.541992	0.473877	-0.710449	0.590810	-0.146685	-0.225319	-0.760696
07775		4.761196	1.635006	8.366949	0.002987	-0.001038	-0.001633	-0.537842	0.472656	-0.715088	0.590806	-0.146713	-0.225279	-0.760706
07776		4.761441	1.635742	8.366666	0.002490	-0.001836	-0.001118	-0.532959	0.480957	-0.708984	0.590829	-0.146731	-0.225248	-0.760693
07777		4.757173	1.644846	8.367212	0.001841	-0.002038	-0.000575	-0.544922	0.472168	-0.718506	0.590873	-0.146789	-0.225179	-0.760669
07778		4.781665	1.626080	8.357318	0.002756	-0.002306	-0.002393	-0.546875	0.470215	-0.714600	0.590861	-0.146804	-0.225165	-0.760679
07779		4.770764	1.633150	8.345918	0.003346	-0.002166	-0.002313	-0.542236	0.466309	-0.715820	0.590834	-0.146823	-0.225157	-0.760699
07780		4.779474	1.638434	8.348017	0.003728	-0.001493	-0.001582	-0.545410	0.467041	-0.721680	0.590831	-0.146814	-0.225157	-0.760703
07781		4.756579	1.637313	8.353007	0.002698	-0.002368	-0.001770	-0.531006	0.466797	-0.714600	0.590824	-0.146811	-0.225160	-0.760708
07782		4.758984	1.649096	8.365345	0.003289	-0.002228	-0.001690	-0.544189	0.474365	-0.716309	0.590860	-0.146802	-0.225154	-0.760684
07783		4.767581	1.645432	8.345216	0.004678	-0.002481	-0.002181	-0.544922	0.477539	-0.716797	0.590855	-0.146816	-0.225151	-0.760686
07784		4.769187	1.634273	8.362648	0.004771	-0.003138	-0.001586	-0.547852	0.469238	-0.720215	0.590856	-0.146845	-0.225146	-0.760681
07785		4.779743	1.641516	8.355280	0.003520	-0.000960	-0.000931	-0.541748	0.464844	-0.720947	0.590852	-0.146838	-0.225139	-0.760687
07786		4.754851	1.629653	8.347507	0.004353	-0.003092	-0.003535	-0.539551	0.468018	-0.714600	0.590838	-0.146817	-0.225170	-0.760693
07787		4.763552	1.635144	8.349566	0.003635	-0.000836	-0.002177	-0.537109	0.466797	-0.718262	0.590842	-0.146805	-0.225158	-0.760696
07788		4.775927	1.653369	8.355016	0.003403	-0.002104	-0.002936	-0.539307	0.466064	-0.721924	0.590850	-0.146789	-0.225161	-0.760692
07789		4.759388	1.645731	8.349752	0.003195	-0.001571	-0.002285	-0.537842	0.460693	-0.716064	0.590863	-0.146763	-0.225165	-0.760686
07790		4.767987	1.650929	8.351923	0.002987	-0.001038	-0.001634	-0.543457	0.466309	-0.711914	0.590870	-0.146735	-0.225167	-0.760685
07791		4.768916	1.630484	8.347535	0.004607	-0.000022	-0.001367	-0.539795	0.472412	-0.716797	0.590862	-0.146719	-0.225158	-0.760697
07792		4.771897	1.621007	8.355842	0.002605	-0.001711	-0.002365	-0.542725	0.465088	-0.715820	0.590869	-0.146729	-0.225135	-0.760696
07793		4.764307	1.632006	8.325706	0.005882	-0.000398	-0.000613	-0.546143	0.465820	-0.715088	0.590879	-0.146695	-0.225148	-0.760691
07794		4.766361	1.644104	8.338172	0.002569	-0.000993	-0.003584	-0.545166	0.468994	-0.711670	0.590839	-0.146691	-0.225137	-0.760726
07795		4.767652	1.632603	8.355876	0.002547	-0.001773	-0.001742	-0.538574	0.468750	-0.724121	0.590816	-0.146716	-0.225115	-0.760745
07796		4.771419	1.637345	8.336729	0.003843	-0.001369	-0.002829	-0.551025	0.471191	-0.716309	0.590836	-0.146682	-0.225121	-0.760735
07797		4.768122	1.634483	8.355240	0.002547	-0.001773	-0.001742	-0.547363	0.463867	-0.720459	0.590803	-0.146708	-0.225102	-0.760761
07798		4.762113	1.642033	8.365102	0.004563	-0.002603	-0.000935	-0.539551	0.464844	-0.712402	0.590791	-0.146695	-0.225130	-0.760764
07799		4.769011	1.636493	8.354339	0.004620	-0.002542	-0.001559	-0.541260	0.470215	-0.706787	0.590790	-0.146693	-0.225143	-0.760762
07800		4.777793	1.641835	8.356372	0.003671	-0.001554	-0.000960	-0.542236	0.462891	-0.720459	0.590784	-0.146719	-0.225118	-0.760769
07801		4.761383	1.634084	8.351073	0.003440	-0.002823	-0.001718	-0.539551	0.474609	-0.716064	0.590781	-0.146705	-0.225139	-0.760768
07802		4.770334	1.639220	8.353049	0.002259	-0.003104	-0.001877	-0.539551	0.474121	-0.712891	0.590790	-0.146740	-0.225116	-0.760761
07803		4.769079	1.638305	8.361984	0.005211	-0.002401	-0.001480	-0.537598	0.471924	-0.717529	0.590804	-0.146753	-0.225112	-0.760749
07804		4.754469	1.632723	8.347198	0.003554	-0.002700	-0.002965	-0.537842	0.467041	-0.713867	0.590813	-0.146758	-0.225108	-0.760742
07805		4.758782	1.646567	8.349984	0.003000	-0.003558	-0.001825	-0.543213	0.472900	-0.713867	0.590816	-0.146775	-0.225110	-0.760736
07806		4.770277	1.632316	8.338431	0.003785	-0.001430	-0.002207	-0.538086	0.469238	-0.721191	0.590809	-0.146787	-0.225092	-0.760744
07807		4.770914	1.642527	8.360109	0.004771	-0.003136	-0.001587	-0.540527	0.476562	-0.718262	0.590834	-0.146775	-0.225113	-0.760721
07808		4.775076	1.647499	8.340670	0.004389	-0.003810	-0.002317	-0.548340	0.475098	-0.722656	0.590845	-0.146799	-0.225115	-0.760707
07809		4.774913	1.634419	8.367590	0.004318	-0.001351	-0.001505	-0.541748	0.466553	-0.708008	0.590848	-0.146797	-0.225109	-0.760707
07810		4.778759	1.639288	8.348350	0.003554	-0.002700	-0.002965	-0.541748	0.470459	-0.714844	0.590817	-0.146817	-0.225107	-0.760728
07811		4.765475	1.630162	8.373776	0.002490	-0.001835	-0.001119	-0.543701	0.464355	-0.716064	0.590822	-0.146834	-0.225085	-0.760727
07812		4.766530	1.645322	8.345929	0.004295	-0.003154	-0.002913	-0.543213	0.478516	-0.710938	0.590796	-0.146830	-0.225110	-0.760740
07813		4.780102	1.642252	8.346999	0.004030	-0.002681	-0.001639	-0.543457	0.462158	-0.720947	0.590795	-0.146874	-0.225086	-0.760740
07814		4.768894	1.644388	8.385036	0.004677	-0.002479	-0.002184	-0.543701	0.467529	-0.719727	0.590787	-0.146845	-0.225120	-0.760742
07815		4.777515	1.640755	8.364865	0.004030	-0.002681	-0.001640	-0.548340	0.458008	-0.718018	0.590786	-0.146841	-0.225134	-0.760740
07816		4.756403	1.641673	8.360440	0.003784	-0.001430	-0.002208	-0.545410	0.464844	-0.718994	0.590749	-0.146812	-0.225158	-0.760766
07817		4.770267	1.652701	8.334289	0.003251	-0.001510	-0.002911	-0.538086	0.467773	-0.713379	0.590727	-0.146796	-0.225163	-0.760785
07818		4.756836	1.643420	8.359850	0.001158	-0.001521	-0.001250	-0.543945	0.465088	-0.718018	0.590737	-0.146813	-0.225130	-0.760784
07819		4.771809	1.641859	8.351774	0.004224	-0.000694	-0.002102	-0.553955	0.466797	-0.720459	0.590730	-0.146786	-0.225135	-0.760793
07820		4.760208	1.634959	8.367777	0.004828	-0.003074	-0.002212	-0.542236	0.467773	-0.711426	0.590687	-0.146787	-0.225164	-0.760818
07821		4.777226	1.635424	8.350083	0.001899	-0.001975	-0.001198	-0.540527	0.472412	-0.719482	0.590678	-0.146812	-0.225139	-0.760827
07822		4.775713	1.634266	8.359227	0.003043	-0.000976	-0.002260	-0.535889	0.468262	-0.715332	0.590692	-0.146806	-0.225119	-0.760824
07823		4.764692	1.641376	8.347852	0.004620	-0.002540	-0.001561	-0.533936	0.464844	-0.715820	0.590715	-0.146799	-0.225128	-0.760804
07824		4.768021	1.632177	8.355954	0.004200	-0.002498	-0.003510	-0.536865	0.469727	-0.717529	0.590722	-0.146779	-0.225144	-0.760798
07825		4.765438	1.643673	8.346975	0.003137	-0.001632	-0.001664	-0.541504	0.463867	-0.718506	0.590747	-0.146774	-0.225132	-0.760783
07826		4.768496	1.634070	8.355313	0.002834	-0.000442	-0.001610	-0.546875	0.471924	-0.716309	0.590751	-0.146750	-0.225124	-0.760787
07827		4.777138	1.639136	8.357459	0.002108	-0.002509	-0.001849	-0.543213	0.465088	-0.721680	0.590732	-0.146780	-0.225104	-0.760802
07828		4.769052	1.635489	8.354718	0.002929	-0.001098	-0.001014	-0.547363	0.466309	-0.718506	0.590742	-0.146761	-0.225102	-0.760799
07829		4.759255	1.630097	8.361355	0.003440	-0.002822	-0.001719	-0.542480	0.472900	-0.709961	0.590721	-0.146767	-0.225112	-0.760811
07830		4.765001	1.645756	8.354870	0.002891	-0.000381	-0.002234	-0.547119	0.471924	-0.713623	0.590712	-0.146782	-0.225074	-0.760826
07831		4.761286	1.633799	8.351413	0.003099	-0.000915	-0.002884	-0.541260	0.461914	-0.717041	0.590684	-0.146794	-0.225050	-0.760852
07832		4.763224	1.636467	8.341723	0.001423	-0.001995	-0.002524	-0.545654	0.467773	-0.719238	0.590669	-0.146790	-0.225044	-0.760867
07833		4.771923	1.641770	8.343787	0.005116	-0.001742	-0.002079	-0.543945	0.472168	-0.716553	0.590660	-0.146772	-0.225060	-0.760872
07834		4.763847	1.647556	8.363234	0.001082	-0.000088	-0.003690	-0.539551	0.468994	-0.717773	0.590641	-0.146779	-0.225015	-0.760899
07835		4.764787	1.626811	8.358999	0.002395	-0.001178	-0.001716	-0.541504	0.461670	-0.712158	0.590654	-0.146776	-0.224996	-0.760896
07836		4.764944	1.627559	8.358764	0.002452	-0.001117	-0.002340	-0.538086	0.469727	-0.715576	0.590634	-0.146768	-0.224987	-0.760915
07837		4.767645	1.653741	8.343725	0.003897	-0.001308	-0.003457	-0.538574	0.474609	-0.715088	0.590635	-0.146756	-0.224981	-0.760919
07838		4.765319	1.629654	8.358142	0.002811	-0.002246	-0.003018	-0.546387	0.468750	-0.709961	0.590639	-0.146775	-0.224960	-0.760918
07839		4.765726	1.630703	8.357705	0.004621	-0.002538	-0.001562	-0.541504	0.474854	-0.714600	0.590614	-0.146794	-0.224962	-0.760933
07840		4.769749	1.644926	8.360530	0.006145	-0.000864	-0.001896	-0.543213	0.458984	-0.718018	0.590628	-0.146782	-0.224960	-0.760925
07841		4.761847	1.650916	8.379841	0.002755	-0.002307	-0.002394	-0.545898	0.464600	-0.715576	0.590606	-0.146766	-0.224976	-0.760941
07842		4.761883	1.642934	8.357346	0.005229	-0.001620	-0.003328	-0.534180	0.467773	-0.717773	0.590574	-0.146744	-0.224997	-0.760963
07843		4.763980	1.646223	8.347436	0.004885	-0.003011	-0.002836	-0.545410	0.461670	-0.714600	0.590594	-0.146729	-0.225019	-0.760944
07844		4.770740	1.640971	8.336696	0.005229	-0.001620	-0.003328	-0.534912	0.473389	-0.711426	0.590559	-0.146702	-0.225044	-0.760969
07845		4.768187	1.661908	8.349854	0.004813	-0.000551	-0.002027	-0.541748	0.468018	-0.719238	0.590587	-0.146694	-0.225025	-0.760955
07846		4.775894	1.644103	8.357337	0.003250	-0.001510	-0.002912	-0.536133	0.467773	-0.711426	0.590582	-0.146683	-0.225022	-0.760961
07847		4.764743	1.651083	8.346040	0.003519	-0.000955	-0.000936	-0.540283	0.466797	-0.715332	0.590605	-0.146680	-0.225004	-0.760949
07848		4.759351	1.637328	8.351990	0.003211	-0.000794	-0.004133	-0.542480	0.469482	-0.722900	0.590587	-0.146663	-0.224996	-0.760969
07849		4.764670	1.653111	8.345681	0.002643	0.000869	-0.002805	-0.543213	0.470215	-0.718262	0.590595	-0.146629	-0.224971	-0.760976
07850		4.757252	1.637498	8.361226	0.003059	-0.000200	-0.004106	-0.532715	0.466553	-0.721924	0.590578	-0.146612	-0.224953	-0.760998
07851		4.777524	1.650887	8.347000	0.001918	-0.001199	-0.003042	-0.535645	0.466553	-0.717041	0.590606	-0.146589	-0.224941	-0.760985
07852		4.762115	1.630701	8.359952	0.002603	-0.001712	-0.002367	-0.543701	0.461182	-0.719971	0.590621	-0.146581	-0.224933	-0.760977
07853		4.756442	1.652518	8.342429	0.003897	-0.001308	-0.003458	-0.542480	0.473389	-0.715820	0.590596	-0.146547	-0.224951	-0.760997
07854		4.758843	1.629273	8.378250	0.004717	0.000105	-0.002625	-0.545410	0.466064	-0.708252	0.590601	-0.146531	-0.224934	-0.761002
07855		4.762363	1.634325	8.359102	0.004639	-0.001760	-0.003407	-0.538574	0.470703	-0.726318	0.590557	-0.146535	-0.224937	-0.761034
07856		4.768071	1.650415	8.352496	0.004582	-0.001821	-0.002783	-0.534180	0.473877	-0.723389	0.590583	-0.146504	-0.224952	-0.761016
07857		4.758266	1.645499	8.359078	0.004734	-0.002415	-0.002810	-0.533691	0.466309	-0.708984	0.590622	-0.146487	-0.224963	-0.760986
07858		4.765261	1.640004	8.348260	0.004812	-0.003846	-0.000368	-0.540039	0.471436	-0.713135	0.590646	-0.146505	-0.224977	-0.760959
07859		4.765866	1.640916	8.347736	0.002699	-0.002367	-0.001770	-0.547852	0.466553	-0.718262	0.590650	-0.146529	-0.224958	-0.760957
07860		4.761065	1.636246	8.375627	0.003879	-0.002083	-0.001614	-0.537598	0.467285	-0.719727	0.590630	-0.146528	-0.224965	-0.760970
07861		4.766723	1.642723	8.346891	0.003385	-0.002880	-0.001095	-0.539062	0.470703	-0.713623	0.590654	-0.146528	-0.224972	-0.760950
07862		4.758755	1.639373	8.344046	0.004526	-0.001881	-0.002160	-0.536377	0.472168	-0.721680	0.590661	-0.146529	-0.224970	-0.760945
07863		4.761135	1.651835	8.356194	0.006600	-0.002644	-0.001980	-0.537354	0.467773	-0.718506	0.590697	-0.146505	-0.225000	-0.760913
07864		4.772938	1.646959	8.366720	0.002108	-0.002509	-0.001848	-0.538574	0.470947	-0.714111	0.590711	-0.146512	-0.224991	-0.760903
07865		4.760074	1.642910	8.342598	0.004351	-0.003092	-0.003539	-0.548828	0.468994	-0.712158	0.590705	-0.146521	-0.224999	-0.760904
07866		4.765308	1.644760	8.363459	0.003631	-0.000833	-0.002186	-0.545654	0.464600	-0.707520	0.590675	-0.146528	-0.224983	-0.760931
07867		4.770101	1.637146	8.362398	0.002985	-0.001036	-0.001640	-0.540039	0.463135	-0.719971	0.590644	-0.146540	-0.224964	-0.760958
07868		4.756959	1.632985	8.338458	0.003727	-0.001488	-0.001588	-0.541748	0.470947	-0.717285	0.590652	-0.146516	-0.224973	-0.760953
07869		4.762509	1.648712	8.331981	0.003479	-0.000239	-0.002159	-0.544434	0.462646	-0.719238	0.590660	-0.146505	-0.224953	-0.760956
07870		4.765849	1.648399	8.362435	0.002013	-0.001854	-0.002446	-0.547607	0.467529	-0.718018	0.590638	-0.146500	-0.224951	-0.760975
07871		4.751061	1.642276	8.347904	0.003137	-0.001630	-0.001666	-0.539062	0.466309	-0.718262	0.590620	-0.146502	-0.224945	-0.760989
07872		4.765873	1.640934	8.339853	0.002905	0.000394	-0.004083	-0.545898	0.470947	-0.719238	0.590614	-0.146469	-0.224928	-0.761005
07873		4.759068	1.634655	8.377318	0.003553	-0.002699	-0.002967	-0.541504	0.467773	-0.715088	0.590595	-0.146478	-0.224931	-0.761017
07874		4.762800	1.639488	8.358065	0.003361	-0.001390	-0.004162	-0.543457	0.468750	-0.718018	0.590572	-0.146471	-0.224926	-0.761038
07875		4.767583	1.632064	8.356979	0.003631	-0.000833	-0.002186	-0.541016	0.471680	-0.716797	0.590570	-0.146459	-0.224917	-0.761045
07876		4.756467	1.639229	8.345602	0.004734	-0.002415	-0.002812	-0.544922	0.470459	-0.719482	0.590570	-0.146459	-0.224924	-0.761043
07877		4.756722	1.640356	8.345235	0.003575	-0.000893	-0.001563	-0.543945	0.469727	-0.713623	0.590573	-0.146453	-0.224913	-0.761045
07878		4.768345	1.635436	8.355885	0.004143	-0.002557	-0.002889	-0.544922	0.470215	-0.709961	0.590553	-0.146464	-0.224915	-0.761058
07879		4.765568	1.646889	8.346941	0.002945	-0.000321	-0.002862	-0.543213	0.466797	-0.714111	0.590528	-0.146472	-0.224884	-0.761084
07880		4.772024	1.641313	8.336449	0.004963	-0.001143	-0.002058	-0.553467	0.470215	-0.717773	0.590520	-0.146458	-0.224889	-0.761092
07881		4.755718	1.643085	8.353363	0.005115	-0.001737	-0.002084	-0.540771	0.469727	-0.717285	0.590487	-0.146458	-0.224898	-0.761115
07882		4.754178	1.642417	8.362466	0.003631	-0.000833	-0.002187	-0.541992	0.469482	-0.708252	0.590494	-0.146448	-0.224886	-0.761115
07883		4.752609	1.641633	8.371610	0.004317	-0.001344	-0.001512	-0.537109	0.468506	-0.719727	0.590488	-0.146459	-0.224873	-0.761122
07884		4.779502	1.648286	8.346936	0.002547	-0.001772	-0.001744	-0.538086	0.470947	-0.706543	0.590509	-0.146455	-0.224862	-0.761109
07885		4.759468	1.636510	8.360803	0.002187	-0.000642	-0.001068	-0.540283	0.464600	-0.719971	0.590518	-0.146479	-0.224818	-0.761110
07886		4.764166	1.628821	8.359828	0.004069	-0.000096	-0.002084	-0.536133	0.462158	-0.721680	0.590527	-0.146442	-0.224818	-0.761110
07887		4.756489	1.648641	8.351829	0.002298	-0.000523	-0.002316	-0.540771	0.465576	-0.721924	0.590543	-0.146409	-0.224811	-0.761107
07888		4.769665	1.645143	8.353226	0.000736	-0.001486	-0.003198	-0.544678	0.469727	-0.715576	0.590534	-0.146405	-0.224792	-0.761120
07889		4.736428	1.636924	8.365706	-0.001923	0.000167	-0.000206	-0.544434	0.466553	-0.717285	0.590536	-0.146440	-0.224715	-0.761135
07890		4.761354	1.640692	8.350810	-0.000326	-0.000618	-0.001351	-0.544922	0.468262	-0.720459	0.590526	-0.146456	-0.224669	-0.761153
07891		4.765230	1.653852	8.353849	0.001159	-0.001522	-0.001249	-0.542969	0.473877	-0.716553	0.590524	-0.146467	-0.224644	-0.761160
07892		4.764637	1.630928	8.359149	0.000854	-0.000333	-0.001197	-0.543701	0.469482	-0.720215	0.590533	-0.146487	-0.224592	-0.761164
07893		4.751716	1.635599	8.357377	0.002547	-0.001772	-0.001744	-0.540039	0.470215	-0.723145	0.590532	-0.146490	-0.224581	-0.761167
07894		4.763483	1.630445	8.368002	0.002908	-0.002901	-0.002420	-0.542480	0.460449	-0.720703	0.590541	-0.146492	-0.224585	-0.761159
07895		4.767162	1.635208	8.348773	0.004332	-0.000571	-0.003359	-0.547363	0.466309	-0.720703	0.590523	-0.146446	-0.224603	-0.761176
07896		4.759187	1.641028	8.368178	0.001423	-0.001997	-0.002523	-0.548828	0.465088	-0.721924	0.590497	-0.146454	-0.224591	-0.761199
07897		4.760792	1.634259	8.336466	0.001764	-0.000606	-0.003018	-0.538330	0.464111	-0.706299	0.590465	-0.146441	-0.224576	-0.761230
07898		4.766189	1.645163	8.379500	0.003935	-0.002021	-0.002240	-0.540771	0.469971	-0.712891	0.590451	-0.146448	-0.224574	-0.761241
07899		4.757801	1.632725	8.354676	0.004103	-0.001843	-0.004112	-0.541504	0.470947	-0.718262	0.590430	-0.146447	-0.224572	-0.761258
07900		4.753356	1.642267	8.355136	0.001478	-0.001938	-0.003147	-0.543213	0.463379	-0.720215	0.590420	-0.146461	-0.224550	-0.761269
07901		4.768399	1.640528	8.347022	0.000680	-0.001546	-0.002574	-0.541992	0.465576	-0.710938	0.590403	-0.146461	-0.224532	-0.761288
07902		4.752205	1.641384	8.364069	0.000721	-0.002259	-0.001352	-0.542236	0.470703	-0.720947	0.590387	-0.146493	-0.224503	-0.761302
07903		4.789004	1.639750	8.359773	0.001616	-0.003305	-0.001327	-0.547119	0.463623	-0.716309	0.590393	-0.146519	-0.224492	-0.761296
07904		4.757856	1.633833	8.362535	0.002873	-0.001153	-0.000394	-0.531250	0.469727	-0.711182	0.590383	-0.146517	-0.224483	-0.761307
07905		4.753414	1.643342	8.362998	0.005115	-0.001735	-0.002087	-0.535156	0.472656	-0.703369	0.590413	-0.146506	-0.224487	-0.761285
07906		4.763295	1.627559	8.360873	0.004927	-0.003720	-0.001617	-0.543213	0.463867	-0.716797	0.590420	-0.146543	-0.224487	-0.761272
07907		4.761086	1.648238	8.373788	0.003671	-0.001545	-0.000967	-0.544189	0.468506	-0.717529	0.590418	-0.146533	-0.224491	-0.761274
07908		4.749410	1.631848	8.367835	0.004511	-0.002650	-0.000318	-0.539795	0.473145	-0.716797	0.590426	-0.146537	-0.224501	-0.761264
07909		4.753514	1.645691	8.370589	0.003137	-0.001628	-0.001668	-0.534180	0.461182	-0.718262	0.590441	-0.146546	-0.224484	-0.761256
07910		4.769598	1.622613	8.358463	0.003297	-0.001187	0.001555	-0.543945	0.467529	-0.724121	0.590492	-0.146525	-0.224484	-0.761220
07911		4.773750	1.636398	8.361197	0.005309	-0.003042	-0.000891	-0.538330	0.468018	-0.717773	0.590504	-0.146512	-0.224515	-0.761204
07912		4.761326	1.641759	8.359007	0.005461	-0.003636	-0.000917	-0.543945	0.463867	-0.720215	0.590524	-0.146510	-0.224545	-0.761181
07913		4.763541	1.644657	8.349063	0.004206	-0.001461	-0.000266	-0.540283	0.465088	-0.718262	0.590533	-0.146492	-0.224555	-0.761174
07914		4.766782	1.635077	8.357418	0.002339	-0.001236	-0.001095	-0.542969	0.466553	-0.713379	0.590542	-0.146486	-0.224543	-0.761172
07915		4.755797	1.641908	8.346005	0.004240	-0.003210	-0.002293	-0.545410	0.468750	-0.715576	0.590523	-0.146496	-0.224557	-0.761181
07916		4.751268	1.637648	8.373766	0.005309	-0.003042	-0.000891	-0.534668	0.460693	-0.705811	0.590518	-0.146503	-0.224576	-0.761178
07917		4.778460	1.644585	8.348788	0.005309	-0.003042	-0.000891	-0.539795	0.472412	-0.720947	0.590523	-0.146503	-0.224598	-0.761167
07918		4.765304	1.626702	8.352111	0.004982	-0.003661	-0.002242	-0.538086	0.471191	-0.719971	0.590536	-0.146506	-0.224622	-0.761150
07919		4.769696	1.641042	8.354585	0.005245	-0.004138	-0.003516	-0.542969	0.471436	-0.717773	0.590538	-0.146506	-0.224655	-0.761138
07920		4.765680	1.650805	8.354743	0.003594	-0.003412	-0.001746	-0.541016	0.466064	-0.717285	0.590537	-0.146525	-0.224660	-0.761133
07921		4.744392	1.642234	8.328309	0.003934	-0.002021	-0.002242	-0.540039	0.475342	-0.714600	0.590534	-0.146516	-0.224668	-0.761135
07922		4.759620	1.636552	8.369447	0.005725	-0.004112	-0.002192	-0.542725	0.467773	-0.721924	0.590542	-0.146536	-0.224689	-0.761119
07923		4.752830	1.665786	8.383052	0.002109	-0.002509	-0.001848	-0.541748	0.462158	-0.714844	0.590542	-0.146543	-0.224685	-0.761119
07924		4.765753	1.643824	8.340158	0.003824	-0.002138	-0.000994	-0.539795	0.472900	-0.714844	0.590539	-0.146537	-0.224694	-0.761120
07925		4.762886	1.641161	8.358561	0.004129	-0.003327	-0.001045	-0.542480	0.464111	-0.714600	0.590554	-0.146559	-0.224697	-0.761103
07926		4.756624	1.639363	8.346360	0.002338	-0.001236	-0.001096	-0.541260	0.469727	-0.713379	0.590550	-0.146560	-0.224682	-0.761111
07927		4.766592	1.632488	8.366494	0.003934	-0.002021	-0.002243	-0.537598	0.471191	-0.710205	0.590546	-0.146565	-0.224679	-0.761114
07928		4.757003	1.641337	8.345756	0.003586	-0.000120	-0.003415	-0.544922	0.472656	-0.717773	0.590544	-0.146558	-0.224655	-0.761123
07929		4.773354	1.627936	8.355631	0.003059	-0.003496	-0.002447	-0.543701	0.468506	-0.715820	0.590531	-0.146583	-0.224655	-0.761128
07930		4.772207	1.627174	8.364562	0.004621	-0.002530	-0.001568	-0.535400	0.470215	-0.715820	0.590527	-0.146586	-0.224666	-0.761128
07931		4.767012	1.662926	8.319200	0.003607	-0.002641	-0.003594	-0.541260	0.469482	-0.712402	0.590532	-0.146587	-0.224670	-0.761123
07932		4.753169	1.630891	8.350347	0.002656	-0.001654	-0.002995	-0.534668	0.468750	-0.711914	0.590518	-0.146597	-0.224653	-0.761137
07933		4.775586	1.655265	8.348412	0.002011	-0.001856	-0.002447	-0.543945	0.467041	-0.719238	0.590527	-0.146609	-0.224632	-0.761134
07934		4.765115	1.626733	8.360704	0.003989	-0.001962	-0.002868	-0.542480	0.469971	-0.721680	0.590513	-0.146598	-0.224642	-0.761143
07935		4.752984	1.655349	8.353194	0.005114	-0.001733	-0.002091	-0.542236	0.465576	-0.715576	0.590522	-0.146579	-0.224657	-0.761135
07936		4.753278	1.656305	8.352837	0.001421	-0.002000	-0.002523	-0.542236	0.468994	-0.716309	0.590505	-0.146590	-0.224641	-0.761151
07937		4.761192	1.638269	8.360452	0.003628	-0.000832	-0.002193	-0.532227	0.470215	-0.711426	0.590505	-0.146581	-0.224631	-0.761156
07938		4.757589	1.626118	8.357130	0.001650	-0.000726	-0.001772	-0.541748	0.465088	-0.720215	0.590532	-0.146588	-0.224594	-0.761144
07939		4.750198	1.645817	8.348886	0.004240	-0.003209	-0.002295	-0.546631	0.470947	-0.722656	0.590526	-0.146582	-0.224619	-0.761143
07940		4.748731	1.644798	8.358055	0.001290	0.000404	-0.001097	-0.539307	0.470215	-0.717529	0.590533	-0.146576	-0.224580	-0.761150
07941		4.769898	1.636186	8.339863	0.001060	-0.000870	-0.001848	-0.544922	0.463623	-0.724121	0.590544	-0.146584	-0.224545	-0.761151
07942		4.764933	1.631456	8.368022	0.002503	-0.001060	-0.002970	-0.543457	0.471680	-0.717285	0.590527	-0.146561	-0.224545	-0.761168
07943		4.763781	1.644274	8.349664	0.002283	-0.001294	-0.000472	-0.539062	0.467773	-0.720703	0.590541	-0.146575	-0.224520	-0.761163
07944		4.757451	1.651613	8.359734	0.001607	-0.000015	-0.002995	-0.543945	0.470703	-0.714844	0.590545	-0.146557	-0.224494	-0.761170
07945		4.777016	1.641559	8.350871	0.003136	-0.001627	-0.001670	-0.533936	0.474365	-0.707275	0.590541	-0.146567	-0.224480	-0.761176
07946		4.769167	1.647432	8.370230	0.003246	-0.001511	-0.002919	-0.538330	0.471924	-0.713135	0.590552	-0.146583	-0.224456	-0.761171
07947		4.762719	1.645702	8.358122	0.003081	-0.001686	-0.001046	-0.541504	0.472168	-0.718506	0.590571	-0.146596	-0.224438	-0.761159
07948		4.759233	1.633422	8.354769	0.001650	-0.000726	-0.001772	-0.539795	0.467285	-0.723389	0.590581	-0.146602	-0.224406	-0.761160
07949		4.749515	1.641701	8.334189	0.002087	0.000012	-0.001671	-0.536133	0.471680	-0.713867	0.590598	-0.146579	-0.224386	-0.761157
07950		4.774008	1.632581	8.346596	0.003683	-0.000773	-0.002818	-0.540771	0.462891	-0.705566	0.590611	-0.146570	-0.224372	-0.761152
07951		4.759301	1.635660	8.354292	0.001060	-0.000870	-0.001848	-0.537109	0.468994	-0.719238	0.590588	-0.146588	-0.224336	-0.761177
07952		4.764165	1.627656	8.353328	0.001803	-0.001320	-0.001797	-0.542969	0.479004	-0.719971	0.590606	-0.146587	-0.224316	-0.761170
07953		4.763209	1.649893	8.357017	0.002940	-0.000322	-0.002869	-0.545654	0.472168	-0.709229	0.590616	-0.146587	-0.224287	-0.761170
07954		4.764286	1.629302	8.352938	0.002448	-0.001118	-0.002346	-0.546143	0.464600	-0.713867	0.590594	-0.146609	-0.224256	-0.761192
07955		4.761459	1.640419	8.343989	0.002601	-0.001713	-0.002371	-0.548340	0.468506	-0.723877	0.590564	-0.146614	-0.224248	-0.761217
07956		4.751662	1.634971	8.350801	0.002011	-0.001856	-0.002447	-0.529541	0.462891	-0.717773	0.590545	-0.146616	-0.224241	-0.761234
07957		4.760397	1.640126	8.352792	0.002164	-0.002451	-0.002472	-0.541260	0.471680	-0.718506	0.590565	-0.146607	-0.224244	-0.761219
07958		4.757256	1.637242	8.371430	0.001705	-0.000668	-0.002397	-0.544434	0.472412	-0.716553	0.590569	-0.146608	-0.224214	-0.761224
07959		4.757481	1.637705	8.371212	0.000187	-0.002346	-0.002050	-0.544434	0.473877	-0.719971	0.590556	-0.146646	-0.224179	-0.761237
07960		4.759719	1.653924	8.333944	0.003365	-0.000352	-0.000921	-0.540283	0.467041	-0.710693	0.590573	-0.146640	-0.224158	-0.761232
07961		4.751113	1.636299	8.358997	0.001268	-0.001406	-0.002498	-0.541016	0.469482	-0.711670	0.590557	-0.146656	-0.224129	-0.761249
07962		4.767570	1.622532	8.368928	0.002645	-0.002423	-0.001147	-0.540283	0.462891	-0.711182	0.590557	-0.146678	-0.224116	-0.761249
07963		4.750045	1.635717	8.367865	0.001595	-0.000784	-0.001148	-0.536377	0.467285	-0.716553	0.590552	-0.146682	-0.224091	-0.761260
07964		4.753602	1.639952	8.348720	0.003136	-0.001627	-0.001671	-0.540527	0.469971	-0.725342	0.590567	-0.146675	-0.224086	-0.761251
07965		4.753394	1.617721	8.353859	0.004776	-0.003121	-0.001595	-0.533691	0.471924	-0.721191	0.590585	-0.146664	-0.224114	-0.761231
07966		4.761220	1.644642	8.359578	0.002754	-0.002307	-0.002397	-0.537109	0.469971	-0.713379	0.590612	-0.146663	-0.224111	-0.761211
07967		4.749860	1.641831	8.326216	0.001902	-0.001973	-0.001198	-0.540771	0.469482	-0.721680	0.590626	-0.146681	-0.224089	-0.761203
