// Start Time: Unknown
// Update Rate: 40.0Hz
// Filter Profile: human (46.1)
// Firmware Version: 4.6.0
PacketCounter	SampleTimeFine	Acc_X	Acc_Y	Acc_Z	Gyr_X	Gyr_Y	Gyr_Z	Mag_X	Mag_Y	Mag_Z	Quat_q0	Quat_q1	Quat_q2	Quat_q3
07338		9.690065	0.122679	-1.544422	-0.003023	0.003317	-0.005802	-0.835938	0.140869	-0.276855	0.636752	-0.138083	-0.748095	-0.125835
07339		9.696453	0.117995	-1.540098	-0.002334	0.003147	-0.009043	-0.833740	0.138916	-0.273193	0.636763	-0.138012	-0.748081	-0.125934
07340		9.677555	0.112307	-1.547204	-0.006723	0.001009	-0.006178	-0.838135	0.137939	-0.275635	0.636748	-0.138005	-0.748076	-0.126049
07341		9.669552	0.074602	-1.524518	-0.000907	0.002926	-0.005344	-0.832275	0.136475	-0.282715	0.636766	-0.137958	-0.748061	-0.126104
07342		9.692597	0.082530	-1.524900	0.008778	0.004278	-0.005730	-0.829834	0.136230	-0.274658	0.636813	-0.137831	-0.748049	-0.126072
07343		9.678663	0.146807	-1.515831	0.005646	0.002602	-0.003371	-0.833740	0.144531	-0.272461	0.636846	-0.137756	-0.748040	-0.126044
07344		9.672372	0.140474	-1.517544	-0.008313	0.000111	-0.002958	-0.833252	0.141357	-0.289062	0.636833	-0.137798	-0.748026	-0.126141
07345		9.690430	0.090648	-1.536170	-0.008370	-0.000390	-0.001540	-0.830811	0.146729	-0.269775	0.636821	-0.137853	-0.748012	-0.126229
07346		9.686600	0.119498	-1.529873	0.007609	0.003665	-0.001789	-0.835938	0.141357	-0.264648	0.636874	-0.137776	-0.747991	-0.126171
07347		9.674163	0.133386	-1.535972	0.011649	0.004605	-0.007267	-0.836182	0.149902	-0.283936	0.636936	-0.137615	-0.747976	-0.126119
07348		9.667912	0.127778	-1.537405	0.002557	0.000660	-0.007758	-0.833984	0.149658	-0.268799	0.636948	-0.137529	-0.747977	-0.126151
07349		9.690777	0.122907	-1.537077	-0.001522	-0.000013	-0.009798	-0.828613	0.144043	-0.279785	0.636937	-0.137457	-0.747985	-0.126234
07350		9.665448	0.069372	-1.541932	0.000895	0.002869	-0.011109	-0.837402	0.138428	-0.274170	0.636960	-0.137347	-0.747973	-0.126312
07351		9.680551	0.080827	-1.524463	0.003532	0.005183	-0.012296	-0.827393	0.133057	-0.277344	0.637003	-0.137208	-0.747952	-0.126368
07352		9.660115	0.085247	-1.511358	0.004961	0.002776	-0.014398	-0.832764	0.138916	-0.275635	0.637028	-0.137040	-0.747953	-0.126419
07353		9.686323	0.091012	-1.553265	0.011801	0.000589	-0.016857	-0.834961	0.145264	-0.267334	0.637044	-0.136814	-0.747982	-0.126409
07354		9.677747	0.093132	-1.567085	0.017713	0.004935	-0.018393	-0.826904	0.137695	-0.282715	0.637095	-0.136542	-0.748000	-0.126345
07355		9.668346	0.107784	-1.528177	0.020713	0.007035	-0.017445	-0.834961	0.151367	-0.271484	0.637192	-0.136231	-0.747988	-0.126262
07356		9.668584	0.124562	-1.527957	0.016290	0.007731	-0.013635	-0.827148	0.138184	-0.279297	0.637276	-0.136042	-0.747968	-0.126158
07357		9.677435	0.142248	-1.513410	0.007472	0.005894	-0.009619	-0.825439	0.136963	-0.275879	0.637348	-0.135910	-0.747935	-0.126133
07358		9.671293	0.137005	-1.514238	-0.000372	0.004203	-0.007475	-0.836182	0.138184	-0.274902	0.637387	-0.135852	-0.747907	-0.126164
07359		9.688003	0.124692	-1.515147	0.004360	0.002794	-0.007728	-0.833008	0.144043	-0.279053	0.637412	-0.135781	-0.747902	-0.126143
07360		9.675595	0.112190	-1.517862	0.009050	0.008599	-0.009709	-0.834961	0.144043	-0.283203	0.637519	-0.135665	-0.747839	-0.126101
07361		9.683781	0.153122	-1.538345	0.017099	0.006773	-0.008587	-0.828125	0.141113	-0.280029	0.637639	-0.135506	-0.747787	-0.125975
07362		9.686387	0.162940	-1.525398	0.019214	0.010761	-0.010802	-0.829834	0.150146	-0.276367	0.637782	-0.135269	-0.747726	-0.125862
07363		9.676365	0.172542	-1.518098	0.008871	0.006327	-0.010781	-0.829834	0.143066	-0.274658	0.637855	-0.135180	-0.747689	-0.125812
07364		9.674197	0.166605	-1.527900	-0.001549	0.002811	-0.008867	-0.836426	0.147217	-0.274170	0.637862	-0.135147	-0.747681	-0.125859
07365		9.686920	0.142128	-1.518578	-0.000492	0.002425	-0.009969	-0.831299	0.138916	-0.281250	0.637855	-0.135143	-0.747682	-0.125894
07366		9.685416	0.126234	-1.494693	0.004019	0.006349	-0.010355	-0.837891	0.138916	-0.276123	0.637928	-0.135019	-0.747634	-0.125940
07367		9.672999	0.127793	-1.498907	0.014723	0.005429	-0.010892	-0.837402	0.142334	-0.275635	0.637971	-0.134822	-0.747644	-0.125872
07368		9.683439	0.135855	-1.504522	0.018040	0.005014	-0.009517	-0.829102	0.147705	-0.281738	0.638019	-0.134645	-0.747656	-0.125751
07369		9.675588	0.139178	-1.485769	0.016586	0.004084	-0.006941	-0.836914	0.143799	-0.279541	0.638121	-0.134543	-0.747608	-0.125622
07370		9.675720	0.153585	-1.486125	0.010797	0.006261	-0.002926	-0.827393	0.145996	-0.276367	0.638206	-0.134502	-0.747560	-0.125523
07371		9.692474	0.153443	-1.488333	0.004531	0.002505	-0.000858	-0.835938	0.136719	-0.280518	0.638250	-0.134536	-0.747530	-0.125444
07372		9.680028	0.125871	-1.490347	0.003690	0.001545	-0.004962	-0.833984	0.140381	-0.281738	0.638278	-0.134458	-0.747519	-0.125450
07373		9.686488	0.092990	-1.483247	0.009241	0.001746	-0.005969	-0.831543	0.141602	-0.287109	0.638335	-0.134367	-0.747495	-0.125403
07374		9.680397	0.059239	-1.481502	0.015052	0.003689	-0.005140	-0.833008	0.142090	-0.271729	0.638475	-0.134252	-0.747412	-0.125305
07375		9.684483	0.072321	-1.491043	0.022863	0.003866	-0.003670	-0.829102	0.147949	-0.281006	0.638498	-0.134092	-0.747462	-0.125060
07376		9.663984	0.087548	-1.479528	0.027555	0.004918	-0.005651	-0.828613	0.139648	-0.282715	0.638636	-0.133963	-0.747412	-0.124793
07377		9.677688	0.116679	-1.529801	0.026622	0.001932	-0.004714	-0.831543	0.143555	-0.275635	0.638754	-0.133748	-0.747389	-0.124559
07378		9.690456	0.103643	-1.521832	0.021587	0.004825	-0.002704	-0.832764	0.136230	-0.283691	0.638814	-0.133644	-0.747397	-0.124313
07379		9.683178	0.109696	-1.470976	0.013577	0.003790	-0.004768	-0.834961	0.135986	-0.276123	0.638914	-0.133492	-0.747354	-0.124223
07380		9.691374	0.094322	-1.486186	0.015976	0.003734	-0.002940	-0.827881	0.140137	-0.277100	0.638933	-0.133329	-0.747392	-0.124065
07381		9.677279	0.075528	-1.468015	0.020831	0.003723	-0.003373	-0.824951	0.139404	-0.276855	0.639000	-0.133185	-0.747398	-0.123843
07382		9.686940	0.119318	-1.511038	0.023288	0.003768	-0.005636	-0.834229	0.136230	-0.283691	0.639076	-0.132988	-0.747406	-0.123613
07383		9.679014	0.122447	-1.492675	0.012962	0.002253	-0.008752	-0.836426	0.139893	-0.280029	0.639149	-0.132812	-0.747384	-0.123553
07384		9.695120	0.120200	-1.527467	0.006827	0.002822	-0.010011	-0.836182	0.136719	-0.282959	0.639166	-0.132743	-0.747386	-0.123534
07385		9.689614	0.091810	-1.493438	0.002613	0.002157	-0.011401	-0.830566	0.139648	-0.279541	0.639197	-0.132642	-0.747368	-0.123590
07386		9.692341	0.020232	-1.472280	0.007968	0.001905	-0.010339	-0.839111	0.136230	-0.279541	0.639221	-0.132557	-0.747370	-0.123549
07387		9.685880	0.069803	-1.480196	0.022931	0.003591	-0.010452	-0.836914	0.141846	-0.278320	0.639244	-0.132304	-0.747420	-0.123396
07388		9.677710	0.128004	-1.467973	0.030140	0.006377	-0.008130	-0.828613	0.135742	-0.272949	0.639309	-0.132123	-0.747441	-0.123124
07389		9.667307	0.177479	-1.466468	0.016656	0.004989	-0.005737	-0.833740	0.140869	-0.282471	0.639303	-0.131939	-0.747508	-0.122946
07390		9.681843	0.155923	-1.478163	-0.001920	0.000833	-0.002537	-0.834717	0.137451	-0.277344	0.639337	-0.132064	-0.747457	-0.122946
07391		9.698556	0.129294	-1.478298	-0.005167	-0.003033	-0.005305	-0.827148	0.140869	-0.279541	0.639247	-0.132117	-0.747518	-0.122985
07392		9.675613	0.123598	-1.477530	0.001202	-0.000823	-0.004417	-0.829834	0.144775	-0.282959	0.639263	-0.132190	-0.747497	-0.122949
07393		9.681680	0.159223	-1.478877	0.005254	0.000908	-0.004582	-0.825195	0.135742	-0.273193	0.639339	-0.132321	-0.747419	-0.122889
07394		9.693750	0.157486	-1.505102	0.003615	0.001668	-0.008418	-0.832031	0.136475	-0.278320	0.639291	-0.132196	-0.747489	-0.122847
07395		9.676580	0.156043	-1.533977	-0.002392	-0.001147	-0.009828	-0.835205	0.145996	-0.276611	0.639241	-0.132151	-0.747529	-0.122911
07396		9.687528	0.140915	-1.505401	-0.010650	0.000585	-0.006217	-0.829590	0.147461	-0.270264	0.639164	-0.132440	-0.747530	-0.122997
07397		9.675609	0.118506	-1.475776	-0.015517	-0.002748	-0.005288	-0.834961	0.140625	-0.277100	0.638990	-0.132801	-0.747602	-0.123071
07398		9.681668	0.054912	-1.498406	-0.011977	-0.003715	-0.003785	-0.829346	0.139648	-0.281982	0.638885	-0.132985	-0.747644	-0.123167
07399		9.679555	0.020103	-1.506415	0.004717	-0.000365	-0.002450	-0.833740	0.141846	-0.273682	0.638945	-0.133022	-0.747593	-0.123126
07400		9.685823	0.027530	-1.504281	0.018899	0.001650	-0.002761	-0.838623	0.138916	-0.283936	0.638902	-0.132983	-0.747673	-0.122903
07401		9.679686	0.092301	-1.482013	0.016720	0.001930	0.000868	-0.827881	0.136230	-0.286865	0.638984	-0.132952	-0.747633	-0.122754
07402		9.683175	0.100063	-1.524017	0.019152	0.003798	0.001734	-0.838623	0.147217	-0.284668	0.639189	-0.132834	-0.747507	-0.122584
07403		9.677671	0.081972	-1.491569	0.010466	0.001502	0.002460	-0.823242	0.143555	-0.274414	0.639266	-0.133086	-0.747416	-0.122460
07404		9.671170	0.115151	-1.498373	0.005135	0.000323	0.000934	-0.826172	0.142334	-0.279785	0.639255	-0.133210	-0.747430	-0.122296
07405		9.673611	0.096223	-1.484076	0.006594	0.000848	-0.004319	-0.835938	0.134277	-0.282471	0.639303	-0.133265	-0.747392	-0.122218
07406		9.683596	0.071850	-1.519298	0.011345	0.002798	-0.005068	-0.835938	0.132568	-0.277100	0.639355	-0.133074	-0.747390	-0.122164
07407		9.686632	0.057361	-1.472438	0.010169	0.001800	-0.003780	-0.832520	0.141846	-0.283447	0.639316	-0.132844	-0.747480	-0.122067
07408		9.694867	0.114517	-1.464201	0.001992	0.002600	-0.002056	-0.834717	0.147705	-0.283936	0.639393	-0.132969	-0.747395	-0.122053
07409		9.676326	0.079966	-1.467826	-0.005540	0.002322	-0.004820	-0.837158	0.139648	-0.275391	0.639446	-0.133282	-0.747282	-0.122125
07410		9.692652	0.050036	-1.499487	-0.004733	0.000186	-0.007753	-0.837891	0.146973	-0.277832	0.639334	-0.133307	-0.747367	-0.122164
07411		9.673911	0.030039	-1.505500	-0.001892	-0.000994	-0.005668	-0.829102	0.135986	-0.281982	0.639256	-0.133538	-0.747392	-0.122165
07412		9.694917	0.047714	-1.487287	0.006900	-0.000646	-0.006082	-0.820312	0.144287	-0.277100	0.639301	-0.133416	-0.747381	-0.122132
07413		9.680565	0.057122	-1.473001	0.009585	0.002973	-0.003386	-0.828613	0.142822	-0.280029	0.639372	-0.133484	-0.747333	-0.121977
07414		9.690391	0.060229	-1.511385	0.009170	0.002282	-0.006772	-0.830811	0.145996	-0.279053	0.639423	-0.133506	-0.747298	-0.121899
07415		9.680791	0.045388	-1.470494	0.003103	-0.000631	-0.004084	-0.830811	0.141602	-0.272705	0.639414	-0.133687	-0.747283	-0.121841
07416		9.699439	0.068215	-1.464914	0.001929	-0.002031	-0.005462	-0.833984	0.145508	-0.284424	0.639297	-0.133703	-0.747395	-0.121749
07417		9.684577	0.059952	-1.481739	0.007900	-0.001123	-0.003092	-0.824463	0.137939	-0.281494	0.639355	-0.133876	-0.747322	-0.121703
07418		9.682073	0.079577	-1.496276	0.013819	-0.001508	-0.004630	-0.833740	0.139404	-0.281494	0.639426	-0.133747	-0.747306	-0.121572
07419		9.685900	0.092707	-1.507260	0.012421	-0.001941	-0.003469	-0.831543	0.147217	-0.279297	0.639438	-0.133693	-0.747323	-0.121463
07420		9.680004	0.104183	-1.479143	0.007323	-0.000757	-0.008034	-0.837646	0.145020	-0.281494	0.639430	-0.133830	-0.747315	-0.121401
07421		9.686150	0.113114	-1.477616	0.002573	-0.002711	-0.007283	-0.834961	0.132324	-0.284424	0.639392	-0.133973	-0.747320	-0.121416
07422		9.690318	0.086500	-1.483599	-0.001667	-0.001968	-0.008207	-0.831787	0.134277	-0.279297	0.639404	-0.133824	-0.747318	-0.121529
07423		9.680221	0.054582	-1.473928	0.002514	-0.003202	-0.005856	-0.828613	0.135742	-0.277100	0.639364	-0.133679	-0.747381	-0.121514
07424		9.683628	0.050901	-1.515413	0.011481	-0.000968	-0.007892	-0.832764	0.137695	-0.273682	0.639346	-0.133466	-0.747452	-0.121403
07425		9.677365	0.103783	-1.492195	0.014134	0.000339	-0.006902	-0.830566	0.155029	-0.281982	0.639277	-0.133287	-0.747569	-0.121242
07426		9.681745	0.121634	-1.470716	0.002825	-0.000960	-0.005455	-0.827881	0.145020	-0.278320	0.639315	-0.133713	-0.747465	-0.121214
07427		9.693885	0.105751	-1.495805	-0.000751	-0.001514	-0.003325	-0.833008	0.140625	-0.280518	0.639305	-0.133891	-0.747448	-0.121180
07428		9.676842	0.089002	-1.523284	-0.002594	-0.000816	-0.002419	-0.836914	0.145020	-0.279541	0.639299	-0.133990	-0.747432	-0.121199
07429		9.673010	0.063667	-1.511565	-0.005637	-0.003837	-0.004589	-0.827148	0.145508	-0.284180	0.639224	-0.134205	-0.747448	-0.121253
07430		9.681437	0.066987	-1.497942	-0.003681	-0.003149	-0.005685	-0.822754	0.143799	-0.283203	0.639273	-0.134426	-0.747355	-0.121324
07431		9.687706	0.062033	-1.494834	0.001849	-0.001504	-0.006243	-0.833496	0.144531	-0.283691	0.639355	-0.134532	-0.747265	-0.121331
07432		9.694197	0.043212	-1.489547	0.011873	0.000752	-0.006717	-0.833740	0.144043	-0.278809	0.639420	-0.134584	-0.747208	-0.121284
07433		9.671094	0.064846	-1.491559	0.015532	0.000780	-0.008071	-0.831543	0.145508	-0.275635	0.639424	-0.134536	-0.747234	-0.121156
07434		9.687240	0.106720	-1.499920	0.008379	-0.000331	-0.003809	-0.826416	0.145264	-0.280518	0.639384	-0.134590	-0.747281	-0.121012
07435		9.679127	0.109502	-1.482692	-0.003601	-0.003277	-0.002237	-0.834717	0.143311	-0.272705	0.639389	-0.134792	-0.747241	-0.121012
07436		9.693536	0.088006	-1.495898	-0.006393	-0.004549	-0.002578	-0.828369	0.153564	-0.276367	0.639236	-0.134894	-0.747361	-0.120970
07437		9.670330	0.050261	-1.524307	0.000140	-0.003778	-0.002813	-0.834717	0.144287	-0.276123	0.639185	-0.135229	-0.747355	-0.120897
07438		9.695222	0.066341	-1.515577	0.004552	-0.002638	-0.003508	-0.832275	0.141846	-0.283447	0.639115	-0.135279	-0.747419	-0.120811
07439		9.674345	0.082117	-1.505843	0.005950	-0.002204	-0.004673	-0.832031	0.149902	-0.280762	0.639152	-0.135315	-0.747381	-0.120813
07440		9.680657	0.077079	-1.502494	0.005202	-0.000382	-0.008505	-0.826904	0.141357	-0.278564	0.639169	-0.135490	-0.747335	-0.120814
07441		9.678428	0.070650	-1.513385	0.001824	-0.000485	-0.008451	-0.827393	0.148438	-0.276123	0.639177	-0.135445	-0.747337	-0.120809
07442		9.682822	0.089404	-1.491690	-0.001105	0.001617	-0.008647	-0.829590	0.147949	-0.275391	0.639170	-0.135571	-0.747321	-0.120804
07443		9.670545	0.063019	-1.493919	-0.004683	-0.002278	-0.006009	-0.833740	0.146973	-0.281494	0.639105	-0.135737	-0.747347	-0.120803
07444		9.674092	0.045933	-1.533729	-0.001583	-0.002503	-0.007431	-0.829834	0.138916	-0.277832	0.639091	-0.135907	-0.747315	-0.120879
07445		9.678410	0.019267	-1.539346	0.008916	0.000546	-0.008622	-0.833496	0.147949	-0.287354	0.639100	-0.135729	-0.747351	-0.120812
07446		9.685407	0.063828	-1.476145	0.012518	0.003423	-0.009055	-0.833740	0.145508	-0.279541	0.639229	-0.135848	-0.747212	-0.120851
07447		9.682919	0.084615	-1.489933	0.008916	0.000546	-0.008623	-0.838867	0.154541	-0.288086	0.639234	-0.135856	-0.747213	-0.120812
07448		9.680896	0.064100	-1.499022	0.001487	-0.000902	-0.005724	-0.830322	0.139893	-0.280273	0.639287	-0.136270	-0.747072	-0.120940
07449		9.693436	0.065836	-1.493668	0.000868	-0.001243	-0.001694	-0.822998	0.150391	-0.278809	0.639294	-0.136275	-0.747068	-0.120922
07450		9.680954	0.051629	-1.498044	0.000198	-0.002884	-0.001572	-0.836182	0.143555	-0.283447	0.639308	-0.136493	-0.747028	-0.120850
07451		9.688728	0.063415	-1.517931	0.002625	-0.001006	-0.000712	-0.833740	0.144775	-0.285645	0.639326	-0.136623	-0.746985	-0.120873
07452		9.680853	0.052289	-1.498675	0.002182	-0.000280	-0.003638	-0.833252	0.145996	-0.287598	0.639379	-0.136779	-0.746898	-0.120951
07453		9.676780	0.054553	-1.490160	0.001656	-0.002362	-0.006836	-0.836426	0.141602	-0.283691	0.639427	-0.136965	-0.746801	-0.121083
07454		9.674327	0.061464	-1.503138	0.000511	-0.001449	-0.006511	-0.836670	0.145264	-0.274170	0.639424	-0.137020	-0.746778	-0.121183
07455		9.684643	0.055622	-1.508807	-0.005798	-0.002794	-0.006144	-0.832275	0.142334	-0.278076	0.639306	-0.137058	-0.746875	-0.121166
07456		9.686953	0.052107	-1.496649	-0.007473	-0.000222	-0.006855	-0.827637	0.148193	-0.272705	0.639269	-0.137091	-0.746888	-0.121237
07457		9.672563	0.017491	-1.509604	-0.003814	-0.000188	-0.008211	-0.826904	0.144775	-0.277832	0.639210	-0.137118	-0.746944	-0.121175
07458		9.682548	0.039365	-1.518375	0.000429	-0.000919	-0.007291	-0.832520	0.155029	-0.281738	0.639206	-0.137122	-0.746950	-0.121154
07459		9.679042	0.046220	-1.477553	0.003583	-0.000245	-0.007475	-0.832520	0.149902	-0.280273	0.639229	-0.137371	-0.746884	-0.121164
07460		9.682813	0.060588	-1.488340	-0.004205	-0.001501	-0.006722	-0.831543	0.141602	-0.276855	0.639210	-0.137562	-0.746854	-0.121228
07461		9.666240	0.017067	-1.512301	-0.004991	-0.000787	-0.004248	-0.833252	0.135254	-0.276855	0.639171	-0.137559	-0.746886	-0.121239
07462		9.682779	0.018295	-1.515917	-0.001860	-0.002430	-0.006134	-0.833984	0.146484	-0.272461	0.639109	-0.137397	-0.746966	-0.121254
07463		9.680697	0.042857	-1.498203	0.006232	0.001071	-0.006486	-0.833984	0.149414	-0.272461	0.639053	-0.137343	-0.747044	-0.121129
07464		9.676505	0.059066	-1.490816	0.005591	0.001344	-0.007334	-0.833252	0.145508	-0.275391	0.638999	-0.137350	-0.747107	-0.121020
07465		9.676476	0.060835	-1.490933	-0.000880	-0.002287	-0.008018	-0.824707	0.144531	-0.282227	0.638931	-0.137362	-0.747164	-0.121015
07466		9.678209	0.053462	-1.511202	-0.001073	-0.003144	-0.008609	-0.824463	0.148193	-0.278809	0.638960	-0.137408	-0.747121	-0.121074
07467		9.691138	0.029334	-1.502693	0.000016	-0.001613	-0.010683	-0.831543	0.144287	-0.272461	0.638971	-0.137460	-0.747099	-0.121096
07468		9.692519	0.049712	-1.525848	0.007632	0.001108	-0.010326	-0.831787	0.142334	-0.277344	0.638927	-0.137320	-0.747178	-0.120998
07469		9.677876	0.074312	-1.513336	0.003056	0.001014	-0.011186	-0.824219	0.144287	-0.273438	0.638918	-0.137224	-0.747201	-0.121013
07470		9.670482	0.038026	-1.490694	-0.003329	-0.003149	-0.011091	-0.827637	0.137695	-0.277588	0.638857	-0.137179	-0.747261	-0.121012
07471		9.682158	0.051467	-1.519744	-0.003746	-0.003441	-0.011810	-0.829346	0.141113	-0.273438	0.638817	-0.137041	-0.747310	-0.121079
07472		9.691153	0.029328	-1.502090	0.001636	0.001195	-0.014903	-0.822998	0.150146	-0.279785	0.638777	-0.136874	-0.747372	-0.121097
07473		9.678575	0.032298	-1.507560	0.006306	-0.000041	-0.018609	-0.825195	0.144531	-0.274658	0.638820	-0.136863	-0.747331	-0.121137
07474		9.676203	0.041550	-1.519793	0.009564	0.002428	-0.016313	-0.827393	0.151367	-0.276367	0.638834	-0.136698	-0.747356	-0.121093
07475		9.684787	0.046923	-1.505141	0.001473	-0.000683	-0.013287	-0.833252	0.144043	-0.278809	0.638816	-0.136795	-0.747349	-0.121123
07476		9.678269	0.056737	-1.509308	-0.002481	-0.003372	-0.015002	-0.827148	0.147949	-0.272461	0.638763	-0.136782	-0.747379	-0.121233
07477		9.686432	0.045070	-1.525989	0.000036	-0.002822	-0.018709	-0.831543	0.151855	-0.279053	0.638679	-0.136747	-0.747449	-0.121280
07478		9.674362	0.021299	-1.528206	0.008510	0.002012	-0.020560	-0.829102	0.146973	-0.286865	0.638698	-0.136755	-0.747421	-0.121347
07479		9.682697	0.041493	-1.515107	0.006417	0.001352	-0.018811	-0.833252	0.143555	-0.276123	0.638793	-0.136751	-0.747319	-0.121479
07480		9.678389	0.060466	-1.507893	0.005613	-0.000253	-0.018039	-0.833984	0.144775	-0.275635	0.638752	-0.136620	-0.747372	-0.121516
07481		9.676708	0.060026	-1.486894	0.000537	-0.002654	-0.014543	-0.834717	0.138916	-0.274902	0.638680	-0.136594	-0.747430	-0.121567
07482		9.676303	0.076992	-1.489194	-0.001592	-0.001893	-0.012330	-0.827637	0.146484	-0.283691	0.638606	-0.136485	-0.747506	-0.121614
07483		9.672539	0.067193	-1.478772	0.001942	0.000509	-0.011336	-0.828369	0.143799	-0.282471	0.638673	-0.136561	-0.747422	-0.121690
07484		9.678112	0.073182	-1.509104	0.008683	-0.001565	-0.013153	-0.830566	0.146240	-0.272217	0.638713	-0.136509	-0.747394	-0.121704
07485		9.684925	0.097059	-1.562782	0.010440	-0.001320	-0.012172	-0.828125	0.141602	-0.283203	0.638659	-0.136428	-0.747472	-0.121605
07486		9.674270	0.138836	-1.529304	0.012815	-0.000730	-0.015230	-0.825928	0.150391	-0.279541	0.638718	-0.136287	-0.747447	-0.121602
07487		9.680307	0.150053	-1.527618	0.014641	-0.000800	-0.021032	-0.822998	0.139648	-0.273438	0.638746	-0.136222	-0.747437	-0.121593
07488		9.674086	0.147759	-1.529636	0.014252	0.000417	-0.025403	-0.832764	0.142334	-0.277100	0.638736	-0.135858	-0.747519	-0.121550
07489		9.682897	0.141960	-1.513410	0.009120	0.000047	-0.026332	-0.828857	0.133057	-0.278076	0.638704	-0.135635	-0.747573	-0.121631
07490		9.686807	0.146714	-1.522406	0.002255	-0.001186	-0.023352	-0.833984	0.141846	-0.274170	0.638678	-0.135323	-0.747634	-0.121739
07491		9.661848	0.136425	-1.532287	-0.002848	-0.002579	-0.022064	-0.835938	0.133789	-0.279053	0.638578	-0.135234	-0.747714	-0.121876
07492		9.683050	0.113677	-1.541247	-0.005283	-0.001134	-0.023438	-0.830811	0.135742	-0.275391	0.638521	-0.135031	-0.747765	-0.122087
07493		9.674912	0.121932	-1.523686	-0.008134	0.000015	-0.025532	-0.828369	0.134033	-0.283447	0.638456	-0.134848	-0.747818	-0.122305
07494		9.673669	0.110194	-1.500402	-0.004849	0.001079	-0.023698	-0.830811	0.141602	-0.275146	0.638492	-0.134660	-0.747785	-0.122520
07495		9.696212	0.105462	-1.531886	0.004259	0.000429	-0.023228	-0.829102	0.138184	-0.279053	0.638453	-0.134527	-0.747828	-0.122610
07496		9.689321	0.130808	-1.537014	0.013710	0.002519	-0.023794	-0.833008	0.140381	-0.278809	0.638491	-0.134262	-0.747839	-0.122634
07497		9.664316	0.151438	-1.517103	0.005425	0.004160	-0.020153	-0.827393	0.144287	-0.274902	0.638517	-0.134149	-0.747823	-0.122721
07498		9.679303	0.210475	-1.526848	0.001227	0.000906	-0.015667	-0.838135	0.141357	-0.275146	0.638499	-0.134171	-0.747826	-0.122772
07499		9.682916	0.167671	-1.509139	-0.006850	-0.002252	-0.012624	-0.825195	0.125732	-0.278809	0.638404	-0.134253	-0.747872	-0.122898
07500		9.678387	0.108597	-1.504440	-0.005236	-0.001965	-0.010988	-0.828613	0.139160	-0.275146	0.638400	-0.134037	-0.747903	-0.122962
07501		9.692962	0.120636	-1.488206	0.010457	0.001042	-0.010492	-0.835938	0.136230	-0.270508	0.638406	-0.133950	-0.747926	-0.122891
07502		9.693664	0.154103	-1.512990	0.031321	0.000701	-0.011239	-0.833252	0.135254	-0.276611	0.638373	-0.133638	-0.748053	-0.122628
07503		9.684767	0.184869	-1.498626	0.025213	0.002479	-0.008573	-0.826660	0.137939	-0.277832	0.638416	-0.133394	-0.748094	-0.122421
07504		9.674111	0.175183	-1.524140	0.011196	-0.004599	-0.004694	-0.834473	0.129883	-0.280762	0.638409	-0.133357	-0.748127	-0.122294
07505		9.690098	0.189775	-1.530229	0.005324	-0.003792	-0.004572	-0.832031	0.140625	-0.278809	0.638399	-0.133230	-0.748167	-0.122240
07506		9.672644	0.158619	-1.503050	0.002251	-0.004614	-0.000920	-0.833008	0.138916	-0.281738	0.638372	-0.133358	-0.748176	-0.122188
07507		9.680938	0.143400	-1.520116	0.000365	-0.005237	-0.003929	-0.831543	0.134521	-0.278320	0.638355	-0.133442	-0.748175	-0.122187
07508		9.680068	0.112633	-1.496352	0.007677	-0.004700	-0.003984	-0.826904	0.141602	-0.278076	0.638331	-0.133381	-0.748221	-0.122098
07509		9.679954	0.113224	-1.497040	0.013477	-0.000747	-0.004166	-0.824707	0.130615	-0.275635	0.638368	-0.133387	-0.748211	-0.121960
07510		9.672961	0.133546	-1.502814	0.010601	-0.001115	-0.002603	-0.830322	0.138916	-0.278076	0.638386	-0.133228	-0.748249	-0.121807
07511		9.673301	0.120026	-1.501641	-0.002978	-0.004075	0.000056	-0.827393	0.147217	-0.281738	0.638359	-0.133365	-0.748251	-0.121788
07512		9.684498	0.085132	-1.504568	-0.010965	-0.007767	0.003895	-0.829346	0.143311	-0.272949	0.638332	-0.133748	-0.748200	-0.121820
07513		9.683117	0.048732	-1.513086	-0.002202	-0.003971	0.002930	-0.827881	0.139404	-0.274170	0.638272	-0.133966	-0.748222	-0.121761
07514		9.693078	0.054331	-1.520882	0.007704	-0.002991	0.002615	-0.829102	0.138428	-0.281738	0.638254	-0.134026	-0.748252	-0.121607
07515		9.680062	0.083941	-1.498529	0.013360	-0.001321	0.001381	-0.829102	0.145020	-0.268311	0.638321	-0.134013	-0.748225	-0.121437
07516		9.668058	0.113638	-1.529670	0.011506	-0.002961	0.000592	-0.834473	0.145020	-0.281982	0.638252	-0.134115	-0.748294	-0.121259
07517		9.682503	0.104750	-1.544326	0.006418	-0.002458	0.000915	-0.831787	0.141357	-0.283691	0.638278	-0.134275	-0.748255	-0.121183
07518		9.680409	0.113770	-1.525604	0.000206	-0.004388	0.002084	-0.829834	0.144775	-0.276855	0.638301	-0.134431	-0.748214	-0.121147
07519		9.674568	0.092423	-1.527000	-0.001138	-0.006665	0.000120	-0.834229	0.140869	-0.281982	0.638246	-0.134623	-0.748231	-0.121110
07520		9.682836	0.076893	-1.544125	0.006380	-0.003762	-0.003008	-0.835938	0.145020	-0.279297	0.638255	-0.134667	-0.748224	-0.121059
07521		9.679150	0.064688	-1.534130	0.014489	-0.001614	-0.003851	-0.831543	0.145996	-0.284424	0.638269	-0.134698	-0.748226	-0.120940
07522		9.673326	0.121152	-1.532846	0.015708	-0.000114	-0.006594	-0.832520	0.139893	-0.282471	0.638349	-0.134718	-0.748169	-0.120850
07523		9.664690	0.119852	-1.547630	0.014586	-0.002547	-0.005749	-0.833496	0.135010	-0.271240	0.638385	-0.134656	-0.748166	-0.120748
07524		9.662608	0.130385	-1.528759	0.006488	-0.002785	-0.005882	-0.831299	0.147461	-0.273682	0.638316	-0.134539	-0.748261	-0.120659
07525		9.668998	0.124935	-1.525771	0.003190	-0.003041	-0.002355	-0.824219	0.138184	-0.272461	0.638271	-0.134691	-0.748282	-0.120595
07526		9.679854	0.104003	-1.529821	-0.001591	-0.003219	0.001565	-0.832275	0.138916	-0.275879	0.638237	-0.134753	-0.748313	-0.120511
07527		9.690347	0.114151	-1.505582	-0.004378	-0.004113	0.003917	-0.836670	0.141602	-0.263916	0.638194	-0.134891	-0.748332	-0.120471
07528		9.681633	0.110710	-1.520999	-0.007817	-0.004332	0.008097	-0.827393	0.135010	-0.278076	0.638044	-0.135108	-0.748432	-0.120391
07529		9.683862	0.085433	-1.539886	-0.008620	-0.005532	0.011558	-0.833252	0.138672	-0.275146	0.638030	-0.135277	-0.748426	-0.120316
07530		9.678509	0.048382	-1.539201	-0.000645	-0.003755	0.008684	-0.826904	0.140625	-0.277100	0.638000	-0.135408	-0.748447	-0.120203
07531		9.663935	0.081921	-1.583154	0.006722	-0.002728	0.007181	-0.829346	0.136719	-0.277100	0.638025	-0.135490	-0.748438	-0.120031
07532		9.669597	0.119155	-1.553657	0.003156	-0.003727	0.006657	-0.832520	0.150879	-0.270020	0.638027	-0.135529	-0.748451	-0.119890
07533		9.682456	0.105477	-1.547348	-0.003641	-0.005310	0.002869	-0.830566	0.146484	-0.273438	0.637930	-0.135819	-0.748486	-0.119861
07534		9.681642	0.073853	-1.523426	0.002162	-0.004089	-0.001704	-0.834961	0.142334	-0.278076	0.637883	-0.135940	-0.748513	-0.119811
07535		9.679044	0.079627	-1.536520	0.010008	-0.000366	-0.004903	-0.836182	0.144531	-0.278809	0.637903	-0.135898	-0.748516	-0.119730
07536		9.663450	0.098313	-1.556804	0.007596	-0.002267	-0.005754	-0.830811	0.141846	-0.280273	0.637900	-0.135907	-0.748524	-0.119686
07537		9.679898	0.099436	-1.560916	0.002169	-0.004498	-0.004382	-0.826416	0.147705	-0.272705	0.637898	-0.135931	-0.748525	-0.119665
07538		9.674095	0.078973	-1.561924	0.004757	-0.003647	-0.001966	-0.826416	0.143555	-0.281006	0.637867	-0.136037	-0.748544	-0.119585
07539		9.665972	0.081374	-1.544958	-0.000145	-0.002284	-0.001047	-0.831787	0.142334	-0.270508	0.637905	-0.136130	-0.748499	-0.119561
07540		9.679952	0.086808	-1.561394	-0.001538	-0.002730	0.000129	-0.825684	0.139648	-0.270020	0.637844	-0.136213	-0.748543	-0.119517
07541		9.669758	0.080539	-1.555136	-0.001169	-0.003330	-0.000394	-0.833252	0.144531	-0.280029	0.637794	-0.136240	-0.748591	-0.119454
07542		9.663553	0.073282	-1.557786	0.002350	-0.003228	-0.001116	-0.824463	0.148193	-0.273926	0.637801	-0.136321	-0.748576	-0.119415
07543		9.662229	0.037446	-1.565599	0.006373	-0.003354	-0.000335	-0.831055	0.147461	-0.274414	0.637795	-0.136426	-0.748579	-0.119310
07544		9.675930	0.073955	-1.553589	0.009060	-0.001116	0.001885	-0.829834	0.142578	-0.270996	0.637802	-0.136516	-0.748577	-0.119178
07545		9.671868	0.074193	-1.545179	0.001138	-0.002403	0.003328	-0.833496	0.148438	-0.271484	0.637766	-0.136599	-0.748608	-0.119083
07546		9.676676	0.044691	-1.550795	0.001045	-0.001468	0.005223	-0.838379	0.141846	-0.277100	0.637733	-0.136794	-0.748613	-0.119001
07547		9.662094	0.051385	-1.537305	0.000244	-0.002666	0.008685	-0.832520	0.156250	-0.273682	0.637723	-0.136924	-0.748615	-0.118898
07548		9.665599	0.061967	-1.548431	0.003078	-0.000876	0.007573	-0.826904	0.146484	-0.271240	0.637721	-0.137238	-0.748575	-0.118801
07549		9.663057	0.065154	-1.561221	0.002381	-0.001099	0.008161	-0.830811	0.140137	-0.274414	0.637718	-0.137394	-0.748570	-0.118662
07550		9.673505	0.055558	-1.566823	-0.003555	-0.002690	0.010712	-0.828369	0.143555	-0.270996	0.637708	-0.137520	-0.748574	-0.118550
07551		9.677143	0.084189	-1.548082	-0.008598	-0.004018	0.007908	-0.831787	0.152344	-0.273193	0.637655	-0.137711	-0.748592	-0.118504
07552		9.682024	0.072321	-1.524014	-0.009570	-0.004575	0.007124	-0.828857	0.150391	-0.270020	0.637597	-0.138042	-0.748578	-0.118511
07553		9.677687	0.054449	-1.546381	-0.005807	-0.003538	0.002876	-0.832520	0.148682	-0.271484	0.637537	-0.138261	-0.748590	-0.118502
07554		9.669751	0.024564	-1.558170	-0.008220	-0.005438	0.002027	-0.824463	0.155273	-0.276123	0.637456	-0.138462	-0.748619	-0.118520
07555		9.680514	0.003644	-1.562456	-0.005564	-0.002599	-0.000650	-0.825928	0.158203	-0.270508	0.637456	-0.138719	-0.748565	-0.118561
07556		9.672816	-0.007287	-1.543784	0.003504	-0.004542	-0.004125	-0.829346	0.153320	-0.276611	0.637404	-0.138914	-0.748576	-0.118543
07557		9.676039	-0.011730	-1.585571	0.011894	-0.002476	-0.006288	-0.825928	0.149902	-0.268555	0.637418	-0.138943	-0.748570	-0.118470
07558		9.669201	0.027488	-1.561531	0.011061	-0.003070	-0.007725	-0.828125	0.150146	-0.278320	0.637380	-0.138890	-0.748629	-0.118370
07559		9.673130	0.028202	-1.570715	0.012148	0.000374	-0.010793	-0.833740	0.150391	-0.260742	0.637431	-0.138822	-0.748605	-0.118327
07560		9.678608	0.006098	-1.543783	0.017882	-0.000395	-0.010282	-0.832031	0.146484	-0.271484	0.637352	-0.138681	-0.748722	-0.118177
07561		9.664897	0.015787	-1.583540	0.015326	-0.001847	-0.007799	-0.832520	0.146729	-0.268066	0.637338	-0.138546	-0.748779	-0.118045
07562		9.665282	0.002972	-1.581987	0.011991	-0.000675	-0.003810	-0.831543	0.148193	-0.271484	0.637311	-0.138475	-0.748837	-0.117909
07563		9.666929	0.025309	-1.573207	0.015278	0.000401	-0.001987	-0.826904	0.151367	-0.278320	0.637328	-0.138424	-0.748858	-0.117745
07564		9.670502	0.038087	-1.583781	0.014128	0.000892	-0.004338	-0.824219	0.150391	-0.278076	0.637399	-0.138423	-0.748815	-0.117636
07565		9.678683	0.054487	-1.571185	0.000420	-0.000114	-0.001960	-0.840088	0.148438	-0.276367	0.637445	-0.138538	-0.748756	-0.117625
07566		9.663353	0.013356	-1.562643	-0.013073	-0.003180	0.004205	-0.829346	0.152588	-0.274414	0.637396	-0.138784	-0.748741	-0.117696
07567		9.668253	0.002054	-1.538550	-0.019199	-0.005220	0.008852	-0.826416	0.150635	-0.261963	0.637338	-0.139186	-0.748702	-0.117780
07568		9.672957	-0.028023	-1.544638	-0.022154	-0.002737	0.011338	-0.828857	0.149902	-0.273926	0.637232	-0.139567	-0.748714	-0.117829
07569		9.666949	-0.068767	-1.575727	-0.013870	-0.004374	0.007662	-0.823242	0.151855	-0.273438	0.637192	-0.139849	-0.748691	-0.117856
07570		9.688436	-0.079968	-1.554906	-0.003768	-0.003358	0.002550	-0.836914	0.145752	-0.275391	0.637183	-0.140028	-0.748669	-0.117830
07571		9.679502	-0.050684	-1.541555	0.006611	-0.002008	-0.001190	-0.832031	0.152344	-0.266113	0.637182	-0.139980	-0.748695	-0.117730
07572		9.665742	-0.042301	-1.581510	0.011890	-0.002063	-0.003616	-0.832031	0.158936	-0.272949	0.637134	-0.139969	-0.748757	-0.117608
07573		9.669711	-0.042686	-1.590465	0.020102	0.001056	-0.007354	-0.830811	0.155762	-0.273682	0.637165	-0.139970	-0.748749	-0.117489
07574		9.654626	-0.037727	-1.608261	0.024963	0.001116	-0.007824	-0.839844	0.152588	-0.270996	0.637214	-0.139876	-0.748753	-0.117314
07575		9.662186	0.024936	-1.569037	0.019322	0.000947	-0.010232	-0.837402	0.150879	-0.272949	0.637209	-0.139745	-0.748799	-0.117198
07576		9.648547	0.007421	-1.551451	0.007592	-0.002273	-0.005766	-0.837646	0.153809	-0.270264	0.637180	-0.139733	-0.748834	-0.117146
07577		9.694082	-0.008316	-1.582954	0.006167	0.000616	-0.005110	-0.825439	0.152588	-0.270508	0.637158	-0.139777	-0.748850	-0.117115
07578		9.689732	0.007524	-1.575503	0.011365	0.003409	-0.006625	-0.824463	0.150879	-0.271240	0.637201	-0.139742	-0.748833	-0.117031
07579		9.667743	0.032620	-1.598453	0.008215	0.002707	-0.006422	-0.835938	0.153564	-0.281738	0.637240	-0.139708	-0.748816	-0.116964
07580		9.655153	0.033120	-1.603889	-0.004481	-0.001905	-0.008090	-0.826660	0.145264	-0.269775	0.637245	-0.139831	-0.748771	-0.117078
07581		9.681187	0.010502	-1.589430	-0.013596	-0.001282	-0.008527	-0.828613	0.152588	-0.274902	0.637194	-0.139857	-0.748791	-0.117195
07582		9.685296	-0.015188	-1.540903	-0.010670	0.002307	-0.007163	-0.827881	0.149902	-0.273926	0.637207	-0.140000	-0.748733	-0.117333
07583		9.685197	-0.031512	-1.570610	-0.008177	0.001778	-0.004556	-0.828369	0.152588	-0.268799	0.637219	-0.140099	-0.748691	-0.117409
07584		9.661976	-0.041894	-1.600793	-0.000073	0.001608	-0.007122	-0.824951	0.150391	-0.277588	0.637207	-0.140145	-0.748689	-0.117433
07585		9.680264	-0.018130	-1.594855	0.002101	0.002166	-0.005428	-0.831787	0.148193	-0.276611	0.637269	-0.140164	-0.748635	-0.117423
07586		9.675019	0.025249	-1.590850	-0.003817	0.004389	-0.004827	-0.825439	0.146973	-0.275146	0.637321	-0.140194	-0.748579	-0.117464
07587		9.654869	-0.003872	-1.606229	-0.011365	0.002083	-0.006577	-0.833008	0.156738	-0.268066	0.637342	-0.140248	-0.748535	-0.117566
07588		9.682665	-0.004259	-1.582236	-0.014509	0.000967	-0.009056	-0.831299	0.151855	-0.273926	0.637276	-0.140455	-0.748521	-0.117768
07589		9.677339	-0.004058	-1.551296	-0.004211	0.004767	-0.014565	-0.832764	0.149658	-0.278076	0.637298	-0.140447	-0.748482	-0.117902
07590		9.672861	-0.048931	-1.546570	0.001338	0.003147	-0.014642	-0.832275	0.154053	-0.275146	0.637338	-0.140366	-0.748451	-0.117979
07591		9.673812	-0.090992	-1.572392	0.011519	0.002157	-0.015315	-0.832520	0.157715	-0.276367	0.637366	-0.140268	-0.748445	-0.117981
07592		9.674563	-0.038471	-1.566587	0.014575	0.003801	-0.013623	-0.828125	0.157715	-0.263428	0.637420	-0.140218	-0.748411	-0.117964
07593		9.673175	-0.013380	-1.601275	0.010725	0.005605	-0.008453	-0.828369	0.152588	-0.272461	0.637426	-0.140231	-0.748410	-0.117921
07594		9.666452	-0.018969	-1.548542	0.006643	0.003325	-0.006812	-0.831787	0.147461	-0.277100	0.637461	-0.140228	-0.748386	-0.117888
07595		9.675072	-0.032676	-1.563568	0.005085	0.003101	-0.012563	-0.828125	0.152100	-0.269531	0.637504	-0.140111	-0.748370	-0.117902
07596		9.687312	-0.014804	-1.559042	0.014073	0.004030	-0.015131	-0.833496	0.153809	-0.276367	0.637528	-0.139960	-0.748383	-0.117861
07597		9.676940	-0.004409	-1.552860	0.018705	0.004665	-0.015732	-0.835205	0.148438	-0.273193	0.637592	-0.139805	-0.748366	-0.117810
07598		9.673608	-0.014093	-1.541123	0.020368	0.003542	-0.014560	-0.826172	0.158691	-0.274658	0.637629	-0.139565	-0.748396	-0.117704
07599		9.668621	-0.001027	-1.565599	0.019859	0.001858	-0.015084	-0.830078	0.156982	-0.266846	0.637671	-0.139492	-0.748383	-0.117646
07600		9.665732	0.039389	-1.549144	0.015247	0.004627	-0.019137	-0.826172	0.152588	-0.271729	0.637672	-0.139375	-0.748402	-0.117654
07601		9.685490	0.024713	-1.537272	0.008248	0.001069	-0.017158	-0.830078	0.148438	-0.268799	0.637670	-0.139283	-0.748416	-0.117688
07602		9.667444	0.006109	-1.542441	0.005283	0.001219	-0.016369	-0.830078	0.149902	-0.272217	0.637642	-0.139151	-0.748460	-0.117719
07603		9.663989	-0.021126	-1.561556	0.012133	0.001002	-0.015731	-0.836914	0.144775	-0.276855	0.637643	-0.139007	-0.748489	-0.117699
07604		9.662425	0.023102	-1.566984	0.018663	0.001871	-0.016011	-0.840576	0.145020	-0.272705	0.637677	-0.138736	-0.748524	-0.117609
07605		9.672009	0.046371	-1.575237	0.017740	0.004118	-0.016541	-0.833496	0.149658	-0.276367	0.637697	-0.138467	-0.748567	-0.117539
07606		9.664074	0.051964	-1.556941	0.007970	0.001146	-0.015859	-0.829834	0.152100	-0.269775	0.637707	-0.138370	-0.748572	-0.117573
07607		9.667189	0.036731	-1.542318	0.001532	-0.000249	-0.014795	-0.831543	0.147461	-0.280518	0.637662	-0.138370	-0.748597	-0.117660
07608		9.673732	0.034088	-1.538667	0.000977	-0.000512	-0.014860	-0.831543	0.145020	-0.271729	0.637674	-0.138317	-0.748584	-0.117740
07609		9.673767	0.019393	-1.568625	-0.001572	0.001844	-0.014337	-0.828857	0.151611	-0.273682	0.637656	-0.138239	-0.748600	-0.117821
07610		9.685831	0.037707	-1.564607	0.006762	0.001565	-0.014095	-0.828369	0.149658	-0.275146	0.637663	-0.138203	-0.748595	-0.117859
07611		9.663273	0.033358	-1.562840	0.008901	0.000817	-0.016326	-0.832275	0.153320	-0.270264	0.637674	-0.138104	-0.748600	-0.117883
07612		9.671892	0.039165	-1.548040	0.012645	0.002704	-0.015229	-0.835449	0.152588	-0.277588	0.637672	-0.138036	-0.748613	-0.117891
07613		9.677975	0.049740	-1.545598	0.007500	0.002693	-0.013451	-0.830566	0.152588	-0.272217	0.637698	-0.138027	-0.748585	-0.117941
07614		9.684013	0.060275	-1.543406	0.002919	0.000619	-0.013304	-0.836670	0.144775	-0.280518	0.637677	-0.138050	-0.748587	-0.118017
07615		9.670310	0.071108	-1.582851	0.002365	0.000355	-0.013368	-0.841309	0.147461	-0.277832	0.637689	-0.137978	-0.748581	-0.118076
07616		9.656936	0.055284	-1.564620	-0.000975	0.003005	-0.013041	-0.837402	0.144287	-0.278809	0.637694	-0.137968	-0.748561	-0.118187
07617		9.672156	0.036304	-1.576535	-0.005000	-0.002624	-0.010854	-0.829590	0.145020	-0.275635	0.637657	-0.137976	-0.748575	-0.118288
07618		9.687817	0.021141	-1.556995	-0.002055	-0.001930	-0.006278	-0.834473	0.145020	-0.275391	0.637639	-0.138007	-0.748580	-0.118312
07619		9.676546	0.043618	-1.554151	0.002898	-0.000451	-0.006950	-0.831299	0.149658	-0.274658	0.637631	-0.137990	-0.748592	-0.118305
07620		9.680667	0.093862	-1.558260	-0.003397	0.000010	-0.007526	-0.835205	0.152344	-0.279053	0.637616	-0.138081	-0.748575	-0.118381
07621		9.672479	0.048868	-1.545512	-0.004909	-0.001238	-0.011057	-0.828125	0.151367	-0.279785	0.637595	-0.138198	-0.748549	-0.118523
07622		9.668587	0.016219	-1.597234	-0.001296	-0.001635	-0.011000	-0.829102	0.150879	-0.280273	0.637595	-0.138276	-0.748520	-0.118618
07623		9.667126	0.014713	-1.575948	0.003000	0.000521	-0.009837	-0.833252	0.147705	-0.272949	0.637625	-0.138324	-0.748477	-0.118669
07624		9.687645	0.034295	-1.557832	0.002717	0.000597	-0.008527	-0.838379	0.143799	-0.276123	0.637613	-0.138322	-0.748485	-0.118685
07625		9.668320	0.009818	-1.541631	0.008418	0.000882	-0.010246	-0.833252	0.142822	-0.268799	0.637618	-0.138216	-0.748505	-0.118659
07626		9.686400	0.016026	-1.565968	0.012392	0.002214	-0.009016	-0.824951	0.144531	-0.273193	0.637619	-0.138055	-0.748549	-0.118560
07627		9.659927	0.060396	-1.550475	0.009749	0.001269	-0.007304	-0.825928	0.143799	-0.283203	0.637647	-0.137968	-0.748555	-0.118476
07628		9.670464	0.073213	-1.525154	0.003181	0.001383	-0.009254	-0.831787	0.148438	-0.272949	0.637711	-0.137923	-0.748508	-0.118480
07629		9.670714	0.038578	-1.585306	-0.001588	-0.001146	-0.007005	-0.833008	0.142822	-0.271240	0.637679	-0.137989	-0.748516	-0.118526
07630		9.672552	0.017320	-1.549054	0.006354	0.003430	-0.005534	-0.825195	0.148438	-0.274902	0.637697	-0.137920	-0.748522	-0.118468
07631		9.679927	0.048236	-1.537847	0.013076	0.002863	-0.006927	-0.827637	0.140625	-0.274658	0.637752	-0.137865	-0.748500	-0.118375
07632		9.666759	0.061983	-1.545008	0.006332	0.000202	-0.008474	-0.832520	0.147949	-0.279297	0.637765	-0.137748	-0.748520	-0.118317
07633		9.672177	0.066907	-1.575408	-0.006026	-0.001363	-0.008501	-0.833252	0.154297	-0.276123	0.637751	-0.137835	-0.748500	-0.118418
07634		9.685375	0.056993	-1.567942	-0.011963	0.000816	-0.007905	-0.833740	0.144043	-0.270752	0.637729	-0.138052	-0.748449	-0.118605
07635		9.670084	0.031793	-1.560744	-0.008154	-0.001038	-0.008958	-0.829590	0.145264	-0.279785	0.637670	-0.138091	-0.748475	-0.118710
07636		9.677337	0.014846	-1.555108	-0.003977	0.000328	-0.012514	-0.831299	0.144043	-0.277832	0.637681	-0.138084	-0.748452	-0.118809
07637		9.670624	-0.007347	-1.533485	0.000836	-0.000054	-0.011542	-0.829102	0.150391	-0.277100	0.637685	-0.138032	-0.748452	-0.118851
07638		9.668042	0.000291	-1.545998	0.005183	0.000686	-0.010835	-0.840576	0.153076	-0.268311	0.637702	-0.138032	-0.748433	-0.118874
07639		9.682046	0.008004	-1.561797	0.011068	-0.000065	-0.010979	-0.837158	0.145752	-0.273682	0.637653	-0.138016	-0.748478	-0.118871
07640		9.658157	0.029744	-1.564244	0.006901	0.000059	-0.011102	-0.833740	0.140869	-0.269775	0.637636	-0.137943	-0.748507	-0.118869
07641		9.681355	0.026452	-1.563801	0.001483	-0.000312	-0.010693	-0.836426	0.149658	-0.273438	0.637596	-0.137851	-0.748555	-0.118885
07642		9.669459	0.013632	-1.567432	0.005921	-0.000092	-0.009198	-0.826172	0.148438	-0.276123	0.637577	-0.137857	-0.748568	-0.118896
07643		9.674673	0.005538	-1.542164	0.012590	0.000776	-0.010138	-0.832520	0.145508	-0.271240	0.637611	-0.137783	-0.748563	-0.118832
07644		9.686603	0.022849	-1.538229	0.015141	0.002249	-0.012645	-0.837891	0.142578	-0.274170	0.637624	-0.137625	-0.748593	-0.118763
07645		9.672002	0.065000	-1.549379	0.010475	0.000680	-0.013284	-0.826904	0.145020	-0.278809	0.637618	-0.137468	-0.748631	-0.118733
07646		9.662250	0.043016	-1.572319	0.005845	0.000011	-0.012679	-0.833008	0.147949	-0.277344	0.637642	-0.137387	-0.748625	-0.118735
07647		9.656334	0.038319	-1.573936	0.005932	0.001398	-0.012883	-0.832275	0.144531	-0.270264	0.637658	-0.137341	-0.748615	-0.118766
07648		9.667731	0.020105	-1.576774	0.008012	0.000595	-0.010984	-0.830566	0.144043	-0.276367	0.637640	-0.137256	-0.748649	-0.118746
07649		9.674170	0.034265	-1.542718	0.006925	0.001384	-0.007179	-0.833984	0.143555	-0.274658	0.637667	-0.137208	-0.748642	-0.118700
07650		9.669465	0.081878	-1.560982	0.012216	0.001382	-0.009624	-0.829590	0.147217	-0.283691	0.637685	-0.137090	-0.748660	-0.118628
07651		9.666869	0.089074	-1.573383	0.009640	0.000493	-0.012041	-0.831787	0.144043	-0.276611	0.637738	-0.137015	-0.748633	-0.118601
07652		9.664989	0.083463	-1.583749	0.004230	0.001601	-0.015313	-0.834473	0.147461	-0.272461	0.637748	-0.136916	-0.748635	-0.118649
07653		9.671391	0.099170	-1.549657	-0.001238	0.000737	-0.013456	-0.836426	0.146973	-0.269043	0.637716	-0.136926	-0.748643	-0.118757
07654		9.676117	0.088126	-1.556472	-0.004921	-0.000687	-0.015999	-0.830811	0.154785	-0.278076	0.637641	-0.136939	-0.748679	-0.118921
07655		9.668371	0.044632	-1.543297	-0.004802	0.001602	-0.014962	-0.831055	0.139893	-0.275391	0.637641	-0.137052	-0.748629	-0.119103
07656		9.684987	0.048739	-1.546290	-0.002437	0.000727	-0.014375	-0.831055	0.145264	-0.269775	0.637631	-0.136971	-0.748639	-0.119186
07657		9.672034	0.014550	-1.558449	0.002706	-0.000720	-0.012480	-0.831787	0.142822	-0.281494	0.637589	-0.136936	-0.748674	-0.119234
07658		9.670147	0.008742	-1.569125	0.002882	0.000145	-0.011895	-0.829346	0.150635	-0.278320	0.637613	-0.136875	-0.748661	-0.119258
07659		9.679038	0.050099	-1.548064	0.007101	0.000519	-0.013224	-0.837646	0.145752	-0.271484	0.637631	-0.136862	-0.748642	-0.119291
07660		9.664610	0.043318	-1.564153	0.005918	0.000087	-0.016832	-0.832275	0.149902	-0.273438	0.637592	-0.136769	-0.748682	-0.119356
07661		9.679795	0.043708	-1.545865	0.009760	0.001060	-0.017638	-0.824707	0.149170	-0.272705	0.637585	-0.136688	-0.748695	-0.119405
07662		9.671299	0.045116	-1.559972	0.016949	0.001315	-0.019767	-0.828125	0.143066	-0.279053	0.637600	-0.136523	-0.748714	-0.119393
07663		9.666510	0.063758	-1.552889	0.017453	0.001101	-0.018260	-0.835938	0.138428	-0.277588	0.637641	-0.136301	-0.748728	-0.119339
07664		9.660937	0.096041	-1.547734	0.009434	0.002140	-0.018572	-0.829346	0.149170	-0.273926	0.637658	-0.136086	-0.748750	-0.119352
07665		9.668400	0.080335	-1.541667	-0.001912	0.000079	-0.015568	-0.836182	0.136719	-0.268311	0.637632	-0.136123	-0.748744	-0.119491
07666		9.675585	0.027737	-1.542448	-0.000829	-0.000450	-0.009064	-0.837402	0.150146	-0.274902	0.637579	-0.136062	-0.748797	-0.119514
07667		9.692151	0.029970	-1.545826	0.010462	-0.000354	-0.006933	-0.838623	0.142578	-0.274170	0.637572	-0.136097	-0.748801	-0.119483
07668		9.671568	0.098704	-1.552641	0.018739	0.000866	-0.006246	-0.831787	0.144287	-0.277588	0.637589	-0.135979	-0.748832	-0.119334
07669		9.678084	0.125124	-1.573992	0.013091	0.002514	-0.009656	-0.840332	0.143311	-0.274414	0.637635	-0.135893	-0.748819	-0.119269
07670		9.661486	0.127038	-1.570587	0.001607	-0.001263	-0.012618	-0.842529	0.146240	-0.272949	0.637591	-0.135867	-0.748851	-0.119335
07671		9.667068	0.102078	-1.575551	-0.001674	-0.000487	-0.015439	-0.822510	0.141357	-0.279053	0.637533	-0.135874	-0.748877	-0.119473
07672		9.684672	0.061565	-1.551253	0.005547	0.000683	-0.016327	-0.820801	0.143311	-0.272461	0.637563	-0.135758	-0.748867	-0.119505
07673		9.670382	0.054986	-1.566734	0.016308	0.004818	-0.017709	-0.832275	0.146484	-0.271973	0.637619	-0.135560	-0.748862	-0.119463
07674		9.673319	0.089375	-1.546707	0.016037	0.002989	-0.015398	-0.829346	0.148193	-0.273926	0.637637	-0.135430	-0.748875	-0.119435
07675		9.663180	0.117011	-1.564824	0.008043	0.000198	-0.013708	-0.833740	0.136475	-0.270996	0.637630	-0.135408	-0.748879	-0.119470
07676		9.668853	0.091931	-1.569566	0.001568	-0.000263	-0.014867	-0.833496	0.140381	-0.271484	0.637591	-0.135283	-0.748927	-0.119514
07677		9.663848	0.074007	-1.569047	0.001534	0.002066	-0.013174	-0.826660	0.150879	-0.268799	0.637577	-0.135223	-0.748941	-0.119572
07678		9.664374	0.081492	-1.536190	0.006489	0.004917	-0.009924	-0.835693	0.137207	-0.273193	0.637598	-0.135282	-0.748905	-0.119621
07679		9.669472	0.104883	-1.535746	0.003189	0.001392	-0.009296	-0.837158	0.147217	-0.273682	0.637592	-0.135206	-0.748925	-0.119613
07680		9.665976	0.125790	-1.550217	0.003303	0.000449	-0.011198	-0.840332	0.138428	-0.278809	0.637568	-0.135240	-0.748928	-0.119682
07681		9.666846	0.114916	-1.547849	-0.000093	0.002161	-0.012120	-0.831055	0.141602	-0.276367	0.637576	-0.135184	-0.748922	-0.119743
07682		9.673508	0.075919	-1.550064	-0.003236	0.001407	-0.011907	-0.826416	0.138428	-0.272949	0.637575	-0.135196	-0.748905	-0.119842
07683		9.673548	0.078638	-1.549682	-0.000285	0.001718	-0.010012	-0.836426	0.134033	-0.273193	0.637579	-0.135162	-0.748902	-0.119875
07684		9.678518	0.066178	-1.555985	0.006333	0.002150	-0.009513	-0.828857	0.141113	-0.276855	0.637585	-0.135025	-0.748929	-0.119826
07685		9.691535	0.074687	-1.517781	0.010028	0.003176	-0.009666	-0.828857	0.141602	-0.270020	0.637632	-0.134945	-0.748911	-0.119780
07686		9.688591	0.112728	-1.555468	0.007504	0.001266	-0.009842	-0.829834	0.144043	-0.269531	0.637626	-0.134896	-0.748928	-0.119765
07687		9.667059	0.093189	-1.551672	0.000334	0.000561	-0.010404	-0.829590	0.139893	-0.271729	0.637594	-0.134933	-0.748936	-0.119839
07688		9.664372	0.064480	-1.570672	0.009609	0.000059	-0.010631	-0.825684	0.148193	-0.281006	0.637586	-0.134840	-0.748967	-0.119798
07689		9.669740	0.092127	-1.538663	0.013576	0.002762	-0.005468	-0.832275	0.140381	-0.268066	0.637661	-0.134864	-0.748910	-0.119726
07690		9.680570	0.122985	-1.536710	0.005853	0.001938	-0.013728	-0.837891	0.138672	-0.270996	0.637638	-0.134775	-0.748941	-0.119754
07691		9.673873	0.131692	-1.540205	0.002230	0.000813	-0.010086	-0.828125	0.142822	-0.273926	0.637609	-0.134730	-0.748970	-0.119778
07692		9.670351	0.080890	-1.567568	-0.002205	0.000553	-0.011583	-0.836670	0.141113	-0.277832	0.637594	-0.134763	-0.748961	-0.119875
07693		9.673870	0.064995	-1.552974	-0.003027	-0.001548	-0.009325	-0.830811	0.141113	-0.272949	0.637566	-0.134800	-0.748967	-0.119948
07694		9.672951	0.044696	-1.561729	0.001028	-0.000690	-0.007306	-0.833984	0.137207	-0.278564	0.637544	-0.134827	-0.748977	-0.119969
07695		9.659015	0.076889	-1.539182	0.008637	0.002720	-0.008481	-0.833984	0.140137	-0.267334	0.637588	-0.134722	-0.748969	-0.119903
07696		9.684652	0.099431	-1.550949	0.012162	0.002885	-0.009221	-0.833740	0.142334	-0.270752	0.637586	-0.134629	-0.748997	-0.119844
07697		9.669001	0.123265	-1.538523	0.010460	0.003072	-0.011654	-0.829102	0.135010	-0.276123	0.637593	-0.134554	-0.749007	-0.119832
07698		9.673086	0.124627	-1.546963	0.002614	0.000218	-0.010614	-0.832764	0.144043	-0.277344	0.637597	-0.134458	-0.749022	-0.119819
07699		9.658863	0.080876	-1.569406	0.000073	0.000209	-0.011791	-0.829834	0.144775	-0.270264	0.637590	-0.134487	-0.749010	-0.119905
07700		9.685714	0.095500	-1.547326	0.005858	0.003273	-0.009797	-0.829346	0.139648	-0.271973	0.637596	-0.134503	-0.748996	-0.119941
07701		9.664254	0.111875	-1.536522	0.010223	0.003635	-0.011794	-0.821289	0.143799	-0.271729	0.637621	-0.134397	-0.748998	-0.119912
07702		9.666636	0.104542	-1.555302	0.008492	0.001433	-0.011770	-0.832764	0.147461	-0.271484	0.637631	-0.134369	-0.748992	-0.119926
07703		9.677486	0.099857	-1.559749	0.007345	0.003221	-0.010201	-0.831055	0.144287	-0.279541	0.637637	-0.134407	-0.748973	-0.119974
07704		9.661388	0.118511	-1.579725	0.002926	-0.000435	-0.006990	-0.831055	0.141113	-0.277100	0.637645	-0.134471	-0.748950	-0.120002
07705		9.683277	0.111154	-1.557798	-0.001101	-0.000394	-0.007766	-0.831787	0.145508	-0.276367	0.637638	-0.134516	-0.748940	-0.120049
07706		9.655873	0.119424	-1.549580	0.000003	0.000150	-0.007644	-0.831787	0.135010	-0.271240	0.637630	-0.134612	-0.748918	-0.120121
07707		9.682248	0.116239	-1.503942	0.003030	0.003340	-0.009661	-0.824951	0.144775	-0.274658	0.637641	-0.134515	-0.748929	-0.120103
07708		9.686363	0.117336	-1.512241	-0.000882	0.000955	-0.008637	-0.831055	0.134766	-0.268066	0.637641	-0.134602	-0.748900	-0.120186
07709		9.671334	0.086309	-1.536667	0.004031	0.000112	-0.006869	-0.831055	0.146729	-0.277344	0.637616	-0.134526	-0.748944	-0.120130
07710		9.677726	0.076526	-1.564825	0.001272	0.000081	-0.003235	-0.824463	0.140869	-0.270508	0.637620	-0.134670	-0.748909	-0.120165
07711		9.678502	0.099551	-1.556335	0.003166	0.000341	-0.002915	-0.837158	0.145996	-0.279541	0.637617	-0.134724	-0.748907	-0.120132
07712		9.669463	0.116179	-1.540512	0.003434	0.002170	-0.005239	-0.836914	0.135010	-0.275879	0.637642	-0.134812	-0.748865	-0.120161
07713		9.680301	0.110274	-1.545175	0.009162	0.000619	-0.005972	-0.829834	0.146240	-0.281250	0.637656	-0.134698	-0.748892	-0.120048
07714		9.669190	0.113640	-1.571964	0.011946	0.001556	-0.008365	-0.836670	0.143066	-0.273193	0.637703	-0.134696	-0.748858	-0.120019
07715		9.670479	0.106558	-1.537732	0.009283	-0.000325	-0.007877	-0.825928	0.137939	-0.276611	0.637687	-0.134676	-0.748880	-0.119986
07716		9.676250	0.115618	-1.535972	0.009859	0.000854	-0.006573	-0.838135	0.146729	-0.274902	0.637719	-0.134600	-0.748881	-0.119895
07717		9.676899	0.098116	-1.565686	0.006190	0.000721	-0.005173	-0.830566	0.136719	-0.269531	0.637713	-0.134676	-0.748871	-0.119902
07718		9.673185	0.104867	-1.524680	0.002639	0.000975	-0.001734	-0.827148	0.136475	-0.270996	0.637707	-0.134680	-0.748887	-0.119829
07719		9.664716	0.102106	-1.539133	-0.000769	-0.001621	0.000810	-0.838623	0.140869	-0.267334	0.637686	-0.134738	-0.748905	-0.119763
07720		9.682234	0.088829	-1.540492	0.001845	-0.000219	0.001774	-0.833252	0.144775	-0.272461	0.637648	-0.134835	-0.748929	-0.119707
07721		9.697117	0.079826	-1.554254	0.003714	0.000468	0.004792	-0.839844	0.142822	-0.272217	0.637651	-0.134998	-0.748908	-0.119639
07722		9.668811	0.098608	-1.547915	0.011221	0.001604	0.002574	-0.826172	0.138672	-0.272949	0.637665	-0.135041	-0.748910	-0.119501
07723		9.664436	0.093937	-1.571038	0.006545	-0.000927	0.000707	-0.836426	0.145752	-0.270020	0.637671	-0.135059	-0.748921	-0.119379
07724		9.679598	0.090673	-1.553060	0.002661	-0.000930	-0.000727	-0.827393	0.143555	-0.276855	0.637636	-0.135184	-0.748931	-0.119368
07725		9.675733	0.055942	-1.550560	0.004917	0.000640	-0.001939	-0.830322	0.144043	-0.274414	0.637660	-0.135250	-0.748905	-0.119324
07726		9.656065	0.043097	-1.536236	0.009378	0.000489	-0.003143	-0.833008	0.143311	-0.278076	0.637675	-0.135272	-0.748900	-0.119251
07727		9.663562	0.060057	-1.523955	0.014775	0.000015	-0.004810	-0.836182	0.142822	-0.270996	0.637703	-0.135222	-0.748904	-0.119132
07728		9.676799	0.043963	-1.547740	0.015835	0.004371	-0.006707	-0.834717	0.138916	-0.273926	0.637738	-0.135130	-0.748908	-0.119022
07729		9.666848	0.073980	-1.533666	0.018493	0.001966	-0.003729	-0.831299	0.138672	-0.275879	0.637777	-0.134995	-0.748931	-0.118824
07730		9.677475	0.102803	-1.532138	0.014318	0.000564	-0.000137	-0.824463	0.141113	-0.278320	0.637813	-0.134930	-0.748942	-0.118632
07731		9.679835	0.091876	-1.551512	0.009853	-0.000760	0.004775	-0.833740	0.140869	-0.267822	0.637854	-0.134986	-0.748925	-0.118461
07732		9.677500	0.100579	-1.532127	0.005011	0.001461	0.002795	-0.833984	0.145508	-0.274902	0.637849	-0.135053	-0.748933	-0.118360
07733		9.669535	0.114268	-1.569790	0.003813	0.001433	0.001878	-0.825684	0.144531	-0.274170	0.637864	-0.135176	-0.748905	-0.118311
07734		9.662370	0.102459	-1.550022	-0.003744	-0.001519	0.001617	-0.833740	0.146973	-0.277344	0.637849	-0.135353	-0.748885	-0.118321
07735		9.675069	0.068130	-1.550897	-0.001104	-0.000546	-0.000121	-0.832764	0.143311	-0.276611	0.637844	-0.135512	-0.748858	-0.118337
07736		9.690662	0.082567	-1.556478	0.006333	-0.000798	-0.002130	-0.827637	0.140625	-0.268799	0.637849	-0.135541	-0.748860	-0.118265
07737		9.655813	0.073017	-1.560245	0.002907	0.002798	-0.004066	-0.835693	0.141602	-0.279297	0.637857	-0.135544	-0.748858	-0.118229
07738		9.663595	0.054317	-1.553738	-0.000692	0.001239	-0.003109	-0.833496	0.134277	-0.276611	0.637876	-0.135584	-0.748837	-0.118213
07739		9.692907	0.021315	-1.557713	0.000600	-0.002062	-0.001627	-0.825195	0.145264	-0.272949	0.637867	-0.135536	-0.748871	-0.118103
07740		9.671267	0.035197	-1.547943	0.008921	0.001039	0.001528	-0.836182	0.148193	-0.267578	0.637892	-0.135610	-0.748852	-0.118002
07741		9.669953	0.030747	-1.525997	0.012928	0.002910	0.001289	-0.827881	0.145996	-0.273438	0.637902	-0.135682	-0.748846	-0.117902
07742		9.670013	0.029930	-1.525629	0.009952	0.000199	0.001861	-0.834229	0.149170	-0.276123	0.637920	-0.135754	-0.748836	-0.117789
07743		9.676252	0.054037	-1.547388	0.011369	0.001575	0.001904	-0.831787	0.147217	-0.281738	0.637952	-0.135844	-0.748808	-0.117687
07744		9.673207	0.040674	-1.536069	0.010817	0.001302	0.001843	-0.836182	0.149170	-0.271729	0.638008	-0.135906	-0.748768	-0.117565
07745		9.680410	0.051181	-1.555694	0.009953	0.000200	0.001860	-0.837402	0.149902	-0.279541	0.638005	-0.136006	-0.748767	-0.117475
07746		9.671355	0.066323	-1.540002	0.009931	0.002103	0.000847	-0.830566	0.152588	-0.276123	0.638047	-0.136094	-0.748727	-0.117395
07747		9.669288	0.039713	-1.526375	0.004510	0.001668	0.001275	-0.830078	0.150146	-0.272949	0.638069	-0.136274	-0.748677	-0.117389
07748		9.670726	0.043186	-1.547605	0.002736	0.000456	-0.000942	-0.833496	0.152344	-0.276123	0.638065	-0.136413	-0.748655	-0.117392
07749		9.668311	0.012144	-1.566161	0.005232	0.001468	-0.002022	-0.832031	0.147217	-0.277832	0.638078	-0.136546	-0.748618	-0.117401
07750		9.675091	0.006535	-1.562040	0.006407	0.000588	-0.002347	-0.836426	0.144043	-0.274414	0.638097	-0.136597	-0.748600	-0.117351
07751		9.675891	0.028978	-1.553389	0.006454	0.002408	0.000135	-0.825684	0.145996	-0.279541	0.638122	-0.136615	-0.748592	-0.117249
07752		9.686148	0.040386	-1.527894	0.006071	0.003005	0.000656	-0.827148	0.148438	-0.271729	0.638183	-0.136681	-0.748539	-0.117172
07753		9.652137	0.052388	-1.522795	0.000170	0.003683	0.000809	-0.832520	0.150879	-0.282227	0.638208	-0.136817	-0.748494	-0.117165
07754		9.655535	0.029449	-1.539452	-0.007336	-0.000140	-0.004839	-0.831299	0.148682	-0.268799	0.638205	-0.137003	-0.748443	-0.117295
07755		9.671658	-0.026982	-1.556789	-0.000185	0.002501	-0.005304	-0.826172	0.150635	-0.270020	0.638194	-0.137073	-0.748434	-0.117331
07756		9.690097	-0.016984	-1.548624	0.009431	0.005121	-0.000442	-0.830566	0.142822	-0.272705	0.638240	-0.137142	-0.748392	-0.117265
07757		9.650123	0.023207	-1.538830	0.011109	0.004039	0.000750	-0.824219	0.150146	-0.274902	0.638292	-0.137096	-0.748383	-0.117093
07758		9.666088	0.001038	-1.549672	0.004799	0.001589	-0.000045	-0.832520	0.140869	-0.274902	0.638318	-0.137211	-0.748345	-0.117060
07759		9.687471	-0.018181	-1.591210	0.006409	0.000588	-0.002347	-0.819824	0.155518	-0.280518	0.638332	-0.137148	-0.748365	-0.116931
07760		9.680137	0.006918	-1.564810	0.012122	0.003757	-0.003868	-0.831787	0.142822	-0.268555	0.638405	-0.137248	-0.748286	-0.116919
07761		9.674802	0.005009	-1.533571	0.017835	0.004113	-0.005617	-0.828613	0.154785	-0.280762	0.638444	-0.137074	-0.748315	-0.116725
07762		9.668228	0.011660	-1.536402	0.016253	0.004680	-0.006015	-0.827148	0.152588	-0.272461	0.638518	-0.137100	-0.748253	-0.116683
07763		9.682551	-0.018079	-1.557452	0.013734	0.002756	-0.006175	-0.835205	0.151855	-0.277832	0.638545	-0.137106	-0.748237	-0.116634
07764		9.686076	0.000423	-1.535606	0.014621	0.004772	-0.004956	-0.834473	0.143799	-0.278320	0.638602	-0.137104	-0.748199	-0.116567
07765		9.673768	-0.000649	-1.539899	0.018607	0.005736	-0.006443	-0.837402	0.147949	-0.279541	0.638684	-0.136940	-0.748186	-0.116395
07766		9.669923	0.001025	-1.529617	0.014812	0.006557	-0.003140	-0.831787	0.148682	-0.278809	0.638766	-0.136896	-0.748142	-0.116277
07767		9.668194	0.028232	-1.532675	0.002280	0.005295	0.000240	-0.830322	0.148438	-0.267090	0.638824	-0.137000	-0.748077	-0.116255
07768		9.676794	0.031283	-1.517180	-0.007486	0.004051	-0.000021	-0.824463	0.148926	-0.275146	0.638816	-0.137152	-0.748049	-0.116301
07769		9.688746	0.010804	-1.518883	-0.002519	0.003702	0.000288	-0.830078	0.147949	-0.272461	0.638847	-0.137296	-0.747993	-0.116317
07770		9.671347	0.024233	-1.516809	0.001017	0.005339	-0.004172	-0.829102	0.142334	-0.280029	0.638879	-0.137338	-0.747959	-0.116320
07771		9.668902	0.030158	-1.528167	-0.008124	0.005755	-0.004594	-0.837402	0.149902	-0.272949	0.638930	-0.137381	-0.747900	-0.116364
07772		9.677752	-0.001728	-1.518811	-0.018209	0.002218	-0.001066	-0.824951	0.150391	-0.277344	0.638893	-0.137630	-0.747859	-0.116534
07773		9.674313	-0.071903	-1.521526	-0.011899	0.001861	-0.000499	-0.824951	0.149414	-0.270508	0.638896	-0.137857	-0.747797	-0.116651
07774		9.680450	-0.099667	-1.525335	0.006390	0.002493	-0.003362	-0.829346	0.153320	-0.274170	0.638909	-0.137883	-0.747788	-0.116602
07775		9.695451	-0.065967	-1.500205	0.021223	0.004339	-0.005701	-0.827148	0.155273	-0.273193	0.638965	-0.137820	-0.747772	-0.116477
07776		9.689574	-0.036681	-1.494760	0.030905	0.004752	-0.010176	-0.822998	0.161621	-0.269531	0.639032	-0.137668	-0.747767	-0.116318
07777		9.677703	-0.020001	-1.523002	0.037102	0.004002	-0.011653	-0.832764	0.152100	-0.280273	0.639085	-0.137547	-0.747765	-0.116180
07778		9.691006	0.005861	-1.508410	0.027192	0.002796	-0.011262	-0.835449	0.153320	-0.280518	0.639143	-0.137385	-0.747767	-0.116041
07779		9.673476	0.020610	-1.507096	0.020739	0.000377	-0.011393	-0.829102	0.147217	-0.274902	0.639163	-0.137296	-0.747777	-0.115975
07780		9.692072	-0.003862	-1.505671	0.023719	0.000282	-0.012202	-0.834473	0.150635	-0.284180	0.639183	-0.137076	-0.747826	-0.115810
07781		9.677512	-0.029508	-1.497711	0.022834	0.001078	-0.013204	-0.820312	0.145508	-0.272949	0.639224	-0.136932	-0.747830	-0.115725
07782		9.676204	0.022578	-1.493800	0.018971	0.001971	-0.013400	-0.837891	0.153564	-0.276855	0.639256	-0.136719	-0.747861	-0.115600
07783		9.669303	0.025478	-1.529271	0.009870	0.001387	-0.011560	-0.831543	0.158203	-0.279785	0.639250	-0.136714	-0.747861	-0.115639
07784		9.684895	-0.011293	-1.516403	0.001986	0.001753	-0.007564	-0.834473	0.148926	-0.281250	0.639250	-0.136898	-0.747804	-0.115786
07785		9.673453	-0.025375	-1.519457	0.000083	0.000028	-0.004158	-0.828369	0.146484	-0.281006	0.639247	-0.136997	-0.747783	-0.115822
07786		9.671021	-0.014296	-1.500096	0.007309	0.001260	-0.005078	-0.828613	0.149414	-0.277100	0.639277	-0.136995	-0.747766	-0.115773
07787		9.688210	0.010252	-1.495343	0.014095	-0.002468	-0.009408	-0.826660	0.146484	-0.279785	0.639262	-0.136929	-0.747801	-0.115706
07788		9.682842	0.021803	-1.521091	0.013623	0.000099	-0.013412	-0.829102	0.146729	-0.281494	0.639277	-0.136798	-0.747819	-0.115660
07789		9.671796	0.026438	-1.548074	0.011685	0.000813	-0.015990	-0.824951	0.141846	-0.281006	0.639294	-0.136668	-0.747828	-0.115664
07790		9.676510	-0.001699	-1.530756	0.010951	-0.001250	-0.017865	-0.830322	0.145996	-0.274170	0.639296	-0.136463	-0.747869	-0.115633
07791		9.680597	0.000903	-1.539624	0.008447	0.000547	-0.016565	-0.827637	0.147217	-0.278076	0.639282	-0.136317	-0.747906	-0.115641
07792		9.691420	-0.007993	-1.457006	-0.004336	-0.002466	-0.018482	-0.831055	0.145264	-0.276611	0.639227	-0.136300	-0.747930	-0.115809
07793		9.669351	0.005007	-1.480176	0.004578	-0.005109	-0.018424	-0.833496	0.145020	-0.276123	0.639157	-0.136181	-0.748003	-0.115864
07794		9.671081	-0.082918	-1.522176	0.013196	-0.002574	-0.011657	-0.833740	0.149170	-0.272949	0.639132	-0.136050	-0.748060	-0.115786
07795		9.679292	-0.083458	-1.539776	0.018745	0.002019	-0.008607	-0.827637	0.147461	-0.286377	0.639149	-0.135947	-0.748081	-0.115677
07796		9.678877	0.012033	-1.519881	0.019696	0.001162	-0.004109	-0.838867	0.150391	-0.278809	0.639214	-0.135910	-0.748053	-0.115545
07797		9.666674	0.075083	-1.479269	0.012450	0.003266	-0.007935	-0.835449	0.144531	-0.284424	0.639242	-0.135897	-0.748035	-0.115521
07798		9.671757	0.056576	-1.516920	-0.000246	0.002540	-0.008831	-0.827637	0.142578	-0.274414	0.639266	-0.135921	-0.748001	-0.115579
07799		9.656817	0.067324	-1.502927	-0.010824	0.000616	-0.010512	-0.831543	0.147461	-0.268555	0.639235	-0.135954	-0.748004	-0.115694
07800		9.665218	0.014917	-1.502233	-0.011779	0.000021	-0.011289	-0.833008	0.143555	-0.282227	0.639170	-0.136033	-0.748020	-0.115858
07801		9.675035	-0.034892	-1.523310	-0.009828	-0.001222	-0.003748	-0.828857	0.152344	-0.278076	0.639149	-0.136163	-0.748002	-0.115940
07802		9.688330	0.007244	-1.533915	-0.005494	-0.001849	0.000663	-0.829590	0.155273	-0.272705	0.639119	-0.136412	-0.747968	-0.116026
07803		9.672697	0.051836	-1.515119	-0.012522	-0.002671	-0.000535	-0.826904	0.151123	-0.278809	0.639049	-0.136723	-0.747944	-0.116200
07804		9.675302	-0.010386	-1.516899	-0.020196	-0.003255	-0.002593	-0.825195	0.143311	-0.276611	0.638983	-0.137042	-0.747906	-0.116434
07805		9.676060	-0.027634	-1.547406	-0.010430	-0.004241	-0.007525	-0.831299	0.151611	-0.276611	0.638923	-0.137114	-0.747931	-0.116518
07806		9.670493	-0.028023	-1.517444	0.004120	0.001476	-0.007120	-0.825928	0.149414	-0.281738	0.638926	-0.137178	-0.747910	-0.116561
07807		9.684904	0.001465	-1.525356	0.004373	-0.001893	-0.007194	-0.830078	0.156250	-0.278809	0.638920	-0.137240	-0.747898	-0.116592
07808		9.674254	0.027038	-1.544901	-0.001749	-0.002591	-0.006154	-0.838623	0.155762	-0.283203	0.638878	-0.137443	-0.747875	-0.116734
07809		9.677547	-0.000170	-1.594401	-0.003610	-0.003310	-0.009169	-0.829346	0.147217	-0.268066	0.638824	-0.137642	-0.747855	-0.116928
07810		9.679770	-0.019397	-1.558769	-0.005813	-0.004416	-0.009401	-0.833740	0.153076	-0.275635	0.638739	-0.137654	-0.747917	-0.116976
07811		9.675230	-0.032495	-1.527009	-0.001226	-0.002688	-0.012302	-0.830566	0.144531	-0.276855	0.638681	-0.137729	-0.747932	-0.117111
07812		9.678795	-0.053287	-1.544233	0.005221	-0.000239	-0.012188	-0.831299	0.157227	-0.273438	0.638674	-0.137636	-0.747957	-0.117102
07813		9.674700	-0.049689	-1.535498	0.014773	-0.000287	-0.011059	-0.832764	0.143799	-0.281006	0.638660	-0.137643	-0.747964	-0.117120
07814		9.693670	0.001187	-1.543957	0.019631	0.001264	-0.007616	-0.833496	0.146729	-0.277832	0.638707	-0.137491	-0.747978	-0.116956
07815		9.672698	0.055951	-1.549662	0.020929	0.002249	-0.009629	-0.835205	0.140625	-0.281006	0.638749	-0.137333	-0.747993	-0.116814
07816		9.684148	0.073536	-1.545846	0.007103	0.002847	-0.011667	-0.834961	0.145020	-0.279053	0.638783	-0.137197	-0.747996	-0.116769
07817		9.676668	0.042398	-1.533469	-0.006484	0.001436	-0.009835	-0.826904	0.145996	-0.275879	0.638773	-0.137242	-0.747980	-0.116874
07818		9.691427	0.019923	-1.522964	-0.009626	0.000646	-0.009603	-0.834961	0.145264	-0.280518	0.638751	-0.137318	-0.747965	-0.117003
07819		9.676011	0.007722	-1.517103	-0.000997	0.001841	-0.006771	-0.840332	0.146484	-0.282715	0.638762	-0.137357	-0.747942	-0.117041
07820		9.685849	0.016119	-1.523900	-0.001952	0.001244	-0.007548	-0.834961	0.147705	-0.271240	0.638763	-0.137422	-0.747918	-0.117114
07821		9.672255	0.029652	-1.531662	-0.006195	-0.000102	-0.007431	-0.829590	0.152588	-0.278809	0.638721	-0.137485	-0.747931	-0.117189
07822		9.686549	-0.015944	-1.529575	-0.008785	-0.000615	-0.007141	-0.824707	0.146729	-0.276123	0.638689	-0.137679	-0.747894	-0.117368
07823		9.665863	-0.013574	-1.517571	-0.001563	0.000650	-0.008070	-0.821777	0.147461	-0.275879	0.638687	-0.137713	-0.747882	-0.117416
07824		9.682519	-0.010495	-1.520354	0.004123	0.002940	-0.010859	-0.823975	0.149902	-0.278809	0.638713	-0.137683	-0.747861	-0.117443
07825		9.675779	-0.002235	-1.523870	0.006732	0.000641	-0.011363	-0.827148	0.144531	-0.280518	0.638724	-0.137677	-0.747846	-0.117484
07826		9.681079	-0.013962	-1.530027	0.009166	0.001738	-0.015963	-0.836426	0.150635	-0.279297	0.638748	-0.137542	-0.747849	-0.117491
07827		9.675854	0.004042	-1.523391	0.011886	-0.000157	-0.014426	-0.831299	0.145264	-0.281494	0.638741	-0.137476	-0.747864	-0.117517
07828		9.677045	-0.006374	-1.520822	0.012404	0.002021	-0.015398	-0.837158	0.145020	-0.276855	0.638770	-0.137338	-0.747866	-0.117506
07829		9.675576	-0.012476	-1.530726	0.009632	0.001992	-0.011743	-0.833496	0.149170	-0.270752	0.638782	-0.137229	-0.747882	-0.117471
07830		9.674452	0.003508	-1.532828	0.009812	0.000052	-0.011378	-0.836670	0.151123	-0.278564	0.638761	-0.137152	-0.747917	-0.117447
07831		9.684018	-0.004585	-1.515907	0.011623	0.001762	-0.010630	-0.829102	0.143066	-0.278076	0.638774	-0.137130	-0.747909	-0.117455
07832		9.677500	0.020177	-1.543259	0.014068	0.002322	-0.010261	-0.834229	0.145020	-0.278564	0.638812	-0.136986	-0.747918	-0.117355
07833		9.672265	0.037280	-1.536472	0.009070	0.000798	-0.013046	-0.830322	0.151855	-0.280029	0.638816	-0.136886	-0.747935	-0.117344
07834		9.672586	0.062872	-1.528569	-0.000058	-0.001678	-0.013667	-0.827393	0.149170	-0.278564	0.638782	-0.136958	-0.747927	-0.117496
07835		9.670426	0.017862	-1.523415	-0.001499	-0.001169	-0.014727	-0.830078	0.140381	-0.274658	0.638750	-0.136990	-0.747925	-0.117639
07836		9.676884	-0.006450	-1.527663	-0.003439	-0.000469	-0.017311	-0.826904	0.146973	-0.277588	0.638716	-0.136876	-0.747964	-0.117716
07837		9.681818	-0.050836	-1.486235	0.012983	0.000951	-0.019304	-0.826660	0.153809	-0.272949	0.638723	-0.136717	-0.747983	-0.117739
07838		9.675093	-0.029684	-1.545801	0.023773	0.000543	-0.019968	-0.836182	0.148438	-0.267578	0.638726	-0.136536	-0.748017	-0.117721
07839		9.682614	0.013522	-1.525425	0.022504	0.002843	-0.019216	-0.831055	0.153076	-0.273682	0.638731	-0.136269	-0.748074	-0.117636
07840		9.662593	0.062485	-1.496839	0.016640	0.002479	-0.016789	-0.834473	0.138184	-0.281006	0.638741	-0.136173	-0.748079	-0.117665
07841		9.661412	0.079273	-1.498826	0.008428	0.001038	-0.013923	-0.834473	0.143799	-0.277100	0.638756	-0.136013	-0.748102	-0.117623
07842		9.677632	0.060852	-1.510392	-0.003801	-0.004156	-0.013268	-0.823242	0.145508	-0.281250	0.638687	-0.136021	-0.748143	-0.117725
07843		9.686750	0.031393	-1.502735	-0.004106	-0.004988	-0.013184	-0.837646	0.140381	-0.275879	0.638632	-0.136083	-0.748157	-0.117864
07844		9.672916	0.045792	-1.511486	0.006522	-0.001610	-0.011739	-0.823242	0.150879	-0.272217	0.638604	-0.135970	-0.748207	-0.117825
07845		9.671649	0.062528	-1.513949	0.009712	0.001114	-0.017186	-0.830078	0.144775	-0.279297	0.638597	-0.135905	-0.748214	-0.117899
07846		9.678563	0.077732	-1.534181	0.002265	-0.003359	-0.017838	-0.825439	0.142334	-0.270508	0.638548	-0.135854	-0.748247	-0.118007
07847		9.661819	0.081393	-1.531775	-0.007142	-0.003410	-0.019627	-0.827637	0.143311	-0.276367	0.638469	-0.135789	-0.748303	-0.118159
07848		9.669288	0.022275	-1.542358	-0.013125	-0.005106	-0.020480	-0.831787	0.145752	-0.286377	0.638372	-0.135812	-0.748342	-0.118408
07849		9.675783	-0.000594	-1.547260	-0.005993	-0.002376	-0.020988	-0.833496	0.144775	-0.276123	0.638329	-0.135848	-0.748332	-0.118662
07850		9.681239	-0.004450	-1.522039	0.003424	0.000051	-0.021704	-0.820557	0.143066	-0.278564	0.638298	-0.135740	-0.748358	-0.118792
07851		9.667508	0.011606	-1.529934	0.016217	0.000368	-0.020016	-0.823486	0.143311	-0.278564	0.638316	-0.135542	-0.748379	-0.118783
07852		9.684117	0.016389	-1.532906	0.013352	0.001757	-0.015916	-0.833008	0.137451	-0.280029	0.638345	-0.135410	-0.748380	-0.118776
07853		9.674622	0.035379	-1.517492	0.015836	0.000432	-0.014517	-0.833252	0.146484	-0.277344	0.638365	-0.135204	-0.748415	-0.118681
07854		9.676302	0.086563	-1.523097	0.014297	-0.000004	-0.012642	-0.835205	0.143311	-0.272705	0.638366	-0.135134	-0.748429	-0.118668
07855		9.674962	0.102719	-1.525594	0.007529	-0.000523	-0.012449	-0.828613	0.144287	-0.288086	0.638341	-0.135059	-0.748464	-0.118667
07856		9.676162	0.092049	-1.523668	-0.007310	-0.003470	-0.011281	-0.824463	0.147705	-0.281494	0.638306	-0.135207	-0.748436	-0.118861
07857		9.678679	0.085632	-1.543509	-0.002944	-0.002520	-0.018301	-0.824951	0.142090	-0.271729	0.638263	-0.135268	-0.748426	-0.119081
07858		9.675806	0.078063	-1.532499	0.008607	0.001111	-0.022315	-0.831787	0.149170	-0.271484	0.638252	-0.135071	-0.748463	-0.119133
07859		9.655086	0.083621	-1.520398	0.007004	-0.000180	-0.025199	-0.837158	0.140137	-0.277588	0.638206	-0.134955	-0.748497	-0.119297
07860		9.661890	0.083394	-1.516667	-0.000704	-0.001843	-0.020795	-0.829834	0.142090	-0.280029	0.638154	-0.134866	-0.748536	-0.119436
07861		9.682382	0.065211	-1.537020	0.001100	-0.001570	-0.016303	-0.828369	0.145264	-0.272705	0.638125	-0.134847	-0.748545	-0.119555
07862		9.685084	0.064121	-1.524587	0.005091	-0.001085	-0.012827	-0.829590	0.145508	-0.282227	0.638096	-0.134829	-0.748564	-0.119609
07863		9.667153	0.102106	-1.516287	0.005184	-0.002513	-0.013264	-0.827637	0.142334	-0.277832	0.638072	-0.134868	-0.748561	-0.119713
07864		9.658649	0.118165	-1.555413	-0.001728	-0.004452	-0.008655	-0.827393	0.142822	-0.273438	0.638020	-0.134944	-0.748579	-0.119789
07865		9.679117	0.081153	-1.552281	-0.004862	-0.002904	-0.010922	-0.835693	0.142822	-0.274658	0.637966	-0.135001	-0.748598	-0.119897
07866		9.677662	0.097802	-1.555111	-0.000533	-0.000581	-0.013994	-0.834473	0.137939	-0.269287	0.637929	-0.134997	-0.748613	-0.120001
07867		9.667981	0.117268	-1.540192	0.001650	-0.001284	-0.016255	-0.830322	0.137939	-0.278809	0.637883	-0.134862	-0.748673	-0.120025
07868		9.689879	0.084908	-1.558163	-0.000838	-0.002332	-0.015152	-0.832520	0.147217	-0.276611	0.637848	-0.134819	-0.748697	-0.120112
07869		9.674528	0.073786	-1.553336	-0.001486	-0.004470	-0.013509	-0.832275	0.137451	-0.277100	0.637777	-0.134909	-0.748715	-0.120273
07870		9.672967	0.067952	-1.564453	0.000612	-0.001911	-0.012850	-0.838867	0.140625	-0.280762	0.637746	-0.134863	-0.748742	-0.120319
07871		9.693675	0.077149	-1.544810	0.003195	0.000079	-0.016900	-0.829834	0.142578	-0.276123	0.637729	-0.134818	-0.748747	-0.120429
07872		9.675770	0.099046	-1.512120	0.005188	-0.000134	-0.015784	-0.835205	0.145996	-0.277344	0.637714	-0.134769	-0.748757	-0.120507
07873		9.670100	0.088962	-1.545745	0.007028	-0.001222	-0.015246	-0.831543	0.139160	-0.274170	0.637685	-0.134764	-0.748766	-0.120605
07874		9.679725	0.082191	-1.529440	0.004542	-0.002272	-0.014142	-0.832275	0.138916	-0.278076	0.637649	-0.134686	-0.748807	-0.120631
07875		9.680953	0.088516	-1.551370	0.011314	-0.000809	-0.013100	-0.833252	0.144531	-0.274902	0.637646	-0.134586	-0.748831	-0.120609
07876		9.683650	0.126223	-1.554454	0.014552	0.002789	-0.013804	-0.834473	0.144043	-0.278809	0.637669	-0.134501	-0.748827	-0.120608
07877		9.667125	0.128005	-1.550742	0.006142	0.001391	-0.013773	-0.835693	0.142822	-0.275635	0.637670	-0.134505	-0.748810	-0.120702
07878		9.685060	0.118806	-1.551586	-0.003015	-0.001638	-0.012901	-0.833008	0.139648	-0.268311	0.637622	-0.134561	-0.748818	-0.120840
07879		9.656045	0.096402	-1.561876	0.000662	0.000922	-0.016844	-0.832031	0.140381	-0.272217	0.637593	-0.134458	-0.748852	-0.120905
07880		9.694741	0.093487	-1.542899	0.006338	-0.001460	-0.014647	-0.843506	0.141846	-0.275635	0.637560	-0.134373	-0.748890	-0.120929
07881		9.668508	0.089184	-1.532526	0.009319	0.000859	-0.017982	-0.826904	0.141602	-0.277344	0.637542	-0.134272	-0.748914	-0.120994
07882		9.675315	0.132326	-1.512488	0.015495	0.001579	-0.015525	-0.832275	0.139893	-0.271484	0.637566	-0.134155	-0.748916	-0.120988
07883		9.665519	0.139743	-1.560694	0.006442	0.002231	-0.013870	-0.825439	0.142822	-0.281006	0.637568	-0.134066	-0.748926	-0.121007
07884		9.658928	0.092321	-1.524467	-0.001767	-0.001117	-0.013462	-0.829834	0.144043	-0.265869	0.637547	-0.134153	-0.748901	-0.121178
07885		9.683647	0.094439	-1.545626	0.000623	-0.001916	-0.012867	-0.831055	0.135254	-0.279785	0.637490	-0.134142	-0.748940	-0.121244
07886		9.680677	0.124703	-1.550603	0.010769	0.001290	-0.015686	-0.827881	0.135010	-0.276611	0.637510	-0.134004	-0.748950	-0.121240
07887		9.686167	0.136295	-1.548705	0.014497	0.001959	-0.018596	-0.832764	0.134766	-0.275879	0.637535	-0.133785	-0.748973	-0.121205
07888		9.668244	0.130149	-1.555515	0.016934	0.000714	-0.020722	-0.838379	0.139893	-0.274170	0.637542	-0.133525	-0.749021	-0.121160
07889		9.647031	0.197129	-1.551815	0.002945	-0.000681	-0.024566	-0.832520	0.135742	-0.274902	0.637492	-0.133401	-0.749060	-0.121320
07890		9.668991	0.189767	-1.561924	-0.012277	-0.004056	-0.024095	-0.834717	0.136963	-0.278320	0.637397	-0.133364	-0.749105	-0.121579
07891		9.669668	0.094644	-1.538129	-0.021682	-0.001442	-0.022148	-0.831299	0.145264	-0.274414	0.637317	-0.133457	-0.749096	-0.121948
07892		9.679955	0.027887	-1.513268	-0.008138	0.000087	-0.016310	-0.837646	0.138428	-0.278320	0.637270	-0.133576	-0.749072	-0.122209
07893		9.675884	0.032727	-1.504039	0.006489	0.003637	-0.014118	-0.830566	0.139893	-0.283936	0.637292	-0.133534	-0.749050	-0.122277
07894		9.687830	0.100312	-1.505851	0.015842	0.003846	-0.015868	-0.833252	0.127197	-0.280029	0.637344	-0.133457	-0.749012	-0.122319
07895		9.668324	0.123590	-1.538443	0.020071	0.004339	-0.017251	-0.839111	0.134521	-0.279541	0.637409	-0.133153	-0.749032	-0.122189
07896		9.668194	0.144276	-1.561494	0.018127	0.004095	-0.021096	-0.841797	0.134277	-0.277588	0.637447	-0.132920	-0.749043	-0.122179
07897		9.668270	0.148332	-1.560645	0.015745	0.003442	-0.017934	-0.830322	0.133301	-0.264893	0.637473	-0.132725	-0.749060	-0.122156
07898		9.689056	0.163920	-1.508056	0.013205	0.004275	-0.017869	-0.831299	0.137207	-0.272949	0.637494	-0.132455	-0.749103	-0.122071
07899		9.693504	0.144103	-1.523815	0.012513	0.003113	-0.018505	-0.833008	0.138184	-0.278076	0.637510	-0.132291	-0.749116	-0.122086
07900		9.673876	0.173953	-1.524990	0.016300	0.001897	-0.020378	-0.834717	0.133057	-0.278564	0.637524	-0.132126	-0.749128	-0.122116
07901		9.676709	0.167924	-1.543692	0.026306	0.001901	-0.021272	-0.833008	0.131836	-0.271240	0.637557	-0.131819	-0.749170	-0.122018
07902		9.672569	0.172771	-1.534509	0.024617	0.002412	-0.017477	-0.831299	0.137451	-0.281250	0.637587	-0.131506	-0.749226	-0.121858
07903		9.678283	0.166323	-1.508545	0.019801	0.001555	-0.008418	-0.837158	0.128906	-0.276855	0.637629	-0.131446	-0.749214	-0.121777
07904		9.679347	0.192668	-1.521888	0.018606	0.002806	-0.001841	-0.825684	0.134521	-0.273193	0.637684	-0.131332	-0.749222	-0.121558
07905		9.692794	0.221254	-1.529865	0.016474	0.000285	-0.006026	-0.825684	0.137451	-0.269531	0.637706	-0.131241	-0.749243	-0.121417
07906		9.663214	0.257833	-1.548638	0.005925	-0.000931	-0.006432	-0.837158	0.130615	-0.277588	0.637689	-0.131248	-0.749261	-0.121387
07907		9.660546	0.241341	-1.569647	-0.003926	-0.002823	-0.008692	-0.835205	0.134766	-0.275879	0.637643	-0.131282	-0.749285	-0.121445
07908		9.675224	0.170443	-1.553989	-0.010135	-0.005490	-0.005899	-0.831787	0.138428	-0.274414	0.637562	-0.131435	-0.749308	-0.121564
07909		9.673717	0.169218	-1.533574	-0.001131	-0.004199	-0.008618	-0.828613	0.127930	-0.274170	0.637501	-0.131522	-0.749330	-0.121648
07910		9.681900	0.174729	-1.519589	0.011983	0.001782	-0.008560	-0.835938	0.133301	-0.284424	0.637532	-0.131371	-0.749352	-0.121519
07911		9.679316	0.163501	-1.508357	0.010163	-0.001866	-0.004050	-0.830811	0.135010	-0.279297	0.637538	-0.131399	-0.749350	-0.121464
07912		9.656951	0.171098	-1.531354	-0.002671	-0.003332	0.000777	-0.834473	0.134033	-0.280762	0.637511	-0.131571	-0.749340	-0.121481
07913		9.662488	0.155771	-1.538869	-0.014544	-0.007461	0.007663	-0.831299	0.134033	-0.276367	0.637437	-0.131903	-0.749335	-0.121544
07914		9.679150	0.133144	-1.551225	-0.007690	-0.004093	0.006978	-0.834717	0.139648	-0.270752	0.637399	-0.132142	-0.749327	-0.121530
07915		9.689910	0.148044	-1.548725	0.008865	-0.000109	0.001718	-0.835449	0.136230	-0.275146	0.637400	-0.132225	-0.749328	-0.121431
07916		9.670230	0.172940	-1.550392	0.015278	0.001543	0.000546	-0.825684	0.130371	-0.262939	0.637436	-0.132225	-0.749323	-0.121273
07917		9.675918	0.157607	-1.556910	0.002011	-0.003475	0.002402	-0.832520	0.141602	-0.278809	0.637399	-0.132222	-0.749383	-0.121100
07918		9.677961	0.103892	-1.539035	-0.004303	-0.004714	0.005629	-0.829590	0.136475	-0.281250	0.637357	-0.132510	-0.749362	-0.121136
07919		9.672979	0.037074	-1.620726	0.011079	-0.003680	0.006984	-0.834717	0.142090	-0.277344	0.637366	-0.132636	-0.749357	-0.120979
07920		9.669195	0.118029	-1.547142	0.022076	-0.000344	0.014121	-0.833008	0.134766	-0.274902	0.637417	-0.132780	-0.749334	-0.120701
07921		9.666466	0.212766	-1.550891	0.002709	-0.001906	0.009287	-0.831543	0.141602	-0.274658	0.637417	-0.132934	-0.749329	-0.120558
07922		9.675021	0.192395	-1.544557	-0.011149	-0.000128	0.003515	-0.834473	0.139404	-0.280762	0.637398	-0.133215	-0.749280	-0.120651
07923		9.660376	0.148992	-1.577932	-0.019381	0.003044	0.001383	-0.831055	0.134521	-0.273926	0.637402	-0.133542	-0.749186	-0.120852
07924		9.681634	0.110468	-1.573522	-0.026822	-0.002911	0.001004	-0.830566	0.146484	-0.270996	0.637334	-0.133835	-0.749163	-0.121034
07925		9.652853	0.090873	-1.552360	-0.026672	-0.002951	0.000332	-0.832764	0.135986	-0.276367	0.637249	-0.134238	-0.749118	-0.121310
07926		9.684908	0.068158	-1.545309	-0.017722	0.000627	0.002821	-0.833008	0.139893	-0.272461	0.637234	-0.134494	-0.749068	-0.121418
07927		9.675635	0.032622	-1.577531	-0.017221	0.000448	0.004351	-0.826904	0.141113	-0.270996	0.637210	-0.134779	-0.749020	-0.121522
07928		9.693496	0.048505	-1.538629	-0.000194	-0.000426	0.002145	-0.835205	0.145264	-0.276367	0.637206	-0.134911	-0.749006	-0.121481
07929		9.684697	0.089550	-1.537185	0.014479	0.001792	0.000353	-0.835938	0.139404	-0.274902	0.637242	-0.134980	-0.748979	-0.121384
07930		9.674914	0.098627	-1.553633	0.010103	0.001335	0.002404	-0.828613	0.142578	-0.272949	0.637272	-0.135028	-0.748966	-0.121250
07931		9.654506	0.068949	-1.581181	0.013298	-0.000635	0.001954	-0.830811	0.141602	-0.271973	0.637289	-0.135070	-0.748968	-0.121101
07932		9.662509	0.094378	-1.559211	0.021207	0.000076	-0.000874	-0.826416	0.141357	-0.266602	0.637319	-0.135005	-0.748989	-0.120887
07933		9.683757	0.171207	-1.537144	0.017054	0.004712	-0.002485	-0.835205	0.140381	-0.277832	0.637379	-0.134917	-0.748984	-0.120702
07934		9.671015	0.213989	-1.525785	-0.009288	0.006746	0.001254	-0.834229	0.141357	-0.282471	0.637430	-0.135121	-0.748890	-0.120786
07935		9.662716	0.116972	-1.548467	-0.033758	0.001668	0.003080	-0.833008	0.140869	-0.275146	0.637403	-0.135576	-0.748779	-0.121103
07936		9.672783	0.072794	-1.603291	-0.036019	-0.003692	0.007092	-0.833984	0.144531	-0.275146	0.637317	-0.136046	-0.748726	-0.121357
07937		9.677634	0.131469	-1.554674	-0.037423	0.000020	0.008272	-0.824707	0.145996	-0.272949	0.637262	-0.136568	-0.748631	-0.121650
07938		9.675438	0.102316	-1.518712	-0.045455	0.004551	0.005227	-0.830566	0.142578	-0.275391	0.637235	-0.137116	-0.748488	-0.122046
07939		9.672239	0.030051	-1.564285	-0.039573	0.003549	0.006520	-0.839355	0.148438	-0.280762	0.637214	-0.137599	-0.748368	-0.122352
07940		9.673678	0.033128	-1.584911	-0.024841	0.003866	0.005782	-0.829590	0.144043	-0.276123	0.637214	-0.138048	-0.748244	-0.122603
07941		9.677700	0.066079	-1.521252	-0.026430	0.002561	0.002888	-0.833008	0.142822	-0.282959	0.637202	-0.138402	-0.748154	-0.122819
07942		9.682238	0.049063	-1.505095	-0.023807	0.005041	-0.002655	-0.833008	0.148926	-0.274658	0.637217	-0.138703	-0.748042	-0.123083
07943		9.667723	0.001769	-1.569647	-0.005206	0.006912	-0.005708	-0.829346	0.145508	-0.278320	0.637259	-0.138839	-0.747960	-0.123207
07944		9.669328	0.012205	-1.557360	0.004837	0.009213	-0.005570	-0.833740	0.146973	-0.276123	0.637353	-0.138875	-0.747871	-0.123227
07945		9.665210	0.042891	-1.506851	0.004795	0.006910	-0.006586	-0.825684	0.149414	-0.264160	0.637414	-0.138907	-0.747809	-0.123251
07946		9.680493	0.052935	-1.542682	0.003902	0.007148	-0.002586	-0.830078	0.149414	-0.269531	0.637469	-0.138931	-0.747766	-0.123201
07947		9.674062	0.036532	-1.552835	0.006239	0.007339	-0.004275	-0.834961	0.150391	-0.279053	0.637531	-0.138955	-0.747713	-0.123175
07948		9.690548	0.067186	-1.514692	0.012464	0.005805	-0.007020	-0.829102	0.145508	-0.283936	0.637593	-0.138974	-0.747656	-0.123172
07949		9.676790	0.079783	-1.521302	0.019430	0.005907	-0.010608	-0.825928	0.147461	-0.273438	0.637681	-0.138880	-0.747608	-0.123115
07950		9.674220	0.086341	-1.532299	0.019715	0.009113	-0.013220	-0.834961	0.139160	-0.265625	0.637780	-0.138707	-0.747568	-0.123037
07951		9.678695	0.087701	-1.538895	0.011057	0.009132	-0.012092	-0.828857	0.145264	-0.278320	0.637854	-0.138472	-0.747570	-0.122912
07952		9.679197	0.072953	-1.513149	0.007889	0.005451	-0.007852	-0.834473	0.156250	-0.280029	0.637912	-0.138458	-0.747524	-0.122905
07953		9.683598	0.073369	-1.520276	0.014994	0.008266	-0.008372	-0.835449	0.151367	-0.268555	0.637994	-0.138511	-0.747437	-0.122949
07954		9.683864	0.074544	-1.518523	0.014754	0.006450	-0.005996	-0.837402	0.140381	-0.276611	0.638049	-0.138463	-0.747413	-0.122863
07955		9.674098	0.102185	-1.557502	0.008471	0.008960	-0.005544	-0.837646	0.141602	-0.284424	0.638137	-0.138395	-0.747363	-0.122787
07956		9.680051	0.094634	-1.529932	0.006587	0.007731	-0.007102	-0.819092	0.141113	-0.278320	0.638218	-0.138394	-0.747293	-0.122794
07957		9.688863	0.077028	-1.521776	0.007341	0.006082	-0.006668	-0.830566	0.149414	-0.281494	0.638296	-0.138340	-0.747245	-0.122739
07958		9.687512	0.092041	-1.522709	0.009429	0.006823	-0.008503	-0.833252	0.150146	-0.274658	0.638365	-0.138367	-0.747175	-0.122777
07959		9.679445	0.096097	-1.503365	0.011663	0.008443	-0.009760	-0.831787	0.151123	-0.279541	0.638439	-0.138326	-0.747120	-0.122773
07960		9.680059	0.075345	-1.509398	0.010378	0.006522	-0.008972	-0.830566	0.143799	-0.272705	0.638500	-0.138348	-0.747058	-0.122810
07961		9.673709	0.060169	-1.519390	0.010069	0.008968	-0.010166	-0.831787	0.146729	-0.273438	0.638580	-0.138227	-0.747021	-0.122753
07962		9.684149	0.029210	-1.508584	0.013665	0.005885	-0.006114	-0.829590	0.138184	-0.273438	0.638641	-0.138160	-0.746997	-0.122658
07963		9.688593	0.029468	-1.515585	0.025206	0.008724	-0.011407	-0.827148	0.144043	-0.279541	0.638750	-0.137851	-0.746999	-0.122423
07964		9.684344	0.054938	-1.497025	0.031136	0.008200	-0.011576	-0.831299	0.148438	-0.287109	0.638869	-0.137599	-0.746977	-0.122223
07965		9.667718	0.077649	-1.483945	0.034264	0.009973	-0.010586	-0.826172	0.146240	-0.285889	0.639013	-0.137425	-0.746911	-0.122070
07966		9.676179	0.093531	-1.523342	0.032384	0.008741	-0.012148	-0.826904	0.144775	-0.277344	0.639145	-0.137224	-0.746860	-0.121921
07967		9.676441	0.095548	-1.521552	0.026028	0.006628	-0.013719	-0.831299	0.145264	-0.284424	0.639231	-0.136990	-0.746852	-0.121776
